(4)	v24
(0)	v25
(2)	v28
(3)	- (2)(0)
(6)	v18
(7)	+ (3)(6)
(8)	v7
(9)	+ (7)(8)
(16)	- (9)(4)
(19)	v20
(34)	+ (19)(16)
(47)	v17
(57)	+ (47)(34)
(35)	-0.6678345593070318
(25)	cos(7)
(30)	-6.333063168994414
(48)	+ (30)(25)
(5)	+ (4)(4)
(12)	v16
(22)	- (5)(12)
(24)	abs(22)
(53)	+ (30)(24)
(54)	/ (53)(48)
(87)	- (35)(54)
(93)	-4.829821376625404
(1)	v3
(13)	v12
(31)	* (13)(1)
(58)	sin(31)
(73)	abs(58)
(39)	v3
(40)	/ (39)(22)
(60)	cos(40)
(67)	+ (39)(60)
(91)	abs(67)
(96)	cos(91)
(97)	+ (73)(96)
(102)	- (93)(97)
(108)	/ (87)(102)
(113)	tan(108)
(139)	* (57)(113)
