(42)	-2.9210717350500985
(18)	v28
(21)	v7
(25)	+ (21)(18)
(1)	v17
(3)	3.4125773264302453
(7)	v6
(8)	-4.7350460796275495
(10)	- (8)(7)
(11)	- (10)(3)
(14)	+ (11)(1)
(26)	2.2807432753613277
(28)	/ (26)(14)
(50)	- (28)(25)
(52)	/ (50)(42)
(12)	v23
(15)	cos(12)
(16)	v8
(32)	sin(16)
(40)	/ (32)(15)
(87)	cos(40)
(99)	cos(87)
(23)	v25
(29)	/ (23)(10)
(30)	5.045489364886784
(0)	v20
(2)	+ (0)(1)
(9)	v18
(13)	+ (9)(2)
(31)	v24
(43)	- (31)(13)
(56)	/ (43)(30)
(72)	- (29)(56)
(77)	sin(72)
(4)	v0
(5)	- (0)(1)
(19)	* (5)(4)
(44)	sin(19)
(22)	v4
(78)	/ (22)(3)
(82)	* (78)(44)
(131)	- (82)(77)
(137)	/ (131)(99)
(139)	- (52)(137)
