(49)	14.232007728711139
(61)	tan(49)
(76)	tan(61)
(84)	cos(76)
(0)	v27
(1)	v26
(2)	- (0)(1)
(13)	v3
(17)	* (13)(2)
(32)	- (0)(17)
(3)	v5
(5)	+ (3)(0)
(7)	e(5)
(18)	e(7)
(4)	v20
(6)	e(4)
(19)	- (13)(6)
(45)	/ (19)(18)
(70)	- (32)(45)
(29)	v7
(12)	5.901074922471565
(16)	tan(12)
(28)	v12
(30)	/ (28)(16)
(58)	- (30)(29)
(38)	v12
(39)	+ (38)(1)
(14)	v17
(10)	- (2)(1)
(11)	- (10)(1)
(15)	e(7)
(26)	- (11)(15)
(22)	v13
(27)	-13.460942133222083
(36)	tan(27)
(44)	* (36)(22)
(51)	+ (1)(44)
(52)	/ (51)(26)
(54)	- (14)(52)
(73)	- (54)(39)
(78)	- (58)(73)
(89)	- (78)(70)
(9)	abs(5)
(21)	- (9)(3)
(24)	cos(18)
(57)	+ (16)(24)
(105)	* (57)(21)
(112)	abs(105)
(125)	+ (112)(89)
(139)	* (84)(125)
