(12)	-5.254294387990107
(29)	cos(12)
(2)	v17
(1)	v27
(6)	v26
(7)	- (1)(6)
(40)	+ (2)(7)
(59)	* (40)(29)
(3)	* (1)(1)
(5)	cos(3)
(20)	7.552125232210546
(25)	+ (20)(5)
(0)	v28
(4)	* (0)(0)
(15)	12.483017346378524
(24)	- (15)(4)
(26)	v7
(37)	+ (26)(24)
(22)	v25
(38)	v8
(43)	- (38)(22)
(52)	* (43)(37)
(9)	sin(0)
(10)	cos(7)
(17)	+ (10)(9)
(19)	* (17)(12)
(13)	e(5)
(16)	abs(13)
(18)	tan(16)
(14)	- (5)(4)
(30)	+ (2)(14)
(35)	+ (30)(18)
(39)	/ (35)(19)
(8)	-4.240834895453451
(21)	+ (3)(19)
(27)	tan(20)
(41)	* (27)(21)
(44)	+ (41)(5)
(48)	- (8)(44)
(54)	+ (48)(39)
(67)	+ (54)(52)
(71)	- (67)(25)
(87)	-0.01744877154905211
(114)	* (71)(87)
(139)	- (59)(114)
