(2)	v9
(14)	v14
(43)	- (14)(2)
(51)	cos(43)
(68)	sin(51)
(76)	cos(68)
(5)	v12
(23)	v25
(27)	- (23)(5)
(12)	v28
(13)	sin(12)
(17)	sin(13)
(19)	e(17)
(0)	v17
(3)	sin(0)
(4)	+ (3)(3)
(30)	3.655682653379934
(50)	- (4)(30)
(92)	* (50)(19)
(93)	/ (27)(92)
(1)	v25
(7)	* (1)(3)
(16)	* (2)(7)
(26)	cos(16)
(29)	-2.772147810352589
(36)	- (29)(26)
(25)	v18
(37)	-1.5524405009108868
(38)	* (37)(25)
(40)	/ (38)(36)
(44)	+ (40)(13)
(48)	+ (0)(44)
(20)	v16
(22)	cos(20)
(6)	- (1)(5)
(28)	sin(6)
(39)	- (28)(22)
(62)	/ (39)(30)
(72)	e(62)
(104)	+ (76)(72)
(124)	/ (48)(104)
(127)	+ (124)(93)
(139)	* (127)(76)
