(6)	-11.748481541882324
(8)	v2
(9)	+ (6)(8)
(20)	-4.092770147016921
(29)	/ (20)(9)
(26)	cos(20)
(0)	v5
(3)	9.813864845907755
(4)	tan(3)
(5)	- (0)(4)
(11)	e(8)
(12)	* (5)(11)
(43)	- (20)(12)
(35)	v25
(38)	v8
(46)	v17
(48)	+ (38)(46)
(54)	- (35)(48)
(65)	/ (54)(43)
(68)	+ (65)(26)
(23)	v27
(76)	+ (23)(46)
(1)	v7
(2)	- (0)(1)
(7)	/ (2)(4)
(15)	+ (9)(7)
(17)	-6.48417635578344
(33)	/ (17)(15)
(31)	- (23)(26)
(49)	abs(31)
(53)	* (49)(33)
(69)	v26
(77)	+ (53)(69)
(67)	e(65)
(84)	v12
(85)	+ (84)(67)
(86)	- (85)(77)
(95)	+ (86)(76)
(99)	+ (68)(95)
(139)	* (29)(99)
