(0)	v24
(4)	cos(0)
(12)	sin(4)
(39)	3.9177434635410577
(41)	- (39)(12)
(1)	v17
(5)	cos(4)
(8)	sin(5)
(28)	sin(8)
(38)	+ (1)(28)
(7)	v27
(9)	v26
(20)	- (7)(9)
(31)	sin(20)
(3)	v8
(10)	sin(3)
(11)	* (5)(10)
(18)	e(11)
(15)	- (5)(9)
(24)	sin(15)
(26)	* (18)(24)
(2)	v12
(6)	+ (1)(2)
(32)	- (5)(6)
(37)	- (26)(32)
(55)	+ (31)(37)
(69)	+ (38)(55)
(87)	/ (69)(41)
(33)	6.35751157851141
(43)	v25
(52)	/ (43)(33)
(21)	-7.659797779654674
(48)	cos(21)
(74)	v7
(80)	* (74)(48)
(101)	- (52)(80)
(139)	- (87)(101)
