(0)	12.835645041432265
(57)	sin(0)
(19)	v6
(2)	v18
(3)	cos(2)
(4)	v15
(6)	v18
(7)	- (6)(4)
(29)	+ (7)(3)
(35)	v7
(40)	+ (29)(35)
(9)	cos(3)
(27)	-7.175920266525534
(62)	* (27)(9)
(54)	v28
(36)	abs(7)
(12)	v21
(25)	v25
(37)	+ (25)(12)
(53)	sin(37)
(61)	+ (36)(53)
(66)	* (61)(54)
(50)	- (37)(9)
(23)	v11
(32)	tan(23)
(56)	sin(32)
(1)	v7
(5)	- (1)(4)
(8)	cos(5)
(20)	sin(7)
(30)	- (20)(8)
(34)	- (30)(3)
(58)	+ (23)(34)
(59)	-0.36629601457403993
(60)	/ (58)(59)
(65)	+ (60)(56)
(78)	+ (50)(65)
(88)	+ (78)(66)
(96)	/ (88)(62)
(98)	+ (40)(96)
(108)	+ (98)(19)
(139)	* (108)(57)
