(69)	-4.344663503477722
(0)	v7
(14)	11.469062286023124
(21)	cos(14)
(5)	v18
(6)	sin(5)
(22)	-4.120544898155828
(23)	+ (6)(22)
(31)	- (21)(23)
(48)	cos(31)
(27)	v6
(16)	v15
(60)	sin(16)
(68)	- (60)(27)
(74)	+ (68)(48)
(77)	- (0)(74)
(93)	* (77)(69)
(1)	v7
(2)	cos(1)
(3)	cos(2)
(8)	* (1)(3)
(10)	-1.0100732234126895
(15)	/ (8)(10)
(26)	cos(15)
(30)	abs(26)
(4)	v19
(7)	v15
(9)	- (4)(7)
(35)	sin(9)
(39)	tan(35)
(46)	+ (30)(39)
(17)	e(8)
(52)	/ (3)(17)
(18)	v0
(29)	-12.286282292541419
(55)	- (29)(18)
(56)	- (55)(52)
(61)	+ (46)(56)
(42)	v16
(45)	cos(42)
(71)	tan(45)
(110)	abs(71)
(127)	+ (110)(61)
(139)	/ (93)(127)
