(15)	-3.663100818562679
(2)	v8
(9)	v15
(4)	v3
(0)	2.2081955689048627
(3)	-2.369718563037768
(8)	- (3)(0)
(14)	/ (4)(8)
(16)	- (14)(9)
(20)	v7
(23)	+ (16)(20)
(37)	* (2)(23)
(1)	v18
(7)	+ (2)(1)
(11)	* (4)(4)
(17)	+ (11)(7)
(31)	-9.88955336581332
(48)	- (31)(17)
(51)	- (48)(37)
(73)	/ (15)(51)
(5)	- (0)(3)
(21)	/ (2)(5)
(29)	e(21)
(18)	v18
(22)	v6
(25)	+ (22)(23)
(32)	+ (18)(25)
(36)	* (32)(29)
(27)	* (8)(1)
(35)	/ (20)(27)
(43)	+ (35)(5)
(13)	v10
(39)	abs(23)
(62)	+ (39)(13)
(64)	/ (62)(43)
(77)	+ (36)(64)
(139)	* (77)(73)
