(1)	v15
(2)	v6
(3)	- (2)(1)
(9)	v18
(14)	+ (9)(3)
(19)	v7
(34)	sin(19)
(36)	+ (14)(34)
(86)	-3.8584169040344385
(5)	-1.3600818078316799
(0)	v18
(4)	- (2)(3)
(6)	* (0)(4)
(10)	* (5)(6)
(23)	v26
(27)	- (10)(23)
(11)	v3
(20)	+ (11)(10)
(22)	- (6)(20)
(29)	cos(11)
(41)	tan(29)
(42)	tan(41)
(50)	/ (42)(22)
(52)	11.100220551539593
(57)	+ (50)(52)
(79)	cos(57)
(83)	- (79)(27)
(15)	v21
(7)	v5
(8)	* (7)(2)
(18)	sin(8)
(25)	+ (15)(18)
(31)	- (4)(25)
(38)	e(31)
(46)	cos(36)
(56)	+ (38)(46)
(60)	- (41)(52)
(95)	- (60)(56)
(109)	+ (95)(83)
(118)	/ (86)(109)
(139)	* (118)(36)
