(4)	v21
(6)	v20
(34)	+ (4)(6)
(8)	v5
(17)	v22
(24)	+ (17)(8)
(19)	v10
(25)	abs(19)
(1)	v7
(5)	-13.30517323939679
(10)	e(5)
(3)	-19.033179177724552
(11)	16.357155884311595
(13)	- (11)(3)
(15)	* (10)(13)
(0)	v18
(2)	-11.344827585745488
(9)	9.67493344772764
(12)	/ (9)(2)
(18)	- (0)(12)
(20)	- (15)(18)
(38)	+ (1)(20)
(39)	+ (38)(25)
(41)	+ (39)(24)
(42)	+ (41)(34)
(7)	v9
(16)	/ (6)(7)
(28)	* (15)(16)
(30)	-9.436579135208305
(35)	tan(30)
(59)	/ (28)(35)
(104)	0.2583383868114133
(109)	+ (104)(59)
(139)	* (42)(109)
