(23)	2.4749521900950953
(64)	2.9485467835695935
(65)	- (23)(64)
(55)	v10
(71)	-7.269359066047381
(78)	- (55)(71)
(7)	v18
(66)	-6.8070296567778
(98)	- (66)(7)
(109)	/ (98)(78)
(133)	cos(109)
(135)	* (133)(65)
(20)	v24
(28)	e(20)
(27)	8.611711907386272
(1)	1.5308590144715595
(4)	v6
(5)	* (4)(1)
(9)	cos(5)
(13)	tan(9)
(22)	v24
(25)	- (22)(13)
(11)	v7
(24)	v13
(26)	/ (11)(24)
(29)	+ (25)(26)
(32)	+ (27)(29)
(35)	/ (28)(32)
(120)	cos(35)
(3)	v20
(8)	- (7)(3)
(21)	+ (9)(8)
(51)	v5
(0)	v7
(6)	/ (0)(1)
(41)	v21
(47)	+ (41)(6)
(74)	v22
(76)	+ (47)(74)
(93)	+ (51)(76)
(124)	- (21)(93)
(136)	/ (120)(124)
(139)	/ (135)(136)
