(37)	-3.1441748893261057
(42)	9.116212569119327
(49)	- (37)(42)
(66)	tan(49)
(73)	v20
(2)	v18
(7)	v5
(8)	- (7)(2)
(13)	v6
(14)	cos(13)
(16)	cos(14)
(18)	+ (8)(16)
(69)	v22
(85)	+ (69)(18)
(62)	v7
(0)	3.3346908196309464
(3)	-15.2470599507018
(1)	v2
(4)	tan(1)
(5)	sin(4)
(6)	/ (3)(5)
(9)	+ (8)(6)
(12)	sin(9)
(17)	abs(14)
(27)	- (12)(17)
(31)	- (0)(27)
(11)	v24
(19)	2.307333511211958
(20)	/ (11)(19)
(15)	+ (5)(0)
(25)	tan(15)
(32)	+ (25)(1)
(38)	cos(32)
(55)	abs(38)
(67)	- (20)(55)
(68)	* (67)(66)
(70)	* (31)(68)
(86)	+ (70)(62)
(88)	+ (86)(85)
(105)	+ (88)(73)
(139)	* (66)(105)
