(84)	4.689280921245494
(5)	v2
(10)	sin(5)
(29)	abs(10)
(4)	v8
(22)	0.896461993617713
(55)	* (22)(4)
(75)	* (55)(29)
(43)	v15
(36)	v25
(12)	v5
(15)	- (5)(12)
(30)	v24
(44)	- (15)(30)
(52)	- (44)(36)
(33)	v22
(51)	v18
(58)	v5
(63)	- (58)(51)
(72)	+ (33)(63)
(78)	- (72)(52)
(79)	+ (78)(43)
(80)	+ (29)(79)
(26)	v21
(1)	v20
(6)	sin(4)
(9)	- (1)(6)
(3)	13.967998544953694
(18)	cos(3)
(21)	cos(18)
(8)	e(6)
(11)	abs(9)
(16)	/ (11)(8)
(14)	* (12)(9)
(20)	/ (18)(14)
(28)	abs(20)
(34)	+ (16)(28)
(59)	/ (21)(34)
(62)	- (9)(59)
(81)	+ (26)(62)
(82)	+ (80)(81)
(132)	- (82)(75)
(139)	/ (132)(84)
