(43)	0.4041270231716041
(1)	2.2019279536025707
(2)	cos(1)
(5)	* (2)(2)
(7)	v16
(13)	* (7)(5)
(46)	+ (2)(13)
(49)	v22
(54)	* (46)(49)
(0)	-0.4059585384498199
(24)	v20
(28)	+ (2)(24)
(36)	sin(28)
(55)	* (0)(36)
(3)	v20
(6)	* (3)(0)
(8)	v5
(23)	- (2)(8)
(11)	v21
(22)	+ (13)(11)
(4)	v8
(48)	sin(4)
(50)	- (22)(48)
(53)	- (50)(23)
(56)	- (6)(53)
(57)	+ (55)(56)
(58)	+ (54)(57)
(63)	* (43)(58)
(40)	-13.043592419697791
(64)	sin(40)
(86)	- (64)(63)
(17)	v18
(19)	+ (17)(3)
(10)	+ (6)(3)
(21)	cos(10)
(25)	- (2)(21)
(34)	- (25)(19)
(37)	+ (28)(34)
(42)	abs(37)
(44)	v2
(62)	cos(44)
(67)	2.1406715412296577
(82)	- (62)(67)
(103)	/ (42)(82)
(121)	e(103)
(139)	+ (121)(86)
