(0)	-0.33078184487645856
(6)	v19
(9)	* (6)(0)
(17)	v5
(18)	- (9)(17)
(22)	* (0)(18)
(5)	v10
(14)	sin(5)
(15)	tan(14)
(23)	cos(15)
(25)	cos(23)
(29)	+ (25)(22)
(2)	7.070338273878182
(10)	- (9)(2)
(33)	- (10)(14)
(7)	-10.012588779858888
(1)	v21
(4)	v24
(8)	+ (6)(4)
(11)	+ (8)(1)
(38)	- (7)(11)
(46)	/ (7)(38)
(21)	v20
(12)	+ (1)(7)
(16)	v22
(28)	+ (16)(12)
(31)	v8
(32)	- (31)(28)
(37)	- (21)(32)
(39)	+ (2)(37)
(30)	v15
(40)	+ (17)(30)
(35)	-2.101966298879855
(41)	* (38)(35)
(42)	+ (40)(41)
(56)	/ (42)(39)
(61)	- (56)(46)
(65)	/ (33)(61)
(139)	- (29)(65)
