(24)	v7
(0)	v18
(1)	v5
(10)	- (0)(1)
(2)	v22
(13)	- (1)(2)
(17)	+ (13)(10)
(3)	v20
(4)	3.674168465618042
(5)	cos(4)
(22)	+ (5)(3)
(27)	- (17)(22)
(43)	- (24)(27)
(47)	4.083634302032916
(59)	/ (43)(47)
(8)	-10.44282793088728
(32)	v1
(54)	+ (32)(8)
(9)	4.283663736395798
(6)	-8.29580951975089
(12)	cos(6)
(15)	v24
(16)	- (12)(15)
(28)	sin(6)
(38)	* (16)(28)
(45)	- (38)(9)
(14)	v2
(11)	sin(3)
(20)	e(11)
(23)	e(20)
(49)	* (23)(14)
(56)	cos(49)
(72)	- (45)(56)
(34)	- (17)(3)
(62)	abs(34)
(74)	-10.945454904524139
(75)	- (74)(62)
(81)	- (72)(75)
(102)	/ (54)(81)
(104)	+ (59)(102)
(21)	+ (9)(1)
(7)	e(4)
(39)	v13
(40)	+ (13)(39)
(41)	+ (0)(40)
(79)	/ (41)(7)
(115)	e(79)
(116)	e(115)
(125)	/ (21)(116)
(139)	+ (104)(125)
