(66)	-3.2942693259050237
(0)	v5
(8)	cos(0)
(13)	cos(8)
(5)	v25
(16)	* (13)(5)
(18)	+ (13)(16)
(1)	v2
(3)	v28
(19)	* (1)(3)
(22)	/ (16)(19)
(34)	+ (22)(18)
(9)	v20
(12)	cos(9)
(53)	- (12)(22)
(79)	* (53)(34)
(81)	e(79)
(82)	- (81)(66)
(45)	v27
(56)	+ (45)(22)
(2)	v1
(6)	- (2)(5)
(25)	/ (6)(3)
(20)	- (9)(0)
(26)	cos(18)
(30)	- (20)(26)
(33)	/ (30)(25)
(4)	+ (2)(0)
(31)	* (8)(22)
(59)	+ (31)(4)
(67)	/ (33)(59)
(72)	e(67)
(95)	* (72)(56)
(14)	v21
(15)	+ (4)(14)
(23)	+ (15)(3)
(101)	- (23)(95)
(112)	+ (101)(95)
(139)	/ (112)(82)
