(12)	4.4512524861705955
(16)	v5
(35)	/ (16)(12)
(0)	v25
(1)	v20
(3)	+ (1)(0)
(23)	-1.9082076314640481
(24)	* (23)(3)
(45)	12.1734175524671
(50)	/ (24)(45)
(53)	- (35)(50)
(46)	v21
(4)	v24
(5)	abs(4)
(13)	v28
(17)	+ (5)(13)
(27)	v25
(34)	/ (17)(27)
(39)	* (34)(34)
(41)	/ (39)(23)
(74)	3.1160511940734352
(78)	- (74)(41)
(93)	/ (46)(78)
(6)	-9.49870371890233
(18)	+ (13)(4)
(36)	/ (18)(6)
(88)	tan(36)
(15)	v1
(2)	v16
(7)	abs(2)
(10)	* (5)(7)
(19)	- (16)(10)
(31)	sin(19)
(9)	v8
(33)	- (23)(9)
(44)	/ (31)(33)
(49)	+ (44)(15)
(62)	sin(49)
(75)	5.460640479979446
(91)	/ (62)(75)
(92)	tan(91)
(105)	- (92)(88)
(124)	+ (93)(105)
(139)	+ (53)(124)
