(35)	v5
(41)	2.7534706803069433
(44)	tan(41)
(48)	* (44)(35)
(0)	-6.0629373863153155
(1)	v9
(3)	- (1)(0)
(13)	sin(3)
(33)	v12
(39)	abs(33)
(43)	+ (13)(39)
(6)	v18
(9)	v25
(5)	-0.5875570698136947
(7)	v20
(17)	v21
(19)	+ (17)(7)
(24)	/ (19)(5)
(51)	- (24)(9)
(52)	+ (51)(6)
(72)	- (43)(52)
(21)	tan(9)
(25)	e(21)
(46)	- (25)(43)
(69)	sin(46)
(18)	abs(0)
(40)	sin(24)
(26)	v12
(2)	sin(0)
(10)	- (2)(3)
(4)	sin(3)
(12)	v23
(30)	+ (4)(12)
(32)	+ (13)(30)
(36)	- (3)(32)
(37)	/ (36)(10)
(56)	/ (26)(37)
(76)	- (40)(56)
(79)	+ (18)(76)
(115)	+ (79)(69)
(129)	/ (72)(115)
(139)	- (129)(48)
