(0)	v5
(7)	v25
(15)	+ (0)(7)
(23)	v20
(26)	v18
(31)	- (26)(23)
(20)	-4.15855128805163
(34)	sin(20)
(35)	v21
(38)	* (34)(35)
(47)	- (38)(31)
(1)	v22
(2)	v7
(3)	sin(2)
(4)	* (1)(3)
(8)	v24
(11)	- (4)(8)
(6)	3.8877570972911712
(21)	* (6)(11)
(22)	tan(21)
(30)	sin(22)
(32)	3.1310511841738418
(37)	- (32)(30)
(41)	/ (11)(37)
(49)	- (38)(41)
(56)	+ (49)(47)
(71)	+ (56)(15)
(10)	5.639309011932596
(5)	v13
(13)	8.029101534674691
(17)	/ (2)(13)
(25)	* (5)(17)
(36)	/ (25)(10)
(75)	+ (36)(6)
(139)	/ (71)(75)
