(39)	-9.125467420422968
(49)	tan(39)
(84)	tan(49)
(1)	v20
(3)	-15.92454066125747
(9)	tan(3)
(25)	sin(9)
(65)	- (1)(25)
(14)	2.05957154379956
(0)	v13
(4)	v21
(6)	* (0)(4)
(12)	* (6)(6)
(10)	/ (6)(0)
(11)	v0
(23)	/ (11)(10)
(26)	* (23)(12)
(46)	+ (14)(26)
(17)	v20
(34)	- (11)(17)
(37)	v1
(36)	v3
(45)	abs(36)
(53)	- (37)(45)
(73)	+ (53)(34)
(74)	/ (73)(46)
(24)	- (10)(14)
(42)	cos(24)
(56)	* (42)(42)
(19)	v23
(59)	v25
(75)	- (19)(59)
(80)	* (56)(75)
(27)	v5
(63)	v21
(86)	+ (27)(63)
(88)	- (86)(80)
(92)	+ (74)(88)
(119)	+ (92)(65)
(139)	* (119)(84)
