(1)	v15
(0)	v5
(2)	- (1)(0)
(13)	-3.1923415235072525
(14)	v20
(21)	/ (14)(13)
(31)	+ (2)(21)
(3)	v26
(4)	v12
(5)	v28
(10)	- (5)(4)
(34)	- (10)(3)
(15)	2.5936999996318306
(9)	v20
(12)	abs(5)
(16)	v10
(18)	- (16)(12)
(20)	/ (9)(18)
(29)	abs(20)
(45)	+ (15)(29)
(48)	/ (34)(45)
(79)	- (48)(31)
(7)	v14
(66)	cos(7)
(71)	abs(15)
(73)	- (66)(71)
(27)	e(14)
(26)	v3
(28)	cos(26)
(43)	e(28)
(44)	- (27)(43)
(57)	-7.355244520972683
(83)	- (57)(44)
(90)	/ (73)(83)
(107)	e(90)
(135)	/ (79)(107)
(139)	+ (1)(135)
