(30)	v5
(0)	v15
(7)	v12
(28)	* (7)(0)
(34)	e(28)
(1)	-3.522337128992806
(2)	/ (0)(1)
(3)	tan(2)
(9)	cos(3)
(37)	e(9)
(55)	+ (34)(37)
(56)	/ (30)(55)
(101)	- (30)(56)
(51)	-3.123900991765023
(4)	abs(1)
(11)	e(4)
(38)	tan(11)
(41)	v15
(42)	- (41)(38)
(20)	cos(9)
(45)	v12
(65)	+ (45)(20)
(93)	- (65)(42)
(97)	-2.4642581949157893
(33)	v18
(5)	v3
(16)	+ (3)(5)
(13)	v6
(26)	cos(13)
(31)	- (16)(26)
(50)	cos(31)
(59)	* (33)(50)
(47)	v26
(6)	v20
(10)	/ (4)(1)
(23)	/ (6)(10)
(24)	v28
(75)	- (24)(23)
(80)	- (75)(47)
(53)	v22
(74)	cos(45)
(91)	- (74)(53)
(98)	- (80)(91)
(112)	+ (98)(59)
(116)	/ (112)(97)
(121)	+ (116)(93)
(134)	/ (121)(51)
(139)	+ (134)(101)
