(2)	v5
(3)	v15
(15)	+ (3)(2)
(0)	v12
(1)	v3
(5)	- (1)(0)
(9)	+ (5)(2)
(26)	-1.9246484832891362
(20)	v28
(41)	v3
(54)	- (41)(20)
(59)	/ (54)(26)
(74)	+ (59)(9)
(77)	+ (15)(74)
(19)	4.18586933567795
(10)	* (5)(3)
(14)	* (10)(5)
(17)	tan(14)
(23)	v3
(34)	* (17)(23)
(35)	/ (9)(34)
(36)	cos(35)
(13)	v14
(16)	/ (3)(13)
(42)	abs(16)
(48)	sin(42)
(69)	- (48)(13)
(4)	v13
(7)	cos(4)
(8)	-11.871964360618472
(21)	+ (4)(8)
(30)	+ (21)(7)
(51)	cos(30)
(31)	v26
(24)	tan(7)
(45)	- (24)(16)
(46)	2.6465855363617976
(49)	- (45)(46)
(58)	sin(49)
(80)	+ (58)(31)
(94)	+ (51)(80)
(102)	+ (30)(94)
(126)	+ (69)(102)
(133)	- (36)(126)
(134)	/ (19)(133)
(139)	* (77)(134)
