(5)	v13
(7)	v5
(14)	- (7)(5)
(17)	v16
(19)	-3.6289487227067525
(27)	+ (17)(19)
(34)	/ (14)(27)
(4)	v25
(0)	v3
(10)	v1
(13)	+ (0)(10)
(16)	- (13)(4)
(24)	/ (14)(14)
(30)	e(24)
(35)	/ (16)(30)
(36)	- (35)(34)
(1)	v22
(6)	- (1)(0)
(11)	+ (6)(4)
(2)	abs(1)
(31)	e(2)
(21)	v28
(29)	v19
(44)	- (29)(21)
(47)	/ (44)(31)
(59)	- (11)(47)
(64)	-10.82639259460246
(55)	abs(14)
(68)	+ (6)(55)
(76)	- (68)(64)
(18)	cos(17)
(52)	* (18)(36)
(74)	-5.84122271484636
(86)	+ (52)(74)
(90)	/ (86)(76)
(103)	* (59)(90)
(139)	- (36)(103)
