(0)	v25
(2)	v1
(4)	/ (2)(0)
(15)	13.84321746653152
(19)	- (4)(15)
(33)	v12
(34)	/ (33)(19)
(22)	- (0)(2)
(39)	+ (15)(22)
(26)	6.669951818472754
(7)	v22
(36)	cos(7)
(37)	- (36)(26)
(28)	5.34478576310287
(45)	abs(28)
(49)	* (37)(45)
(55)	/ (49)(39)
(3)	v28
(9)	v21
(13)	+ (9)(3)
(16)	-1.9684216067414582
(25)	/ (13)(16)
(11)	v22
(18)	v5
(27)	+ (11)(18)
(5)	-1.8723479334604711
(10)	v3
(6)	v13
(12)	- (0)(6)
(14)	+ (12)(2)
(17)	- (14)(10)
(21)	v2
(23)	- (17)(21)
(53)	/ (23)(5)
(60)	- (53)(27)
(66)	+ (25)(60)
(78)	/ (66)(55)
(139)	+ (78)(34)
