(17)	v21
(4)	v22
(14)	v3
(18)	- (4)(14)
(23)	sin(18)
(15)	4.7652624099236505
(25)	* (18)(15)
(41)	- (23)(25)
(48)	-12.964221828473775
(57)	+ (48)(41)
(66)	-3.758081033866439
(70)	/ (66)(57)
(11)	2.319098524905062
(21)	/ (11)(17)
(8)	v1
(13)	cos(8)
(46)	* (18)(13)
(56)	5.328603675648992
(65)	- (56)(46)
(44)	sin(23)
(1)	-1.650730080712428
(7)	v25
(20)	/ (7)(1)
(37)	v5
(39)	- (20)(37)
(2)	v2
(24)	- (8)(2)
(34)	v14
(35)	- (24)(34)
(16)	abs(2)
(19)	abs(13)
(22)	+ (16)(19)
(33)	cos(22)
(45)	- (11)(33)
(69)	/ (35)(45)
(86)	- (39)(69)
(87)	- (86)(44)
(95)	/ (65)(87)
(110)	/ (21)(95)
(111)	- (70)(110)
(139)	* (17)(111)
