(3)	v3
(7)	-13.271684252389955
(8)	cos(7)
(13)	* (8)(3)
(1)	0.2559583404532191
(4)	v19
(18)	+ (1)(4)
(2)	v11
(10)	cos(2)
(11)	cos(10)
(12)	e(11)
(41)	sin(12)
(59)	* (41)(18)
(64)	- (59)(13)
(66)	sin(64)
(27)	tan(1)
(57)	v28
(61)	* (27)(57)
(0)	1.8938116960867468
(5)	v26
(25)	abs(1)
(33)	abs(25)
(47)	- (33)(5)
(65)	/ (47)(0)
(67)	- (61)(65)
(86)	+ (67)(66)
(23)	v0
(17)	v25
(19)	- (17)(5)
(21)	v8
(32)	+ (21)(19)
(89)	+ (32)(23)
(34)	18.458214144759296
(73)	- (34)(21)
(91)	* (25)(73)
(105)	/ (89)(91)
(139)	+ (86)(105)
