(18)	11.30983768455382
(35)	cos(18)
(28)	v23
(14)	-17.867176115292942
(0)	v19
(2)	-15.9947772372978
(1)	v0
(3)	- (0)(1)
(4)	e(3)
(5)	/ (0)(3)
(8)	/ (4)(5)
(10)	e(8)
(19)	- (10)(2)
(23)	/ (0)(19)
(46)	* (23)(14)
(55)	v25
(15)	0.2545448318931456
(25)	v26
(36)	+ (0)(25)
(56)	+ (15)(36)
(62)	+ (56)(55)
(78)	- (62)(46)
(58)	v6
(75)	cos(58)
(7)	v16
(12)	v26
(24)	abs(12)
(29)	+ (7)(24)
(30)	cos(29)
(13)	v3
(20)	cos(1)
(32)	- (20)(13)
(33)	- (13)(32)
(63)	+ (30)(33)
(84)	v28
(93)	- (84)(63)
(99)	* (93)(75)
(112)	+ (99)(78)
(134)	+ (28)(112)
(139)	* (35)(134)
