(16)	-3.8012309803773014
(1)	v19
(5)	+ (1)(1)
(0)	v20
(6)	abs(0)
(11)	4.826620013862364
(12)	- (11)(6)
(17)	- (12)(5)
(7)	tan(6)
(30)	cos(7)
(42)	/ (30)(17)
(80)	+ (16)(42)
(2)	v0
(3)	- (0)(2)
(9)	cos(3)
(22)	+ (5)(9)
(15)	v23
(39)	v3
(50)	- (39)(15)
(52)	- (50)(22)
(33)	v28
(44)	cos(33)
(45)	+ (44)(39)
(55)	-19.601798071965547
(56)	tan(55)
(69)	abs(56)
(77)	* (45)(69)
(81)	+ (77)(52)
(90)	/ (81)(80)
(21)	v2
(19)	v10
(14)	v25
(24)	v26
(25)	+ (24)(14)
(27)	v12
(46)	+ (27)(25)
(49)	- (46)(19)
(66)	v0
(70)	+ (49)(66)
(92)	+ (21)(70)
(115)	0.2034059001233679
(130)	* (115)(92)
(139)	+ (130)(90)
