(9)	v28
(1)	v26
(5)	sin(1)
(18)	tan(5)
(46)	- (9)(18)
(48)	-1.3456791254416665
(47)	v25
(6)	-3.274367854881831
(13)	-6.058845663184101
(15)	* (6)(13)
(31)	cos(15)
(36)	abs(31)
(0)	v0
(2)	+ (0)(1)
(28)	v12
(34)	v23
(37)	+ (28)(34)
(43)	+ (37)(2)
(52)	* (36)(43)
(59)	+ (52)(47)
(94)	/ (59)(48)
(100)	- (46)(94)
(104)	3.1250215269752175
(119)	/ (100)(104)
(4)	sin(2)
(64)	+ (13)(4)
(16)	3.733635913645287
(14)	v19
(20)	+ (18)(14)
(21)	/ (20)(16)
(7)	tan(6)
(23)	+ (16)(7)
(45)	v3
(58)	/ (45)(23)
(85)	- (21)(58)
(56)	v20
(19)	11.947576880367524
(22)	v6
(25)	sin(0)
(54)	* (25)(22)
(92)	+ (54)(19)
(98)	- (56)(92)
(103)	* (98)(85)
(133)	/ (103)(64)
(139)	+ (133)(119)
