(15)	-15.547014173944564
(7)	v8
(6)	v28
(11)	cos(6)
(24)	+ (11)(7)
(25)	/ (24)(15)
(0)	v23
(3)	v26
(4)	- (3)(0)
(8)	e(4)
(10)	-7.258081083611723
(13)	+ (10)(4)
(17)	e(13)
(49)	* (17)(8)
(1)	v24
(2)	+ (1)(1)
(16)	- (2)(10)
(18)	v19
(27)	/ (18)(16)
(33)	1.0842560409837496
(19)	v22
(22)	abs(11)
(23)	* (22)(19)
(9)	v20
(28)	tan(9)
(35)	sin(28)
(37)	- (23)(35)
(41)	v17
(42)	+ (37)(41)
(43)	/ (42)(33)
(48)	+ (43)(6)
(30)	v21
(31)	+ (30)(19)
(36)	+ (4)(30)
(62)	+ (31)(36)
(63)	+ (62)(48)
(64)	5.251436357250256
(66)	/ (63)(64)
(74)	+ (66)(27)
(81)	+ (49)(74)
(139)	+ (25)(81)
