(7)	-4.819718769033997
(1)	v28
(5)	v23
(13)	- (1)(5)
(21)	1.4595532720980877
(12)	v26
(19)	cos(12)
(23)	v22
(26)	- (19)(23)
(27)	* (26)(21)
(30)	- (13)(27)
(31)	/ (30)(7)
(34)	2.689329983355563
(2)	v21
(8)	v19
(0)	-1.9760160931964101
(4)	- (1)(1)
(16)	- (4)(0)
(22)	/ (8)(16)
(40)	+ (22)(2)
(73)	/ (40)(34)
(58)	v26
(24)	v16
(29)	+ (16)(21)
(38)	+ (24)(29)
(3)	v1
(6)	- (1)(3)
(10)	cos(6)
(17)	* (5)(8)
(20)	+ (3)(17)
(41)	cos(20)
(55)	+ (7)(41)
(60)	+ (10)(55)
(64)	/ (38)(60)
(74)	- (58)(64)
(77)	v9
(79)	- (77)(55)
(84)	/ (74)(79)
(85)	+ (73)(84)
(139)	- (85)(31)
