(7)	v23
(15)	v19
(12)	-4.506418072625884
(3)	v21
(1)	2.8476073595213762
(2)	v3
(4)	/ (2)(1)
(18)	- (3)(4)
(19)	* (12)(18)
(25)	+ (19)(15)
(27)	- (7)(25)
(26)	-9.910799562134645
(38)	cos(26)
(51)	* (38)(27)
(6)	v26
(20)	v22
(28)	+ (6)(20)
(30)	- (19)(28)
(32)	v3
(37)	+ (32)(18)
(56)	- (30)(37)
(67)	- (51)(56)
(77)	15.533759676412387
(0)	v27
(5)	- (0)(3)
(10)	sin(5)
(33)	e(10)
(24)	-0.33475168864440263
(65)	tan(24)
(70)	* (65)(33)
(86)	3.9086869119031675
(87)	- (86)(70)
(131)	/ (87)(77)
(139)	* (67)(131)
