(9)	-2.8213442044164907
(20)	v9
(21)	- (9)(20)
(6)	-4.934128999079487
(28)	v21
(57)	+ (6)(28)
(82)	/ (21)(57)
(17)	e(9)
(34)	e(17)
(39)	- (6)(34)
(0)	-7.019423581076962
(3)	v27
(4)	v26
(7)	+ (4)(3)
(8)	/ (7)(6)
(11)	- (0)(8)
(12)	v13
(19)	- (12)(11)
(24)	v7
(46)	- (24)(19)
(66)	/ (39)(46)
(14)	1.907273009779999
(18)	- (11)(14)
(36)	- (0)(18)
(5)	v23
(55)	9.572941368359619
(56)	+ (5)(55)
(59)	abs(56)
(22)	5.4614513776673626
(27)	cos(22)
(13)	v16
(1)	v6
(23)	+ (20)(1)
(30)	+ (13)(23)
(44)	* (27)(30)
(62)	+ (44)(11)
(76)	/ (62)(59)
(98)	* (76)(36)
(111)	+ (98)(66)
(139)	+ (111)(82)
