(27)	5.340171367740464
(28)	v26
(30)	+ (28)(27)
(9)	v1
(11)	v6
(2)	v16
(10)	v17
(15)	cos(10)
(19)	/ (15)(2)
(24)	sin(19)
(25)	+ (24)(11)
(36)	+ (25)(9)
(42)	/ (36)(30)
(5)	v11
(6)	v9
(13)	v15
(20)	+ (13)(6)
(1)	17.31298302058004
(3)	sin(1)
(17)	v7
(31)	/ (17)(3)
(32)	- (31)(20)
(38)	- (32)(28)
(45)	+ (38)(32)
(53)	- (5)(45)
(29)	14.616848833458405
(33)	15.257386897823686
(35)	+ (29)(33)
(16)	4.979629828243738
(23)	- (5)(16)
(41)	* (17)(23)
(46)	+ (41)(28)
(54)	- (46)(35)
(57)	* (53)(54)
(0)	-8.385336824279852
(4)	e(0)
(37)	17.25889687713157
(52)	- (37)(15)
(61)	* (52)(4)
(86)	* (57)(61)
(139)	- (42)(86)
