(27)	v0
(28)	v19
(35)	- (27)(28)
(51)	5.640010925482425
(59)	/ (35)(51)
(44)	v14
(1)	v21
(24)	v16
(30)	- (24)(1)
(8)	v20
(15)	+ (8)(8)
(45)	v24
(0)	v1
(5)	-6.481060884721423
(9)	- (5)(0)
(26)	sin(9)
(6)	abs(0)
(21)	v3
(31)	* (21)(6)
(47)	- (31)(26)
(53)	+ (47)(45)
(56)	+ (15)(53)
(57)	- (56)(30)
(62)	- (44)(57)
(67)	-5.240581527617634
(69)	/ (62)(67)
(49)	v9
(7)	v18
(14)	17.69091308133776
(40)	+ (14)(7)
(20)	v14
(36)	+ (24)(20)
(48)	+ (26)(36)
(54)	- (48)(40)
(10)	abs(8)
(19)	* (14)(10)
(43)	cos(19)
(46)	sin(8)
(50)	tan(46)
(58)	* (50)(43)
(60)	+ (54)(58)
(77)	12.851349079103585
(79)	/ (60)(77)
(81)	cos(79)
(97)	* (49)(81)
(122)	+ (97)(69)
(139)	- (122)(59)
