(2)	-4.918218578123188
(10)	cos(2)
(17)	v5
(1)	v13
(6)	v23
(7)	- (1)(6)
(8)	v15
(16)	- (8)(7)
(19)	- (7)(16)
(9)	v8
(23)	+ (16)(9)
(26)	- (19)(23)
(27)	/ (26)(2)
(28)	+ (27)(17)
(0)	v20
(3)	- (0)(0)
(12)	- (3)(0)
(25)	v14
(30)	+ (12)(25)
(24)	v28
(33)	- (12)(24)
(35)	v1
(36)	- (33)(35)
(39)	+ (36)(30)
(46)	- (28)(39)
(48)	* (46)(10)
(4)	v15
(5)	cos(4)
(13)	- (9)(2)
(14)	- (13)(5)
(29)	v19
(38)	/ (29)(14)
(18)	+ (5)(2)
(20)	-0.3844115558590957
(41)	+ (20)(18)
(43)	v16
(51)	/ (43)(41)
(82)	+ (38)(51)
(139)	+ (82)(48)
