(7)	v6
(10)	sin(7)
(19)	* (10)(10)
(62)	-5.066310985028251
(90)	/ (19)(62)
(102)	e(90)
(114)	cos(102)
(0)	v21
(5)	v23
(6)	+ (0)(5)
(21)	v9
(23)	+ (6)(21)
(11)	5.4218714139094395
(33)	v15
(37)	- (0)(33)
(60)	+ (37)(11)
(81)	/ (23)(60)
(9)	v3
(18)	v19
(36)	+ (18)(9)
(12)	e(11)
(16)	- (6)(12)
(28)	v14
(29)	+ (28)(16)
(20)	v16
(1)	-1.2868905254017875
(2)	v20
(8)	* (1)(2)
(26)	v1
(31)	+ (26)(16)
(34)	- (31)(8)
(40)	- (20)(34)
(42)	+ (40)(29)
(54)	- (36)(42)
(56)	0.40607489208797887
(93)	* (54)(56)
(116)	+ (81)(93)
(139)	* (114)(116)
