(9)	-5.474221830844295
(54)	-18.32399521900228
(83)	/ (9)(54)
(5)	v18
(23)	v26
(29)	+ (23)(5)
(4)	v15
(11)	-0.18300491781151607
(32)	cos(11)
(47)	/ (4)(32)
(63)	+ (47)(29)
(48)	v27
(51)	-13.059369526383819
(67)	cos(51)
(72)	* (48)(67)
(108)	+ (72)(63)
(18)	v12
(22)	v20
(25)	-10.381558405406883
(27)	/ (22)(25)
(33)	abs(27)
(2)	v4
(37)	-1.7118901969533837
(43)	/ (2)(37)
(52)	/ (33)(43)
(85)	sin(52)
(89)	abs(85)
(94)	- (18)(89)
(61)	1.478174744609106
(3)	v3
(41)	v23
(64)	+ (3)(41)
(21)	v16
(14)	v0
(20)	cos(14)
(24)	e(20)
(30)	v7
(34)	* (24)(30)
(49)	- (21)(34)
(80)	cos(49)
(84)	- (80)(64)
(110)	/ (84)(61)
(116)	+ (110)(94)
(120)	+ (108)(116)
(136)	* (83)(120)
(15)	4.99922529220731
(95)	tan(52)
(114)	/ (15)(95)
(123)	sin(114)
(138)	/ (123)(25)
(139)	+ (138)(136)
