(5)	15.775067458490824
(11)	v1
(10)	v26
(16)	-3.8193224355882514
(17)	abs(10)
(20)	/ (17)(16)
(23)	/ (10)(20)
(45)	sin(23)
(58)	4.755716480562434
(65)	- (45)(58)
(79)	* (11)(65)
(89)	/ (79)(5)
(24)	v8
(25)	v13
(56)	+ (25)(24)
(63)	/ (56)(16)
(6)	5.6134105838336446
(22)	/ (10)(6)
(1)	v3
(3)	abs(1)
(4)	cos(3)
(34)	abs(4)
(73)	* (22)(34)
(2)	v23
(7)	v26
(0)	v7
(9)	cos(0)
(19)	+ (9)(7)
(32)	+ (25)(19)
(36)	- (32)(2)
(62)	5.338953080575553
(76)	- (62)(36)
(33)	+ (17)(22)
(35)	v15
(38)	* (35)(33)
(15)	cos(9)
(21)	- (15)(9)
(29)	v24
(39)	+ (29)(21)
(41)	- (39)(38)
(8)	v12
(30)	tan(4)
(57)	* (8)(30)
(92)	- (57)(41)
(96)	/ (92)(76)
(97)	+ (73)(96)
(98)	sin(97)
(131)	- (98)(63)
(139)	- (131)(89)
