(18)	-3.7507703730652544
(17)	v4
(1)	v19
(2)	e(1)
(8)	v1
(9)	* (2)(8)
(11)	sin(9)
(16)	v8
(25)	+ (11)(16)
(34)	+ (25)(17)
(59)	/ (34)(18)
(5)	15.487963281561925
(20)	sin(5)
(7)	v21
(0)	v23
(6)	sin(2)
(28)	abs(6)
(31)	- (0)(28)
(39)	- (7)(31)
(23)	-4.68700707666879
(41)	abs(23)
(47)	/ (23)(41)
(50)	- (39)(47)
(52)	sin(50)
(33)	v27
(12)	v7
(37)	sin(12)
(54)	+ (33)(37)
(42)	v26
(55)	+ (50)(42)
(66)	+ (55)(54)
(73)	* (66)(52)
(13)	v19
(14)	sin(13)
(10)	- (8)(0)
(24)	* (7)(10)
(57)	+ (14)(24)
(74)	sin(57)
(82)	e(74)
(96)	- (73)(82)
(103)	* (20)(96)
(139)	- (103)(59)
