(9)	v26
(21)	0.37910126173713365
(22)	* (21)(9)
(1)	v12
(3)	v15
(4)	+ (3)(1)
(6)	-2.0461992227179557
(35)	/ (4)(6)
(45)	- (22)(35)
(33)	4.128187564681603
(24)	v14
(5)	13.908896513168905
(13)	v28
(16)	- (5)(13)
(19)	v6
(25)	+ (19)(16)
(29)	cos(25)
(37)	+ (29)(24)
(59)	/ (37)(33)
(38)	v27
(28)	-1.9164463703524213
(23)	v3
(32)	* (9)(23)
(34)	e(32)
(54)	- (34)(28)
(67)	/ (38)(54)
(74)	- (67)(59)
(89)	sin(74)
(94)	+ (45)(89)
(15)	v4
(11)	14.709306447114713
(12)	7.789467328078903
(14)	- (11)(12)
(39)	/ (33)(14)
(46)	/ (39)(15)
(134)	sin(46)
(135)	cos(134)
(139)	* (135)(94)
