(64)	5.4428361856529826
(21)	v17
(1)	v1
(47)	+ (1)(21)
(71)	v8
(72)	+ (47)(71)
(78)	+ (21)(72)
(81)	/ (78)(64)
(31)	v16
(39)	-5.88386929478129
(46)	abs(1)
(55)	- (46)(39)
(65)	+ (31)(55)
(9)	v10
(15)	v28
(20)	+ (15)(9)
(28)	v27
(43)	- (20)(28)
(29)	v18
(2)	-10.440887574336504
(4)	cos(2)
(22)	e(4)
(41)	abs(22)
(70)	- (41)(29)
(74)	cos(70)
(23)	v15
(27)	v27
(0)	v13
(5)	/ (0)(4)
(6)	v4
(10)	+ (6)(5)
(11)	cos(10)
(54)	* (22)(11)
(56)	+ (54)(10)
(102)	- (56)(27)
(107)	- (23)(102)
(110)	+ (107)(74)
(118)	- (110)(43)
(121)	/ (118)(65)
(139)	+ (81)(121)
