(29)	-1.4252359660804075
(0)	9.731435200827597
(2)	+ (0)(0)
(3)	v0
(5)	+ (2)(3)
(7)	/ (0)(5)
(65)	- (7)(29)
(36)	-9.402212937079607
(9)	v6
(1)	v13
(4)	tan(0)
(6)	/ (1)(4)
(11)	v1
(13)	+ (4)(11)
(16)	- (1)(13)
(17)	- (6)(16)
(27)	+ (17)(9)
(10)	v0
(25)	v10
(30)	- (10)(25)
(75)	+ (27)(30)
(77)	/ (36)(75)
(80)	/ (65)(77)
(82)	* (29)(80)
(35)	19.874097855454814
(40)	/ (1)(3)
(42)	e(40)
(64)	* (35)(42)
(46)	v17
(72)	+ (64)(46)
(91)	- (72)(64)
(100)	+ (82)(91)
(15)	sin(5)
(20)	/ (15)(5)
(49)	e(20)
(117)	cos(49)
(139)	* (100)(117)
