(5)	-2.0831788713862274
(16)	-2.5858739318394726
(23)	cos(16)
(43)	- (23)(5)
(47)	* (43)(5)
(4)	v6
(2)	v10
(0)	v17
(1)	v15
(3)	+ (1)(0)
(14)	- (2)(3)
(17)	- (4)(14)
(22)	13.754885803026639
(29)	/ (17)(22)
(10)	v13
(33)	+ (0)(10)
(21)	v7
(28)	/ (21)(16)
(38)	sin(28)
(42)	- (33)(38)
(46)	cos(21)
(8)	sin(5)
(18)	/ (17)(8)
(32)	tan(8)
(44)	+ (32)(18)
(52)	abs(44)
(56)	+ (52)(46)
(57)	- (56)(5)
(71)	v8
(77)	cos(71)
(80)	+ (57)(77)
(78)	-3.6122288109322227
(76)	v20
(92)	abs(76)
(93)	+ (92)(78)
(103)	- (93)(80)
(117)	/ (42)(103)
(130)	- (117)(29)
(139)	* (47)(130)
