(34)	v25
(36)	v15
(41)	- (36)(34)
(5)	v21
(22)	cos(5)
(28)	v9
(43)	- (22)(28)
(50)	- (41)(43)
(1)	v7
(7)	+ (5)(1)
(8)	v27
(3)	v0
(4)	cos(3)
(10)	v26
(11)	- (4)(10)
(13)	+ (11)(8)
(65)	+ (13)(7)
(78)	+ (65)(50)
(23)	v28
(29)	e(23)
(33)	sin(29)
(39)	-4.46182133463601
(48)	+ (39)(33)
(20)	v3
(51)	cos(20)
(90)	- (51)(48)
(56)	- (1)(8)
(26)	17.11030433005726
(59)	- (26)(4)
(0)	-0.546540158583273
(2)	+ (0)(0)
(14)	+ (2)(8)
(17)	v10
(53)	+ (14)(17)
(68)	-14.33252673491998
(81)	+ (68)(53)
(94)	cos(81)
(100)	+ (94)(59)
(127)	+ (100)(56)
(130)	/ (127)(90)
(139)	/ (78)(130)
