(53)	-3.1196500664671447
(0)	-12.028734825386667
(2)	v12
(18)	- (2)(0)
(40)	v20
(59)	- (40)(18)
(60)	/ (53)(59)
(7)	v10
(14)	-18.01990595598508
(33)	- (14)(7)
(3)	abs(2)
(1)	v4
(4)	+ (0)(1)
(5)	- (3)(4)
(6)	v5
(9)	* (5)(6)
(35)	+ (9)(0)
(46)	/ (35)(33)
(8)	v3
(11)	sin(1)
(27)	v7
(42)	/ (27)(11)
(52)	sin(42)
(72)	* (8)(52)
(84)	- (46)(72)
(34)	v21
(16)	sin(5)
(36)	v27
(37)	+ (36)(16)
(45)	+ (37)(34)
(23)	v26
(44)	v11
(51)	- (23)(44)
(95)	- (51)(45)
(103)	- (84)(95)
(50)	v15
(12)	abs(2)
(29)	cos(12)
(31)	- (27)(29)
(57)	sin(45)
(62)	+ (31)(57)
(89)	+ (62)(50)
(66)	v25
(67)	sin(66)
(98)	sin(67)
(117)	- (89)(98)
(131)	+ (103)(117)
(139)	* (60)(131)
