(8)	-4.363584075747372
(13)	e(8)
(1)	v1
(2)	tan(1)
(3)	+ (2)(2)
(25)	abs(3)
(0)	1.041167994710701
(10)	+ (3)(0)
(15)	tan(10)
(36)	sin(15)
(41)	- (25)(36)
(51)	+ (41)(25)
(22)	-13.549721734127411
(18)	-19.106541135764687
(16)	v18
(24)	+ (16)(3)
(28)	- (24)(18)
(11)	v8
(12)	- (1)(11)
(21)	v28
(23)	e(21)
(29)	cos(23)
(37)	+ (12)(29)
(55)	* (28)(37)
(70)	+ (55)(22)
(78)	+ (70)(51)
(99)	* (78)(13)
(31)	v18
(6)	v6
(19)	cos(0)
(33)	v9
(34)	* (33)(19)
(40)	- (34)(6)
(46)	- (31)(40)
(60)	tan(0)
(109)	/ (46)(60)
(139)	+ (109)(99)
