(38)	4.608584224330681
(34)	v22
(45)	v23
(4)	v5
(5)	v5
(7)	sin(5)
(15)	* (4)(7)
(21)	cos(15)
(14)	v16
(30)	sin(14)
(44)	* (30)(21)
(59)	abs(44)
(84)	+ (59)(45)
(97)	- (34)(84)
(31)	18.971380983039026
(33)	tan(31)
(2)	v20
(19)	+ (5)(2)
(0)	v10
(1)	v8
(3)	- (1)(0)
(6)	- (5)(3)
(8)	sin(0)
(16)	- (8)(6)
(13)	-3.81488034864088
(27)	cos(13)
(28)	* (27)(16)
(61)	v21
(66)	+ (61)(28)
(47)	v18
(26)	v9
(50)	- (34)(26)
(51)	abs(50)
(54)	+ (26)(51)
(9)	v28
(11)	- (7)(9)
(35)	abs(11)
(58)	e(35)
(65)	/ (54)(58)
(67)	+ (47)(65)
(92)	+ (67)(66)
(93)	+ (19)(92)
(102)	- (93)(33)
(133)	+ (97)(102)
(139)	/ (133)(38)
