(0)	v5
(4)	v9
(5)	v20
(8)	+ (4)(5)
(2)	v19
(3)	sin(2)
(6)	cos(3)
(7)	v23
(9)	* (6)(7)
(15)	- (9)(8)
(36)	- (0)(15)
(39)	v21
(78)	+ (39)(36)
(10)	sin(5)
(13)	14.461864117472928
(18)	- (10)(13)
(21)	/ (15)(8)
(24)	- (18)(21)
(22)	3.370354661381615
(1)	8.478905319939145
(20)	+ (10)(3)
(25)	+ (20)(0)
(32)	cos(25)
(35)	tan(32)
(37)	- (35)(1)
(43)	+ (22)(37)
(52)	+ (43)(24)
(17)	v6
(65)	- (17)(43)
(79)	- (65)(52)
(50)	-5.846748769970688
(54)	e(50)
(57)	-11.00457355396982
(61)	cos(57)
(82)	+ (61)(54)
(86)	* (79)(82)
(139)	* (78)(86)
