(23)	4.799410576736918
(11)	v10
(29)	sin(11)
(31)	/ (29)(23)
(2)	-5.4595766968144055
(16)	v23
(0)	v4
(6)	-1.259342490808887
(7)	+ (0)(6)
(17)	- (7)(11)
(26)	+ (17)(16)
(37)	/ (26)(2)
(50)	- (37)(31)
(10)	3.427236095028224
(19)	sin(10)
(1)	v21
(4)	v20
(12)	v22
(20)	+ (4)(12)
(21)	+ (1)(20)
(44)	* (21)(19)
(41)	16.929481081424726
(46)	tan(41)
(3)	v9
(14)	-6.795735119157618
(15)	+ (12)(14)
(24)	- (3)(15)
(47)	cos(24)
(30)	abs(6)
(45)	v5
(53)	* (45)(30)
(61)	- (53)(47)
(75)	/ (61)(46)
(97)	- (75)(44)
(139)	+ (50)(97)
