(6)	2.9489561583693025
(53)	v9
(62)	/ (53)(6)
(66)	sin(62)
(0)	-4.743733457276411
(31)	e(0)
(1)	v28
(3)	v27
(8)	- (1)(3)
(11)	13.136264266147734
(13)	-13.08404231209504
(27)	- (11)(13)
(30)	v14
(43)	+ (30)(27)
(45)	* (8)(43)
(41)	-8.486881391360498
(2)	v21
(28)	* (2)(0)
(46)	v11
(58)	- (28)(46)
(59)	* (58)(41)
(82)	+ (45)(59)
(17)	-17.71394071294958
(56)	v15
(84)	* (17)(56)
(86)	- (82)(84)
(34)	v19
(4)	/ (1)(3)
(5)	v7
(9)	+ (5)(4)
(15)	- (13)(9)
(16)	+ (15)(15)
(20)	abs(9)
(40)	+ (16)(20)
(54)	cos(40)
(10)	sin(2)
(21)	- (10)(16)
(38)	sin(21)
(29)	v17
(32)	* (29)(6)
(23)	v19
(37)	/ (23)(32)
(52)	cos(37)
(57)	- (32)(52)
(63)	- (38)(57)
(69)	+ (54)(63)
(87)	- (34)(69)
(88)	* (87)(41)
(89)	- (86)(88)
(96)	* (31)(89)
(139)	+ (96)(66)
