(1)	v6
(6)	v3
(10)	v21
(12)	- (10)(6)
(15)	+ (12)(1)
(2)	v28
(7)	v5
(11)	v24
(16)	sin(11)
(17)	+ (7)(16)
(23)	+ (17)(2)
(36)	+ (15)(23)
(9)	v13
(13)	sin(9)
(49)	7.727043928878707
(19)	sin(11)
(8)	v7
(24)	/ (1)(8)
(27)	v18
(33)	- (24)(27)
(35)	+ (8)(33)
(39)	e(35)
(25)	2.622872032067569
(45)	- (25)(13)
(55)	+ (39)(45)
(59)	- (55)(19)
(69)	+ (49)(59)
(91)	- (13)(69)
(0)	-4.593163605369748
(3)	/ (1)(0)
(21)	11.550224468818776
(29)	+ (3)(21)
(107)	+ (29)(55)
(120)	/ (107)(91)
(134)	e(120)
(139)	* (134)(36)
