(12)	v28
(1)	v3
(6)	v6
(13)	- (6)(1)
(18)	+ (13)(12)
(10)	v21
(17)	v23
(26)	+ (17)(10)
(29)	+ (18)(26)
(0)	5.97717650533836
(2)	+ (0)(1)
(4)	+ (1)(2)
(7)	abs(6)
(30)	/ (7)(4)
(55)	6.924782225422518
(56)	cos(13)
(96)	- (56)(55)
(118)	+ (30)(96)
(120)	/ (29)(118)
(62)	3.1914396836961565
(8)	sin(6)
(3)	v16
(11)	/ (10)(3)
(21)	- (11)(8)
(23)	sin(21)
(40)	v20
(16)	v19
(20)	* (2)(6)
(5)	16.011213508391172
(9)	- (8)(5)
(27)	tan(9)
(31)	/ (27)(20)
(33)	* (31)(16)
(37)	abs(33)
(41)	+ (37)(0)
(50)	v25
(69)	+ (41)(50)
(70)	- (40)(69)
(53)	10.385052303874872
(81)	+ (5)(53)
(87)	cos(81)
(98)	+ (87)(70)
(102)	- (98)(23)
(133)	/ (102)(62)
(139)	* (133)(120)
