(29)	v1
(2)	v28
(4)	-8.95649452554338
(5)	cos(4)
(6)	cos(5)
(30)	- (2)(6)
(33)	+ (30)(29)
(3)	v24
(12)	v0
(15)	v5
(17)	- (15)(12)
(23)	sin(17)
(58)	+ (3)(23)
(73)	+ (58)(33)
(69)	3.279717416860933
(42)	abs(12)
(49)	e(42)
(0)	v3
(8)	+ (0)(4)
(10)	abs(8)
(19)	* (10)(6)
(21)	v11
(41)	- (21)(19)
(53)	abs(41)
(75)	/ (49)(53)
(86)	+ (69)(75)
(87)	/ (73)(86)
(28)	-6.229492346324568
(20)	v23
(18)	13.480928137972136
(24)	- (18)(4)
(26)	+ (20)(24)
(9)	v21
(32)	- (9)(8)
(36)	/ (26)(32)
(52)	v23
(74)	- (36)(52)
(83)	/ (74)(28)
(11)	-7.589128196554075
(1)	v3
(31)	cos(1)
(45)	/ (31)(11)
(46)	cos(36)
(48)	- (46)(45)
(85)	e(48)
(92)	+ (83)(85)
(93)	+ (92)(92)
(139)	+ (87)(93)
