(37)	v21
(45)	sin(37)
(64)	e(45)
(50)	v23
(56)	v1
(79)	+ (56)(50)
(67)	v12
(5)	v5
(19)	v28
(27)	v24
(35)	+ (19)(27)
(47)	+ (35)(5)
(1)	v6
(0)	v26
(2)	4.059337611828127
(3)	- (2)(0)
(4)	sin(3)
(18)	- (4)(1)
(6)	v27
(7)	- (6)(2)
(9)	e(5)
(14)	-12.237670051486162
(23)	+ (9)(14)
(28)	/ (7)(23)
(10)	-3.5593741563108914
(12)	v24
(8)	v10
(11)	sin(8)
(22)	e(1)
(26)	* (11)(22)
(33)	+ (26)(12)
(34)	/ (33)(10)
(39)	- (28)(34)
(44)	e(39)
(52)	+ (44)(18)
(70)	- (47)(52)
(80)	- (70)(67)
(91)	+ (80)(79)
(93)	+ (64)(91)
(73)	-6.086178541936524
(128)	tan(73)
(139)	* (93)(128)
