(46)	19.019519146656286
(66)	sin(46)
(4)	v6
(14)	v3
(18)	v4
(12)	-2.518028435728464
(21)	abs(12)
(22)	/ (18)(21)
(24)	cos(22)
(31)	/ (14)(24)
(57)	- (4)(31)
(23)	v2
(0)	v25
(25)	v20
(27)	+ (25)(0)
(1)	v24
(2)	- (1)(0)
(8)	v28
(10)	+ (8)(2)
(6)	v7
(3)	-0.26399218481346765
(5)	+ (3)(1)
(9)	* (5)(8)
(11)	- (1)(9)
(20)	/ (11)(12)
(40)	- (20)(6)
(50)	- (40)(10)
(73)	- (27)(50)
(85)	- (73)(23)
(96)	+ (85)(57)
(102)	* (66)(96)
(15)	v21
(72)	v5
(78)	+ (15)(72)
(26)	4.439468886698808
(69)	sin(57)
(80)	- (69)(26)
(95)	cos(27)
(104)	+ (95)(80)
(130)	/ (78)(104)
(139)	- (102)(130)
