(27)	v3
(10)	v8
(23)	v24
(35)	- (23)(10)
(67)	- (27)(35)
(38)	v23
(47)	v5
(63)	+ (38)(47)
(0)	v0
(1)	v5
(2)	- (1)(0)
(13)	sin(2)
(24)	sin(13)
(40)	v21
(18)	v28
(28)	v20
(41)	+ (28)(18)
(43)	+ (40)(41)
(48)	+ (43)(24)
(56)	v1
(64)	+ (48)(56)
(71)	+ (64)(63)
(98)	- (71)(67)
(92)	2.9580105320650354
(4)	abs(0)
(7)	v12
(9)	+ (4)(7)
(17)	- (1)(7)
(50)	abs(17)
(82)	+ (50)(9)
(20)	13.819523758707305
(3)	cos(2)
(33)	sin(3)
(37)	- (33)(20)
(42)	- (28)(17)
(5)	e(2)
(6)	* (2)(5)
(19)	+ (13)(10)
(45)	* (19)(6)
(46)	- (42)(45)
(80)	sin(46)
(89)	- (37)(80)
(100)	- (82)(89)
(129)	/ (92)(100)
(139)	* (98)(129)
