(18)	v24
(25)	sin(18)
(2)	v5
(10)	v3
(13)	- (2)(10)
(20)	sin(13)
(0)	v21
(3)	sin(0)
(4)	v23
(1)	-18.102549904778048
(5)	/ (4)(1)
(8)	+ (4)(5)
(14)	+ (3)(8)
(23)	v28
(31)	+ (14)(23)
(36)	+ (20)(31)
(48)	+ (36)(25)
(9)	8.577062792801748
(7)	v7
(22)	- (10)(7)
(24)	* (22)(9)
(40)	/ (24)(1)
(58)	v6
(62)	+ (40)(58)
(81)	+ (48)(62)
(38)	16.790168164929227
(41)	abs(9)
(67)	/ (41)(38)
(30)	sin(23)
(32)	sin(30)
(15)	v10
(33)	-5.529922822211958
(44)	- (33)(15)
(61)	- (32)(44)
(64)	5.914917703778826
(71)	/ (61)(64)
(72)	sin(71)
(42)	* (3)(24)
(59)	cos(42)
(29)	v18
(35)	19.375968391027165
(68)	/ (35)(29)
(74)	/ (59)(68)
(82)	+ (74)(72)
(88)	e(82)
(131)	/ (67)(88)
(139)	* (131)(81)
