(1)	v23
(0)	v2
(2)	v1
(3)	- (2)(1)
(6)	- (0)(3)
(9)	+ (6)(1)
(27)	sin(9)
(60)	cos(27)
(18)	v16
(25)	abs(18)
(28)	- (25)(3)
(16)	-12.374557016109385
(7)	v2
(10)	+ (7)(6)
(33)	abs(10)
(35)	/ (18)(33)
(39)	+ (35)(16)
(12)	abs(10)
(29)	7.5913178088298565
(47)	- (29)(12)
(49)	/ (47)(39)
(61)	* (49)(28)
(77)	* (61)(60)
(31)	-6.592900720049229
(71)	/ (33)(31)
(4)	* (2)(2)
(8)	* (4)(7)
(15)	sin(8)
(13)	sin(8)
(17)	5.2466253735525505
(19)	+ (17)(13)
(34)	+ (15)(19)
(52)	v11
(63)	/ (52)(34)
(108)	- (0)(63)
(118)	+ (71)(108)
(139)	- (118)(77)
