(16)	v2
(21)	v11
(24)	sin(21)
(40)	- (24)(16)
(45)	v23
(73)	- (40)(45)
(115)	1.5950676797365944
(127)	/ (73)(115)
(1)	-2.1070948271346452
(11)	v15
(3)	v0
(9)	v25
(25)	+ (3)(9)
(32)	- (25)(11)
(38)	cos(32)
(39)	/ (38)(1)
(35)	sin(1)
(2)	abs(1)
(8)	7.556513052564892
(10)	v25
(12)	+ (10)(8)
(28)	- (2)(12)
(36)	v7
(37)	* (36)(28)
(42)	- (37)(35)
(23)	- (12)(11)
(29)	* (23)(11)
(0)	-15.658246685233937
(4)	v10
(18)	* (8)(4)
(47)	- (0)(18)
(50)	+ (29)(47)
(81)	+ (50)(42)
(5)	v23
(15)	tan(2)
(17)	+ (5)(15)
(33)	* (17)(9)
(49)	+ (12)(33)
(64)	3.9236343381343666
(78)	- (49)(64)
(93)	e(78)
(126)	/ (81)(93)
(130)	- (39)(126)
(139)	- (130)(127)
