(23)	v6
(26)	v26
(33)	v1
(44)	+ (26)(33)
(47)	+ (44)(23)
(75)	v2
(91)	+ (75)(47)
(3)	v24
(28)	cos(3)
(45)	v19
(59)	+ (45)(28)
(66)	cos(59)
(12)	4.000456145976624
(0)	-12.538803594758253
(4)	/ (0)(0)
(6)	+ (4)(0)
(7)	cos(6)
(19)	e(7)
(29)	* (12)(19)
(31)	v23
(43)	+ (29)(31)
(58)	19.926190649709092
(68)	/ (58)(43)
(101)	+ (66)(68)
(114)	/ (91)(101)
(32)	-3.969410712421862
(13)	sin(12)
(15)	v8
(30)	sin(15)
(36)	- (13)(30)
(55)	- (36)(32)
(1)	v4
(17)	-1.6395887935625595
(34)	v11
(69)	* (17)(34)
(86)	- (69)(1)
(128)	/ (86)(55)
(139)	+ (128)(114)
