(0)	-1.7736875114327262
(25)	5.536461304380673
(14)	8.682590963903714
(16)	v19
(24)	cos(16)
(34)	+ (24)(14)
(44)	- (34)(25)
(3)	1.2688096626119716
(5)	- (3)(0)
(19)	sin(5)
(7)	abs(0)
(22)	tan(7)
(26)	+ (19)(22)
(38)	v11
(39)	e(38)
(57)	+ (39)(26)
(70)	/ (57)(44)
(53)	5.854550020268704
(8)	- (5)(7)
(9)	tan(8)
(1)	v23
(2)	v9
(4)	- (2)(1)
(10)	* (4)(8)
(11)	/ (10)(9)
(12)	v6
(18)	+ (7)(12)
(54)	- (11)(18)
(56)	/ (53)(54)
(32)	v4
(31)	v1
(17)	v26
(36)	sin(17)
(37)	+ (31)(36)
(41)	- (37)(32)
(51)	+ (1)(41)
(59)	-2.340721940350715
(62)	- (59)(51)
(82)	/ (62)(56)
(125)	- (70)(82)
(139)	- (0)(125)
