(0)	v15
(3)	-19.111586831376087
(36)	- (3)(0)
(43)	v20
(44)	+ (36)(43)
(69)	5.098362141847165
(1)	15.781421320398422
(2)	+ (0)(0)
(11)	abs(2)
(18)	v19
(19)	abs(18)
(42)	* (11)(19)
(52)	* (43)(42)
(77)	+ (1)(52)
(80)	+ (77)(69)
(22)	v19
(27)	+ (22)(19)
(93)	e(27)
(99)	+ (80)(93)
(111)	/ (44)(99)
(35)	4.979091271837493
(7)	v19
(66)	cos(7)
(73)	+ (66)(35)
(4)	v23
(5)	+ (4)(0)
(40)	-6.582996162987467
(60)	- (40)(5)
(53)	v10
(6)	cos(5)
(17)	v9
(20)	+ (17)(6)
(32)	v11
(38)	- (20)(32)
(57)	sin(38)
(76)	+ (57)(53)
(85)	- (76)(60)
(109)	/ (85)(73)
(13)	3.9904873160818966
(14)	10.344945491557652
(29)	/ (14)(13)
(58)	v6
(24)	v2
(25)	- (24)(13)
(48)	sin(25)
(21)	v4
(49)	+ (20)(21)
(59)	+ (49)(48)
(84)	- (58)(59)
(115)	/ (84)(29)
(124)	+ (115)(109)
(139)	+ (124)(111)
