(0)	-3.597320561166061
(5)	v1
(10)	+ (5)(0)
(14)	abs(0)
(16)	abs(14)
(30)	* (10)(16)
(35)	cos(16)
(40)	/ (35)(30)
(13)	v7
(26)	abs(13)
(3)	cos(0)
(7)	* (0)(3)
(24)	cos(7)
(34)	v9
(41)	- (34)(24)
(52)	- (26)(41)
(70)	+ (52)(26)
(71)	* (40)(70)
(46)	1.6251491436555412
(94)	v1
(107)	/ (94)(46)
(1)	-8.538448288249416
(45)	- (13)(1)
(2)	v26
(8)	* (7)(2)
(9)	v13
(15)	- (8)(9)
(38)	v11
(56)	- (15)(38)
(76)	/ (56)(45)
(83)	v6
(4)	-9.70570492831241
(12)	v23
(51)	- (12)(4)
(63)	tan(14)
(64)	- (63)(51)
(28)	-0.7636953720412336
(29)	* (9)(28)
(39)	v3
(87)	sin(39)
(91)	/ (29)(87)
(106)	+ (91)(64)
(109)	/ (83)(106)
(117)	- (76)(109)
(135)	+ (107)(117)
(139)	+ (135)(71)
