(0)	16.742539215693462
(1)	v25
(2)	cos(1)
(3)	v1
(5)	/ (2)(3)
(6)	/ (5)(0)
(4)	cos(2)
(9)	- (5)(4)
(13)	+ (6)(9)
(14)	abs(3)
(16)	+ (13)(14)
(45)	sin(16)
(51)	-15.650183953750666
(25)	-3.1676837104107847
(48)	v20
(58)	cos(48)
(68)	- (25)(58)
(83)	/ (51)(68)
(84)	/ (45)(83)
(101)	e(84)
(19)	cos(9)
(38)	abs(19)
(8)	-3.6702634841572603
(41)	-8.635691190217853
(53)	/ (41)(8)
(55)	+ (53)(38)
(24)	v10
(11)	* (4)(3)
(22)	v26
(40)	+ (11)(22)
(26)	v7
(27)	sin(26)
(42)	sin(27)
(69)	+ (40)(42)
(96)	- (69)(24)
(110)	/ (96)(55)
(139)	* (101)(110)
