(0)	v1
(13)	2.115402799965839
(55)	/ (0)(13)
(1)	-1.0956732120944395
(2)	e(1)
(3)	cos(2)
(4)	3.301100033025776
(6)	+ (4)(3)
(22)	v10
(12)	v4
(15)	+ (2)(12)
(16)	+ (13)(15)
(18)	v27
(21)	/ (18)(16)
(25)	- (2)(21)
(43)	+ (22)(25)
(53)	/ (43)(6)
(89)	tan(53)
(105)	- (0)(89)
(8)	v12
(9)	abs(8)
(11)	v8
(14)	+ (11)(2)
(36)	+ (9)(14)
(33)	v5
(69)	cos(33)
(86)	e(69)
(7)	v13
(17)	* (7)(15)
(28)	- (17)(25)
(20)	/ (13)(17)
(41)	7.300511371553537
(54)	- (20)(41)
(62)	v7
(67)	* (54)(62)
(78)	/ (28)(67)
(99)	abs(78)
(113)	+ (99)(86)
(114)	e(113)
(121)	/ (36)(114)
(133)	+ (105)(121)
(139)	- (133)(55)
