(51)	5.396769154539491
(68)	cos(51)
(28)	v13
(4)	v5
(1)	v26
(7)	e(1)
(10)	+ (7)(4)
(21)	abs(10)
(36)	sin(21)
(41)	+ (28)(36)
(5)	-12.15097882644562
(13)	abs(5)
(23)	cos(13)
(30)	sin(23)
(48)	* (30)(41)
(74)	- (48)(41)
(88)	v1
(89)	+ (74)(88)
(96)	* (89)(68)
(37)	v26
(15)	v11
(0)	v0
(2)	cos(0)
(31)	- (7)(2)
(44)	- (31)(15)
(58)	+ (44)(37)
(76)	* (23)(58)
(35)	v1
(50)	v9
(6)	-6.282177026273557
(14)	- (2)(1)
(18)	cos(14)
(53)	+ (6)(18)
(54)	- (50)(53)
(77)	+ (54)(35)
(129)	/ (76)(77)
(139)	+ (129)(96)
