(2)	v21
(8)	e(2)
(9)	v7
(12)	/ (9)(8)
(20)	sin(12)
(22)	v9
(26)	+ (22)(20)
(31)	v15
(32)	+ (26)(31)
(0)	v6
(1)	18.02603586204153
(4)	tan(1)
(5)	/ (4)(0)
(6)	sin(2)
(16)	abs(6)
(33)	/ (16)(5)
(38)	- (32)(33)
(30)	-2.377573135963665
(59)	+ (30)(4)
(19)	/ (5)(2)
(24)	sin(19)
(10)	-6.85089308228779
(37)	/ (20)(10)
(44)	/ (37)(24)
(3)	-0.16194990443016977
(7)	sin(5)
(13)	* (7)(4)
(15)	+ (9)(13)
(28)	+ (15)(3)
(62)	cos(28)
(73)	+ (62)(59)
(84)	- (44)(73)
(102)	/ (59)(84)
(110)	e(102)
(139)	* (110)(38)
