(12)	4.379623844432757
(23)	e(12)
(2)	v13
(43)	cos(2)
(54)	/ (43)(23)
(1)	v1
(7)	sin(1)
(21)	5.458256171487136
(44)	/ (7)(21)
(16)	v7
(0)	8.917458266848723
(40)	tan(0)
(69)	* (16)(40)
(71)	- (44)(69)
(77)	- (71)(54)
(68)	v21
(27)	v18
(42)	tan(27)
(52)	cos(42)
(4)	- (0)(2)
(25)	sin(4)
(58)	tan(25)
(64)	+ (21)(58)
(72)	- (52)(64)
(85)	+ (68)(72)
(3)	e(2)
(13)	3.8553642728997097
(14)	/ (3)(13)
(36)	cos(14)
(38)	tan(25)
(55)	v0
(87)	- (38)(55)
(93)	/ (87)(36)
(8)	v6
(26)	v1
(5)	tan(3)
(17)	/ (4)(8)
(20)	/ (5)(17)
(29)	cos(20)
(48)	- (29)(26)
(53)	abs(48)
(56)	cos(53)
(101)	+ (8)(56)
(131)	- (101)(93)
(134)	/ (131)(85)
(139)	- (77)(134)
