(62)	v7
(5)	v27
(7)	e(5)
(13)	tan(7)
(18)	v23
(27)	tan(18)
(30)	sin(27)
(40)	* (13)(30)
(52)	sin(40)
(64)	cos(52)
(70)	cos(64)
(87)	* (70)(62)
(33)	2.683585808729056
(20)	tan(18)
(34)	* (20)(20)
(43)	e(34)
(58)	+ (43)(33)
(16)	-0.7182713792645004
(22)	v15
(66)	+ (16)(22)
(72)	/ (66)(58)
(0)	-1.7085581576501987
(3)	e(0)
(6)	* (5)(3)
(9)	sin(7)
(14)	abs(9)
(15)	* (6)(14)
(11)	* (3)(5)
(19)	* (11)(15)
(32)	+ (15)(19)
(2)	v1
(17)	* (2)(3)
(35)	sin(17)
(86)	+ (32)(35)
(114)	+ (72)(86)
(139)	+ (87)(114)
