(26)	v21
(2)	v12
(6)	-1.2325295457615937
(7)	cos(2)
(21)	- (6)(7)
(34)	/ (2)(21)
(35)	+ (26)(34)
(43)	sin(35)
(1)	v7
(11)	v27
(18)	+ (1)(11)
(49)	-1.9892830253918312
(86)	/ (18)(49)
(97)	- (43)(86)
(67)	sin(21)
(3)	v22
(8)	- (6)(3)
(13)	tan(8)
(19)	abs(13)
(53)	-5.202588576275783
(54)	+ (53)(19)
(28)	v5
(23)	v6
(37)	abs(23)
(41)	* (28)(37)
(63)	abs(41)
(65)	abs(63)
(66)	/ (65)(54)
(72)	e(66)
(108)	- (67)(72)
(120)	/ (97)(108)
(29)	v11
(94)	9.498473990210087
(14)	v23
(16)	+ (14)(11)
(15)	v9
(24)	tan(15)
(52)	+ (16)(24)
(46)	cos(28)
(93)	- (14)(46)
(96)	+ (52)(93)
(113)	- (94)(96)
(125)	/ (29)(113)
(139)	- (125)(120)
