(0)	v27
(2)	e(0)
(5)	v11
(3)	v6
(7)	+ (0)(3)
(8)	v12
(9)	- (7)(8)
(12)	+ (9)(5)
(31)	+ (2)(12)
(1)	-3.90847051165467
(10)	v5
(23)	e(10)
(39)	- (23)(1)
(45)	/ (31)(39)
(28)	15.821340461492667
(29)	cos(28)
(35)	v21
(38)	/ (35)(29)
(4)	sin(2)
(11)	cos(4)
(24)	v25
(49)	/ (24)(11)
(6)	v13
(40)	15.32871292734724
(52)	+ (40)(6)
(54)	- (52)(49)
(59)	cos(54)
(69)	- (59)(38)
(16)	- (1)(3)
(22)	cos(16)
(26)	abs(22)
(64)	e(26)
(14)	sin(10)
(43)	tan(14)
(72)	abs(43)
(92)	+ (72)(64)
(96)	/ (69)(92)
(139)	+ (96)(45)
