(6)	0.5488269585341641
(10)	v3
(12)	/ (6)(10)
(27)	sin(12)
(0)	-7.542824975976522
(2)	tan(0)
(31)	+ (2)(27)
(36)	+ (31)(27)
(16)	v27
(44)	v21
(53)	+ (16)(44)
(66)	/ (53)(36)
(9)	4.380253484888755
(17)	+ (9)(16)
(13)	v11
(20)	-2.82176141907183
(21)	+ (13)(20)
(22)	cos(21)
(35)	+ (17)(22)
(3)	v0
(5)	cos(3)
(34)	abs(5)
(39)	* (34)(16)
(48)	- (39)(35)
(28)	sin(20)
(15)	v1
(1)	v13
(26)	sin(17)
(37)	- (26)(1)
(60)	+ (37)(15)
(61)	+ (60)(28)
(77)	/ (61)(48)
(82)	+ (77)(66)
(90)	v7
(91)	- (90)(82)
(139)	* (91)(6)
