(22)	v7
(0)	v11
(7)	v12
(12)	- (7)(0)
(1)	7.099345820296591
(19)	v21
(29)	- (19)(1)
(35)	- (12)(29)
(39)	- (35)(22)
(45)	-3.5155242226147543
(75)	/ (39)(45)
(74)	cos(1)
(5)	-13.876116621963362
(9)	e(0)
(10)	- (9)(5)
(6)	v11
(13)	sin(6)
(16)	-1.220759598108927
(26)	/ (13)(16)
(28)	v27
(44)	+ (28)(26)
(47)	+ (10)(44)
(4)	v18
(11)	v15
(20)	+ (7)(11)
(32)	- (20)(10)
(40)	- (32)(4)
(3)	v6
(8)	v28
(17)	cos(8)
(24)	v27
(27)	+ (17)(24)
(23)	-2.027503468442813
(31)	v3
(36)	/ (31)(23)
(43)	+ (36)(27)
(58)	+ (43)(3)
(68)	+ (58)(40)
(82)	/ (47)(68)
(113)	e(82)
(117)	/ (74)(113)
(139)	+ (117)(75)
