(0)	v1
(28)	10.947641704241168
(32)	e(28)
(48)	tan(32)
(65)	/ (0)(48)
(16)	-9.695113634337918
(29)	v4
(38)	- (16)(29)
(6)	v6
(71)	* (29)(6)
(87)	cos(71)
(92)	+ (38)(87)
(1)	v27
(2)	v18
(4)	- (2)(1)
(5)	cos(4)
(11)	* (5)(5)
(14)	tan(11)
(21)	7.385699879666955
(43)	- (14)(21)
(51)	sin(0)
(67)	+ (43)(51)
(22)	v9
(12)	v3
(25)	cos(12)
(79)	+ (22)(25)
(101)	- (79)(67)
(102)	/ (92)(101)
(7)	v21
(10)	+ (7)(6)
(3)	- (1)(0)
(8)	/ (5)(5)
(13)	+ (3)(8)
(20)	+ (10)(13)
(72)	4.699506529356356
(74)	/ (20)(72)
(120)	e(74)
(127)	+ (102)(120)
(139)	+ (65)(127)
