(9)	5.527960038358511
(1)	v27
(18)	sin(1)
(28)	abs(18)
(34)	0.7067347678683191
(46)	+ (34)(28)
(71)	/ (9)(46)
(14)	sin(1)
(3)	v13
(4)	v25
(6)	- (3)(4)
(16)	* (6)(6)
(75)	- (16)(14)
(35)	v7
(15)	-0.08942395256342195
(0)	v26
(7)	* (0)(4)
(10)	e(7)
(37)	* (10)(9)
(53)	* (37)(15)
(72)	cos(53)
(88)	+ (72)(35)
(90)	+ (75)(88)
(93)	/ (90)(71)
(20)	v20
(11)	cos(1)
(21)	cos(9)
(22)	* (21)(1)
(33)	- (11)(22)
(42)	- (33)(20)
(32)	v1
(56)	v15
(70)	+ (56)(32)
(76)	- (70)(42)
(58)	e(15)
(83)	4.510400350763895
(96)	* (83)(58)
(111)	/ (76)(96)
(139)	+ (111)(93)
