(0)	v17
(4)	+ (0)(0)
(10)	v21
(14)	+ (10)(4)
(16)	v16
(36)	+ (14)(16)
(9)	v14
(6)	v1
(7)	sin(6)
(30)	+ (7)(6)
(37)	- (9)(30)
(35)	v8
(61)	v9
(68)	- (61)(35)
(32)	1.1936535510767143
(12)	v11
(15)	v18
(23)	- (12)(15)
(41)	cos(23)
(46)	- (32)(41)
(8)	-11.692138904008655
(21)	abs(8)
(52)	sin(21)
(69)	- (52)(46)
(70)	/ (68)(69)
(79)	+ (70)(37)
(82)	- (36)(79)
(73)	11.93237896476144
(34)	sin(23)
(18)	cos(4)
(31)	e(18)
(64)	/ (31)(35)
(71)	sin(64)
(85)	+ (71)(34)
(94)	-18.85733953960433
(99)	+ (94)(85)
(103)	/ (99)(73)
(122)	e(103)
(139)	* (82)(122)
