(6)	v15
(10)	8.995453184483118
(15)	/ (6)(10)
(30)	-0.3344757217730354
(46)	v1
(49)	/ (46)(30)
(53)	v9
(22)	v2
(23)	v2
(27)	+ (23)(22)
(0)	v17
(4)	-9.891948265027338
(13)	* (4)(0)
(17)	v13
(19)	+ (13)(17)
(29)	cos(19)
(44)	+ (27)(29)
(35)	2.384158550573872
(1)	v16
(24)	+ (0)(1)
(11)	v21
(25)	v14
(38)	- (25)(11)
(39)	- (24)(38)
(56)	* (35)(39)
(59)	- (56)(44)
(60)	+ (59)(53)
(91)	- (49)(60)
(68)	v25
(3)	v18
(5)	* (4)(3)
(7)	abs(5)
(20)	sin(7)
(2)	-5.792895061126417
(8)	/ (5)(2)
(32)	- (0)(8)
(47)	v19
(48)	+ (32)(47)
(34)	v14
(69)	- (4)(34)
(71)	+ (69)(48)
(75)	- (71)(20)
(119)	+ (75)(68)
(126)	/ (91)(119)
(139)	+ (126)(15)
