(0)	-2.2003748094362194
(4)	e(0)
(5)	v16
(6)	* (4)(5)
(3)	v2
(8)	- (5)(3)
(9)	+ (8)(6)
(13)	cos(9)
(1)	-2.4024436610842272
(17)	v21
(20)	+ (17)(1)
(29)	- (20)(13)
(39)	v25
(41)	sin(39)
(59)	e(41)
(65)	- (59)(29)
(31)	v21
(32)	v14
(42)	+ (31)(32)
(55)	v9
(58)	sin(55)
(69)	- (42)(58)
(71)	/ (69)(65)
(11)	tan(6)
(25)	v18
(28)	abs(25)
(48)	* (11)(28)
(12)	2.411702898861453
(7)	e(3)
(10)	v12
(14)	- (7)(10)
(15)	+ (12)(14)
(19)	v17
(35)	/ (19)(15)
(16)	/ (8)(12)
(33)	+ (31)(16)
(36)	v1
(38)	+ (33)(36)
(47)	/ (38)(1)
(110)	- (47)(35)
(131)	- (48)(110)
(139)	- (131)(71)
