(0)	v9
(5)	v27
(20)	* (0)(5)
(30)	-18.786719707514106
(42)	abs(30)
(55)	/ (20)(42)
(57)	e(55)
(14)	4.618092468224759
(2)	-10.50158170719806
(8)	- (0)(5)
(10)	v22
(21)	+ (10)(8)
(24)	+ (21)(2)
(32)	v17
(1)	v25
(11)	sin(1)
(12)	v10
(18)	+ (12)(11)
(6)	v6
(3)	v5
(7)	v16
(9)	- (3)(7)
(16)	* (6)(9)
(19)	-14.618452773410496
(34)	+ (19)(16)
(35)	+ (34)(18)
(36)	- (35)(32)
(46)	/ (24)(36)
(52)	- (14)(46)
(63)	tan(52)
(67)	* (63)(57)
(41)	-1.7848416741542117
(15)	-2.472063927833741
(28)	+ (15)(9)
(33)	- (6)(28)
(38)	v7
(48)	- (38)(33)
(51)	* (48)(46)
(69)	/ (51)(41)
(139)	- (67)(69)
