(19)	2.8242304009621755
(26)	v22
(9)	v6
(22)	v16
(4)	-0.328244252008453
(16)	e(4)
(3)	v8
(8)	sin(3)
(1)	v9
(5)	abs(1)
(10)	v5
(14)	- (10)(5)
(20)	- (14)(8)
(40)	/ (20)(16)
(46)	- (40)(22)
(59)	- (46)(9)
(0)	v7
(7)	sin(5)
(21)	abs(7)
(39)	tan(21)
(41)	+ (39)(0)
(6)	-3.530432294614144
(17)	+ (6)(7)
(23)	v16
(25)	/ (0)(23)
(29)	cos(25)
(38)	+ (17)(29)
(12)	/ (6)(9)
(32)	/ (14)(12)
(34)	+ (32)(4)
(49)	+ (1)(34)
(54)	/ (49)(38)
(61)	e(54)
(68)	/ (41)(61)
(75)	+ (68)(59)
(120)	+ (26)(75)
(139)	/ (120)(19)
