(3)	v13
(8)	v2
(22)	+ (3)(8)
(23)	sin(22)
(10)	3.7968129876753878
(24)	v14
(31)	+ (24)(10)
(36)	* (23)(31)
(53)	-17.92869695142614
(54)	- (36)(53)
(61)	15.833007462729782
(70)	/ (61)(54)
(90)	sin(70)
(1)	v8
(2)	sin(1)
(13)	cos(2)
(4)	e(1)
(0)	v5
(6)	v6
(7)	e(6)
(14)	+ (7)(0)
(17)	/ (4)(14)
(25)	- (13)(17)
(27)	cos(25)
(34)	cos(27)
(16)	+ (1)(6)
(18)	v16
(21)	+ (18)(16)
(11)	+ (3)(10)
(29)	sin(11)
(30)	/ (29)(11)
(38)	- (30)(21)
(50)	+ (0)(38)
(62)	/ (50)(34)
(9)	v9
(26)	v7
(52)	+ (9)(26)
(15)	v21
(43)	v26
(46)	sin(43)
(45)	v22
(56)	v26
(57)	+ (45)(56)
(58)	- (46)(57)
(60)	- (58)(15)
(72)	- (60)(52)
(79)	- (62)(72)
(108)	3.1317426256057317
(131)	/ (108)(79)
(139)	/ (90)(131)
