(6)	15.268094723617672
(4)	-10.126364381717075
(10)	tan(4)
(11)	* (10)(6)
(20)	v21
(24)	/ (20)(11)
(15)	v5
(21)	3.1057337779361447
(31)	/ (15)(21)
(43)	- (24)(31)
(45)	-9.00678671748496
(39)	+ (10)(4)
(18)	v6
(12)	v22
(30)	cos(12)
(32)	+ (30)(18)
(44)	+ (43)(32)
(49)	+ (44)(39)
(25)	v6
(33)	v6
(35)	+ (33)(25)
(41)	5.987390526689765
(54)	- (41)(35)
(80)	- (54)(49)
(88)	/ (45)(80)
(103)	/ (43)(88)
(1)	v8
(14)	- (12)(1)
(13)	v16
(16)	v7
(22)	- (13)(16)
(26)	- (14)(22)
(29)	4.134761140329513
(37)	/ (26)(29)
(67)	v9
(76)	* (67)(24)
(84)	- (37)(76)
(36)	v10
(72)	+ (36)(18)
(3)	v25
(34)	+ (24)(3)
(77)	-3.6840905516779934
(82)	- (77)(34)
(93)	/ (72)(82)
(132)	+ (84)(93)
(139)	+ (103)(132)
