(2)	v16
(3)	v22
(23)	sin(3)
(0)	v9
(5)	v14
(6)	- (0)(5)
(24)	* (6)(0)
(28)	+ (23)(24)
(42)	- (28)(2)
(9)	-12.790304307628592
(11)	v1
(47)	+ (11)(9)
(56)	+ (42)(47)
(1)	v1
(7)	- (1)(0)
(16)	3.221433982106035
(38)	+ (7)(16)
(55)	cos(38)
(57)	* (55)(42)
(59)	- (57)(47)
(78)	- (59)(56)
(44)	v2
(12)	abs(7)
(4)	- (0)(1)
(14)	+ (3)(11)
(15)	+ (14)(4)
(20)	- (12)(15)
(49)	* (23)(20)
(51)	+ (44)(49)
(34)	-4.0355749949065345
(63)	/ (20)(34)
(10)	17.130882071823173
(35)	v18
(65)	+ (35)(10)
(77)	- (65)(63)
(83)	- (51)(77)
(90)	/ (83)(78)
(19)	v0
(8)	cos(5)
(17)	cos(8)
(37)	v7
(45)	* (17)(37)
(48)	+ (45)(19)
(84)	cos(77)
(102)	- (84)(48)
(139)	* (102)(90)
