(8)	v18
(1)	v12
(3)	19.3364193747311
(4)	- (1)(3)
(9)	+ (8)(4)
(14)	cos(9)
(27)	v9
(26)	-1.3283619989726958
(0)	v27
(29)	cos(0)
(32)	/ (29)(26)
(35)	tan(32)
(38)	- (27)(35)
(53)	* (38)(14)
(64)	- (53)(8)
(7)	4.63613225389301
(21)	/ (14)(8)
(46)	abs(21)
(59)	+ (46)(7)
(60)	abs(59)
(5)	cos(1)
(6)	e(5)
(68)	+ (5)(6)
(69)	/ (60)(68)
(76)	/ (64)(69)
(39)	v0
(10)	- (5)(0)
(12)	v7
(13)	+ (10)(12)
(57)	- (10)(13)
(58)	- (57)(39)
(18)	-19.9528748446459
(56)	12.460936654122094
(90)	/ (18)(56)
(135)	/ (58)(90)
(139)	+ (135)(76)
