(1)	-14.420097039695502
(13)	cos(1)
(0)	v7
(2)	v18
(5)	- (2)(0)
(7)	v0
(8)	- (5)(7)
(26)	v0
(29)	v25
(31)	+ (26)(29)
(40)	- (8)(31)
(44)	* (40)(13)
(14)	-19.968337557540607
(20)	-3.716341411823194
(30)	- (20)(29)
(43)	+ (30)(2)
(48)	+ (14)(43)
(63)	15.894003729228807
(72)	- (48)(63)
(16)	v28
(21)	v22
(36)	tan(21)
(39)	/ (36)(16)
(49)	v14
(27)	* (16)(20)
(51)	tan(21)
(54)	- (51)(48)
(80)	+ (27)(54)
(87)	+ (80)(49)
(100)	+ (39)(87)
(105)	/ (72)(100)
(109)	e(105)
(126)	* (8)(109)
(139)	- (44)(126)
