(1)	v12
(2)	v9
(5)	- (2)(1)
(7)	v18
(8)	* (5)(7)
(21)	-6.601463735778484
(26)	/ (8)(21)
(31)	6.488561872577257
(42)	-9.91872260496288
(44)	* (42)(31)
(4)	sin(2)
(9)	abs(1)
(17)	- (4)(9)
(0)	4.365024299814845
(3)	v7
(6)	+ (3)(0)
(18)	* (6)(8)
(20)	+ (17)(18)
(24)	abs(20)
(11)	- (7)(4)
(13)	- (3)(11)
(22)	v0
(23)	+ (13)(22)
(28)	9.000897419988295
(32)	* (28)(23)
(53)	+ (24)(32)
(65)	/ (53)(44)
(73)	+ (65)(26)
(10)	3.2742999700719935
(19)	- (9)(6)
(27)	sin(19)
(12)	+ (2)(4)
(39)	/ (12)(6)
(46)	+ (27)(39)
(34)	abs(4)
(47)	v18
(48)	- (47)(34)
(63)	- (48)(46)
(25)	cos(18)
(38)	* (22)(13)
(51)	/ (25)(38)
(58)	cos(51)
(104)	+ (73)(58)
(107)	* (63)(104)
(123)	- (107)(10)
(139)	* (73)(123)
