(8)	v0
(0)	v9
(1)	v23
(3)	e(1)
(4)	* (0)(3)
(9)	- (4)(0)
(19)	/ (9)(8)
(6)	4.227754318636492
(10)	/ (4)(6)
(16)	v7
(22)	+ (10)(16)
(31)	+ (19)(22)
(23)	v18
(39)	+ (23)(19)
(2)	-9.734320818194986
(5)	- (2)(0)
(13)	cos(0)
(17)	+ (5)(13)
(18)	- (17)(0)
(20)	+ (9)(3)
(15)	v22
(14)	v24
(24)	+ (14)(23)
(25)	* (24)(15)
(26)	- (20)(25)
(34)	+ (18)(26)
(35)	-6.1745465115987095
(36)	/ (34)(35)
(41)	* (36)(8)
(48)	- (41)(39)
(49)	+ (31)(48)
(33)	17.766652811265097
(46)	cos(33)
(60)	sin(46)
(139)	* (49)(60)
