(2)	v5
(1)	-13.162863439283466
(3)	3.1755029044239578
(7)	/ (3)(1)
(12)	* (7)(2)
(20)	v22
(0)	v3
(4)	sin(0)
(14)	* (4)(4)
(9)	v18
(13)	+ (3)(9)
(15)	- (4)(1)
(17)	+ (15)(13)
(27)	+ (17)(14)
(29)	- (27)(20)
(28)	13.762448199785723
(36)	+ (28)(15)
(38)	/ (36)(29)
(21)	13.909790367375308
(22)	- (21)(14)
(58)	/ (27)(22)
(111)	/ (38)(58)
(43)	v20
(16)	+ (3)(14)
(30)	v3
(34)	cos(30)
(40)	- (34)(16)
(44)	5.625424889042037
(48)	+ (40)(44)
(5)	v10
(6)	+ (1)(5)
(52)	sin(6)
(60)	/ (52)(48)
(96)	+ (2)(60)
(128)	+ (96)(43)
(129)	/ (128)(111)
(139)	+ (12)(129)
