(4)	v10
(1)	-4.454640178583711
(5)	- (4)(1)
(10)	- (4)(5)
(13)	cos(10)
(22)	sin(13)
(81)	e(22)
(0)	v1
(9)	v2
(12)	+ (9)(0)
(15)	cos(12)
(2)	v19
(16)	* (12)(2)
(14)	-5.571470476791864
(3)	3.996557766326063
(17)	tan(16)
(20)	/ (17)(3)
(21)	- (20)(14)
(25)	+ (21)(16)
(7)	+ (2)(5)
(19)	v19
(23)	/ (19)(22)
(29)	- (23)(7)
(30)	/ (29)(25)
(35)	+ (30)(15)
(36)	-1.8363259563362853
(38)	/ (35)(36)
(11)	v17
(32)	v27
(34)	- (11)(32)
(50)	v20
(52)	+ (34)(50)
(97)	+ (38)(52)
(40)	-11.100640949944168
(48)	/ (38)(40)
(68)	e(48)
(71)	sin(68)
(98)	sin(71)
(130)	* (97)(98)
(139)	* (81)(130)
