(26)	9.042155979977728
(56)	sin(26)
(11)	v22
(5)	v26
(12)	cos(5)
(13)	1.5943387114876089
(14)	* (13)(12)
(16)	+ (11)(14)
(2)	v25
(15)	+ (2)(12)
(3)	sin(2)
(25)	sin(3)
(28)	+ (15)(25)
(60)	+ (28)(16)
(71)	* (56)(60)
(23)	abs(14)
(29)	v3
(30)	+ (29)(23)
(37)	v23
(63)	- (37)(30)
(7)	v18
(0)	v8
(4)	v8
(9)	* (4)(0)
(50)	+ (7)(9)
(118)	cos(50)
(120)	cos(118)
(8)	abs(3)
(27)	e(0)
(32)	+ (8)(27)
(33)	e(32)
(36)	3.536538158250515
(38)	- (4)(36)
(78)	/ (38)(33)
(100)	e(78)
(130)	e(100)
(136)	/ (120)(130)
(137)	* (63)(136)
(139)	+ (137)(71)
