(49)	v25
(39)	0.6320049580361697
(32)	v15
(47)	-11.055293462379844
(59)	/ (32)(47)
(61)	- (39)(59)
(91)	* (61)(49)
(1)	v26
(34)	sin(1)
(21)	-2.3977066067111963
(0)	-8.753845413656421
(2)	-4.2036772169036585
(10)	/ (0)(2)
(36)	v23
(38)	v12
(52)	* (38)(36)
(57)	/ (52)(10)
(66)	- (21)(57)
(4)	v2
(31)	v22
(30)	v8
(33)	e(30)
(3)	sin(0)
(7)	v24
(8)	* (3)(7)
(15)	v3
(20)	+ (8)(15)
(37)	sin(20)
(40)	/ (37)(33)
(42)	- (0)(40)
(62)	v7
(69)	/ (62)(42)
(75)	+ (40)(69)
(79)	- (75)(31)
(94)	+ (4)(79)
(112)	/ (94)(66)
(130)	+ (112)(34)
(139)	+ (91)(130)
