(0)	v26
(4)	cos(0)
(5)	v7
(6)	+ (5)(4)
(10)	cos(6)
(19)	v2
(22)	+ (19)(10)
(2)	v23
(11)	v22
(12)	+ (4)(11)
(24)	+ (2)(12)
(38)	- (22)(24)
(3)	v8
(26)	v25
(34)	v3
(37)	- (26)(34)
(74)	+ (37)(3)
(86)	- (74)(38)
(9)	abs(3)
(14)	sin(9)
(35)	abs(14)
(45)	e(35)
(1)	-11.068191554395682
(8)	abs(2)
(15)	+ (8)(1)
(18)	sin(15)
(31)	* (10)(18)
(62)	cos(31)
(81)	/ (62)(45)
(33)	- (1)(18)
(7)	* (4)(1)
(23)	sin(7)
(44)	* (19)(34)
(46)	- (23)(44)
(54)	- (46)(33)
(39)	-5.398968631244001
(40)	- (0)(34)
(67)	- (40)(39)
(94)	/ (67)(54)
(107)	+ (81)(94)
(111)	e(107)
(139)	/ (86)(111)
