(1)	v17
(41)	cos(1)
(44)	abs(41)
(18)	v2
(0)	v27
(5)	v0
(10)	/ (0)(5)
(46)	cos(10)
(51)	+ (46)(18)
(53)	+ (44)(51)
(16)	2.833299839512918
(35)	-14.345881056808496
(7)	v4
(3)	v1
(8)	- (5)(3)
(21)	v8
(26)	- (8)(21)
(45)	- (26)(7)
(50)	+ (35)(45)
(56)	/ (16)(50)
(86)	* (53)(56)
(4)	-5.5831824147181806
(9)	v26
(19)	- (4)(9)
(28)	cos(19)
(6)	- (0)(3)
(14)	2.5466567193474745
(27)	/ (6)(14)
(31)	+ (27)(5)
(12)	v19
(15)	- (1)(12)
(48)	- (26)(15)
(52)	- (48)(31)
(76)	- (28)(52)
(91)	/ (76)(16)
(139)	+ (86)(91)
