(26)	6.574842207601339
(39)	tan(26)
(43)	v19
(10)	v26
(50)	cos(10)
(51)	- (43)(50)
(56)	* (51)(39)
(95)	sin(56)
(1)	v8
(12)	v2
(5)	-5.292857037957329
(30)	- (5)(12)
(31)	/ (12)(30)
(46)	+ (1)(31)
(21)	-2.8988621403845727
(7)	v17
(8)	abs(5)
(17)	sin(8)
(52)	cos(17)
(110)	- (52)(7)
(120)	/ (110)(21)
(127)	+ (46)(120)
(129)	- (127)(95)
(18)	-1.3933532001167563
(3)	0.120642995427378
(9)	/ (3)(5)
(11)	v18
(14)	+ (10)(11)
(16)	* (14)(8)
(23)	* (9)(16)
(24)	+ (1)(23)
(25)	/ (24)(18)
(0)	v1
(13)	/ (0)(5)
(71)	+ (13)(23)
(138)	- (25)(71)
(139)	+ (129)(138)
