(39)	4.998549287884462
(43)	-8.7239970747388
(57)	* (39)(43)
(10)	5.3817929941081175
(25)	v17
(26)	- (25)(10)
(47)	v24
(49)	+ (47)(26)
(53)	e(49)
(70)	abs(53)
(76)	- (70)(57)
(0)	v27
(37)	v8
(5)	v26
(6)	abs(5)
(8)	v1
(22)	- (5)(8)
(24)	v18
(61)	- (22)(24)
(67)	+ (61)(6)
(71)	- (37)(67)
(87)	+ (0)(71)
(90)	+ (87)(76)
(29)	v14
(1)	-1.449210768247987
(2)	abs(0)
(3)	+ (1)(2)
(9)	sin(3)
(11)	sin(9)
(19)	v2
(50)	- (19)(11)
(81)	+ (50)(29)
(54)	9.819335179782627
(100)	* (54)(43)
(119)	- (100)(81)
(125)	/ (119)(90)
(83)	e(53)
(33)	13.731489428109057
(30)	v19
(82)	+ (33)(30)
(106)	v26
(111)	- (82)(106)
(114)	/ (33)(111)
(126)	+ (114)(83)
(132)	+ (125)(126)
(139)	* (132)(39)
