(2)	11.327135255857357
(8)	2.2140528071866328
(11)	- (8)(2)
(0)	v26
(6)	cos(0)
(1)	v17
(3)	v8
(4)	+ (3)(1)
(5)	-0.09249794153152635
(9)	/ (4)(5)
(10)	v22
(12)	+ (9)(10)
(15)	v27
(27)	- (15)(10)
(33)	e(27)
(35)	abs(33)
(36)	+ (33)(35)
(38)	- (36)(12)
(40)	+ (6)(38)
(41)	/ (40)(11)
(22)	v19
(13)	cos(2)
(37)	v1
(42)	- (13)(37)
(45)	+ (22)(42)
(73)	+ (45)(41)
(7)	+ (6)(0)
(47)	- (7)(22)
(54)	cos(47)
(19)	* (7)(11)
(32)	abs(19)
(53)	-5.076159697977367
(18)	v18
(25)	- (6)(18)
(34)	sin(25)
(55)	+ (34)(11)
(56)	- (53)(55)
(70)	+ (56)(32)
(80)	/ (54)(70)
(83)	- (80)(13)
(139)	* (83)(73)
