(0)	0.2390828535206566
(2)	* (0)(0)
(37)	abs(2)
(65)	tan(0)
(16)	v27
(14)	v19
(20)	- (2)(14)
(7)	1.1958471194726883
(23)	v18
(25)	- (23)(7)
(30)	+ (20)(25)
(31)	+ (16)(30)
(53)	v2
(56)	- (31)(53)
(35)	v26
(59)	cos(35)
(63)	+ (56)(59)
(10)	v8
(9)	v1
(17)	v17
(48)	+ (17)(9)
(1)	v1
(4)	cos(1)
(27)	v22
(38)	- (4)(27)
(43)	v20
(12)	v20
(21)	- (12)(14)
(3)	-4.603134174999738
(39)	+ (27)(3)
(47)	- (21)(39)
(49)	+ (43)(47)
(50)	/ (38)(49)
(51)	+ (50)(48)
(68)	+ (51)(10)
(80)	+ (68)(63)
(133)	* (80)(65)
(139)	+ (37)(133)
