(2)	v8
(0)	v19
(4)	v1
(9)	- (4)(0)
(5)	v5
(17)	sin(5)
(23)	cos(17)
(33)	v2
(1)	-1.755521347304363
(21)	v17
(24)	- (2)(21)
(27)	v27
(28)	+ (27)(24)
(35)	/ (28)(1)
(36)	+ (33)(35)
(40)	* (23)(36)
(34)	-2.216114784001949
(43)	cos(34)
(46)	/ (21)(43)
(47)	+ (40)(46)
(49)	- (9)(47)
(79)	+ (2)(49)
(45)	3.8530923523841842
(11)	+ (5)(2)
(51)	18.54614820100936
(57)	+ (11)(51)
(64)	8.729450462436546
(65)	- (64)(57)
(6)	+ (1)(2)
(19)	- (6)(2)
(3)	* (1)(2)
(10)	- (9)(3)
(26)	abs(10)
(60)	* (24)(26)
(80)	+ (60)(19)
(83)	/ (80)(65)
(130)	- (45)(83)
(139)	/ (79)(130)
