(6)	-9.924946980851708
(19)	v22
(26)	cos(19)
(40)	e(26)
(53)	+ (6)(40)
(58)	v26
(60)	- (53)(58)
(9)	-14.470941293312546
(11)	v7
(14)	/ (9)(11)
(1)	-5.51729344942637
(15)	/ (14)(1)
(41)	* (14)(15)
(50)	sin(41)
(17)	-11.777493375737835
(18)	/ (17)(6)
(27)	* (11)(18)
(32)	- (1)(27)
(24)	v10
(25)	cos(24)
(48)	tan(25)
(54)	- (48)(32)
(74)	- (54)(50)
(93)	+ (26)(74)
(100)	/ (93)(60)
(104)	e(100)
(0)	v26
(3)	cos(0)
(4)	/ (3)(1)
(7)	- (4)(0)
(44)	- (27)(7)
(23)	v14
(28)	sin(23)
(61)	sin(28)
(114)	v25
(121)	- (114)(61)
(129)	- (44)(121)
(139)	* (104)(129)
