(0)	v14
(1)	v26
(27)	+ (1)(0)
(8)	-2.1840873564627827
(35)	v25
(43)	/ (35)(8)
(28)	v7
(44)	- (27)(28)
(37)	-1.125847861036533
(57)	tan(37)
(69)	/ (44)(57)
(20)	v23
(23)	cos(20)
(85)	/ (23)(57)
(101)	e(85)
(106)	/ (69)(101)
(108)	+ (43)(106)
(109)	+ (27)(108)
(6)	12.872705152972614
(5)	v2
(13)	cos(5)
(16)	/ (13)(6)
(68)	-10.998640150888255
(10)	v5
(2)	- (1)(0)
(3)	8.878237487556738
(9)	- (2)(3)
(17)	sin(9)
(21)	- (17)(13)
(25)	* (21)(10)
(33)	+ (28)(25)
(56)	4.297078936089189
(78)	* (56)(33)
(97)	- (68)(78)
(110)	* (16)(97)
(130)	cos(110)
(139)	* (109)(130)
