(1)	5.207600727431505
(4)	v20
(6)	sin(4)
(9)	v19
(0)	3.885275384977316
(14)	cos(0)
(15)	v7
(17)	/ (15)(14)
(24)	+ (9)(17)
(29)	+ (6)(24)
(34)	/ (29)(1)
(7)	v26
(12)	- (1)(7)
(13)	v6
(39)	+ (12)(13)
(58)	+ (34)(39)
(8)	3.297843196244415
(59)	-0.18234134702409222
(40)	-2.967841669319821
(26)	e(14)
(27)	v28
(36)	* (27)(26)
(10)	sin(9)
(38)	- (10)(12)
(41)	+ (38)(36)
(2)	abs(0)
(11)	v21
(16)	- (2)(11)
(53)	abs(16)
(60)	- (53)(41)
(62)	/ (40)(60)
(69)	- (59)(62)
(32)	-7.699454123468964
(25)	v17
(45)	15.868458990549371
(78)	- (25)(45)
(81)	/ (32)(78)
(89)	+ (81)(69)
(90)	/ (8)(89)
(139)	- (58)(90)
