(1)	-17.435110266526795
(4)	v15
(7)	+ (1)(4)
(2)	v7
(14)	v22
(15)	- (2)(14)
(19)	+ (7)(15)
(16)	9.95845589297993
(21)	v21
(24)	- (16)(21)
(35)	/ (19)(24)
(0)	v26
(6)	tan(0)
(8)	e(6)
(5)	v25
(9)	e(5)
(11)	e(9)
(13)	+ (8)(11)
(36)	v28
(51)	/ (36)(13)
(65)	- (51)(35)
(27)	v17
(29)	v12
(30)	- (29)(27)
(49)	v6
(64)	- (49)(30)
(33)	8.95589039562936
(3)	v25
(20)	v24
(44)	+ (3)(20)
(52)	- (44)(33)
(67)	2.528238739537624
(71)	/ (52)(67)
(74)	+ (71)(64)
(18)	-5.502392600172467
(10)	-10.316210056057095
(38)	- (30)(10)
(46)	v26
(50)	- (46)(38)
(77)	/ (18)(50)
(101)	* (77)(74)
(139)	+ (101)(65)
