(35)	-2.189620232065394
(51)	-3.9068071215727542
(0)	v20
(1)	v11
(4)	+ (1)(0)
(5)	v19
(8)	+ (4)(5)
(13)	v21
(20)	+ (8)(13)
(48)	/ (20)(35)
(10)	cos(1)
(14)	cos(10)
(42)	e(14)
(2)	v6
(7)	- (2)(0)
(12)	e(7)
(3)	v10
(16)	- (2)(3)
(17)	+ (12)(16)
(18)	v1
(19)	- (17)(18)
(27)	abs(19)
(33)	- (27)(0)
(15)	cos(5)
(23)	1.0375879067162757
(26)	- (15)(23)
(38)	- (26)(17)
(47)	+ (38)(33)
(55)	/ (47)(42)
(24)	v27
(72)	v17
(82)	- (72)(24)
(84)	- (82)(55)
(86)	- (48)(84)
(103)	/ (86)(51)
(36)	18.1694432727844
(105)	tan(36)
(132)	* (103)(105)
(139)	* (35)(132)
