(26)	v6
(3)	v21
(5)	v5
(12)	+ (3)(5)
(8)	-0.29613791833673986
(4)	v27
(10)	v20
(13)	- (10)(4)
(15)	+ (8)(13)
(35)	+ (12)(15)
(37)	+ (35)(26)
(54)	3.6875571526607374
(59)	/ (37)(54)
(16)	-0.10272253006192855
(23)	1.5248988499550684
(19)	v10
(21)	e(19)
(7)	v14
(28)	cos(7)
(29)	* (28)(23)
(31)	+ (28)(29)
(33)	+ (31)(21)
(1)	-3.043580604236329
(9)	- (5)(4)
(11)	- (1)(9)
(14)	- (11)(13)
(25)	v15
(27)	+ (25)(23)
(34)	* (27)(14)
(39)	+ (34)(33)
(46)	/ (23)(39)
(58)	/ (16)(46)
(2)	/ (1)(1)
(6)	v19
(17)	4.500704771986342
(45)	/ (17)(6)
(71)	/ (2)(45)
(75)	+ (71)(58)
(139)	+ (59)(75)
