(11)	0.3412823931167388
(6)	v5
(21)	v15
(23)	+ (21)(6)
(17)	v26
(22)	v6
(9)	v19
(10)	v27
(15)	- (10)(9)
(1)	3.8817864427718938
(25)	v11
(29)	- (1)(25)
(30)	+ (29)(15)
(32)	+ (22)(30)
(44)	* (32)(17)
(7)	v22
(13)	abs(7)
(0)	v11
(26)	/ (0)(22)
(31)	* (26)(13)
(40)	15.937722270438606
(48)	- (31)(40)
(49)	/ (44)(48)
(3)	v20
(12)	v6
(16)	- (12)(15)
(35)	+ (3)(16)
(2)	- (0)(1)
(8)	v16
(18)	sin(8)
(27)	+ (18)(2)
(28)	sin(22)
(38)	- (27)(28)
(41)	/ (38)(29)
(53)	/ (35)(41)
(74)	- (49)(53)
(120)	+ (23)(74)
(139)	* (11)(120)
