(35)	19.47303537887457
(41)	sin(35)
(7)	v28
(14)	v5
(0)	v21
(1)	v20
(11)	v27
(19)	- (11)(1)
(31)	- (19)(0)
(33)	- (14)(31)
(38)	+ (7)(33)
(63)	* (38)(41)
(32)	v6
(2)	v14
(26)	v22
(42)	- (26)(2)
(43)	- (32)(42)
(3)	-1.6264132811907075
(21)	v25
(23)	/ (21)(3)
(4)	v10
(6)	* (2)(1)
(44)	+ (6)(4)
(48)	+ (44)(23)
(62)	- (48)(43)
(17)	- (3)(1)
(12)	+ (4)(1)
(24)	e(12)
(20)	* (17)(14)
(5)	16.015013369528397
(8)	sin(5)
(16)	e(8)
(22)	- (3)(16)
(27)	+ (20)(22)
(53)	/ (27)(24)
(64)	+ (17)(53)
(67)	/ (62)(64)
(85)	+ (63)(67)
(139)	* (41)(85)
