(1)	-5.395601403201722
(3)	v5
(4)	/ (3)(1)
(38)	e(4)
(5)	v10
(9)	+ (5)(1)
(10)	v6
(35)	/ (10)(9)
(16)	v27
(13)	v26
(19)	+ (13)(1)
(23)	cos(9)
(26)	+ (19)(23)
(42)	- (16)(26)
(8)	v19
(33)	v9
(43)	+ (8)(33)
(46)	/ (43)(42)
(22)	v20
(11)	cos(10)
(29)	-5.683821894174287
(31)	+ (29)(11)
(32)	+ (31)(22)
(2)	v17
(12)	- (10)(1)
(30)	+ (2)(12)
(34)	v26
(6)	cos(5)
(7)	v27
(17)	- (7)(6)
(37)	e(17)
(44)	+ (37)(34)
(48)	- (44)(30)
(56)	/ (48)(32)
(27)	v21
(18)	9.802253419384861
(20)	sin(18)
(59)	- (19)(20)
(66)	/ (27)(59)
(69)	- (56)(66)
(72)	+ (69)(46)
(88)	- (72)(35)
(139)	- (88)(38)
