(62)	v17
(4)	v25
(7)	3.5827448367064108
(17)	+ (7)(4)
(15)	0.721049646539722
(9)	v13
(1)	v18
(5)	cos(1)
(11)	- (9)(5)
(12)	* (11)(9)
(24)	+ (7)(12)
(36)	/ (24)(15)
(56)	/ (17)(36)
(0)	v15
(3)	sin(1)
(10)	- (3)(0)
(22)	-17.014190648448107
(54)	/ (10)(22)
(2)	v17
(19)	sin(2)
(38)	+ (19)(10)
(26)	v0
(28)	- (26)(11)
(48)	v14
(50)	+ (28)(48)
(53)	+ (50)(24)
(72)	/ (38)(53)
(13)	* (9)(4)
(14)	cos(13)
(61)	sin(14)
(6)	-11.179629208216305
(16)	v27
(31)	v12
(43)	- (16)(31)
(68)	/ (43)(6)
(71)	* (68)(61)
(73)	tan(71)
(85)	- (73)(72)
(115)	+ (54)(85)
(138)	/ (115)(56)
(139)	+ (138)(62)
