(36)	v2
(18)	13.013948253409701
(30)	v14
(47)	- (18)(30)
(79)	- (36)(47)
(83)	-9.816988354807545
(89)	/ (83)(79)
(15)	v17
(26)	v7
(33)	/ (26)(18)
(55)	- (15)(33)
(2)	v15
(9)	cos(2)
(11)	3.771799259846258
(21)	/ (9)(11)
(34)	v18
(63)	* (34)(21)
(1)	v19
(0)	v2
(3)	* (1)(0)
(7)	* (1)(3)
(8)	tan(7)
(6)	cos(0)
(12)	- (6)(11)
(19)	+ (8)(12)
(25)	cos(19)
(57)	abs(25)
(64)	+ (9)(57)
(84)	* (64)(63)
(93)	- (55)(84)
(76)	v15
(5)	e(1)
(10)	- (1)(7)
(13)	abs(10)
(14)	+ (5)(13)
(28)	/ (14)(6)
(38)	/ (28)(11)
(45)	abs(38)
(66)	e(45)
(97)	+ (45)(66)
(105)	/ (76)(97)
(113)	+ (105)(93)
(139)	* (113)(89)
