(22)	-4.426105447723977
(44)	sin(22)
(45)	cos(44)
(10)	v15
(0)	7.641532414318853
(1)	v17
(2)	* (1)(0)
(12)	v2
(15)	- (0)(12)
(28)	/ (2)(15)
(74)	+ (28)(10)
(35)	-2.5802096343487726
(36)	v13
(59)	/ (36)(35)
(16)	v21
(23)	+ (16)(10)
(7)	3.1051688989811232
(8)	v23
(9)	- (8)(1)
(4)	- (0)(1)
(6)	v22
(18)	+ (4)(6)
(21)	+ (18)(9)
(25)	* (23)(10)
(50)	+ (25)(21)
(55)	- (7)(50)
(75)	/ (23)(55)
(5)	v18
(17)	+ (5)(7)
(30)	v13
(13)	v5
(31)	abs(13)
(38)	sin(31)
(43)	* (38)(30)
(78)	- (17)(43)
(82)	* (75)(78)
(84)	- (59)(82)
(108)	- (74)(84)
(139)	* (45)(108)
