(1)	13.090824880006977
(6)	sin(1)
(8)	cos(6)
(19)	v17
(21)	* (8)(19)
(23)	-8.177276957752664
(24)	v15
(25)	+ (24)(23)
(29)	sin(25)
(51)	v18
(60)	* (51)(29)
(64)	5.13165916162421
(69)	+ (64)(60)
(0)	13.639231324378642
(3)	12.126275757434527
(4)	* (3)(0)
(5)	v27
(16)	- (5)(4)
(20)	sin(16)
(39)	v2
(40)	+ (39)(20)
(53)	abs(40)
(71)	-6.682882117905891
(72)	+ (53)(71)
(76)	- (72)(19)
(78)	/ (76)(69)
(46)	v21
(35)	v6
(42)	cos(35)
(48)	abs(42)
(57)	- (46)(48)
(85)	/ (57)(23)
(94)	+ (85)(78)
(106)	+ (21)(94)
(58)	3.483382360396824
(49)	-0.00213996686767004
(2)	-19.57919481300873
(9)	/ (2)(8)
(10)	e(8)
(27)	- (9)(10)
(31)	v13
(43)	* (31)(27)
(7)	* (5)(6)
(26)	- (20)(7)
(28)	cos(26)
(47)	* (23)(28)
(56)	+ (43)(47)
(63)	abs(2)
(67)	- (56)(63)
(77)	* (67)(49)
(122)	* (77)(58)
(126)	+ (106)(122)
(18)	tan(9)
(61)	v15
(44)	cos(26)
(70)	abs(44)
(74)	cos(70)
(88)	- (74)(58)
(90)	- (61)(88)
(129)	* (18)(90)
(139)	- (126)(129)
