(18)	3.532572977490016
(20)	tan(18)
(32)	0.31166848854775253
(3)	-4.558765709160891
(8)	abs(3)
(0)	v23
(2)	e(0)
(6)	+ (0)(2)
(13)	12.33173845336347
(14)	- (6)(13)
(29)	/ (8)(14)
(40)	v9
(45)	e(40)
(57)	- (29)(45)
(61)	/ (32)(57)
(27)	v11
(16)	v19
(28)	- (0)(16)
(30)	+ (27)(28)
(7)	cos(3)
(48)	abs(7)
(19)	v18
(44)	+ (14)(2)
(49)	* (19)(44)
(50)	* (49)(48)
(52)	+ (30)(50)
(54)	/ (52)(13)
(87)	e(54)
(9)	/ (0)(8)
(24)	- (3)(9)
(41)	v27
(63)	- (18)(41)
(91)	/ (63)(24)
(95)	+ (91)(87)
(99)	+ (95)(61)
(139)	/ (99)(20)
