(18)	11.913600757695235
(47)	v25
(50)	- (18)(47)
(81)	0.016582561318895017
(129)	* (50)(81)
(1)	v14
(0)	v27
(2)	v18
(8)	- (0)(2)
(20)	- (8)(1)
(14)	v20
(6)	cos(0)
(7)	- (6)(2)
(19)	abs(8)
(30)	- (19)(7)
(13)	v1
(25)	* (18)(13)
(31)	sin(25)
(34)	- (30)(31)
(45)	+ (14)(34)
(10)	v27
(11)	v19
(12)	- (10)(11)
(3)	v24
(5)	- (3)(1)
(9)	cos(5)
(15)	- (9)(0)
(16)	+ (10)(15)
(41)	+ (13)(16)
(48)	+ (12)(41)
(82)	+ (45)(48)
(87)	+ (20)(82)
(59)	v23
(71)	v9
(111)	+ (71)(59)
(136)	+ (111)(87)
(139)	* (136)(129)
