(4)	3.768814437389196
(13)	v13
(23)	- (4)(13)
(29)	v24
(34)	/ (29)(23)
(2)	v27
(7)	cos(2)
(0)	-1.7536749717611677
(1)	v23
(3)	- (1)(0)
(14)	* (3)(13)
(59)	- (7)(14)
(63)	v2
(68)	+ (63)(59)
(21)	-15.477579782585282
(10)	e(1)
(24)	cos(10)
(35)	sin(24)
(69)	+ (35)(21)
(74)	+ (68)(69)
(9)	v19
(16)	- (9)(1)
(12)	/ (0)(2)
(18)	/ (4)(12)
(46)	+ (16)(18)
(77)	* (23)(46)
(78)	/ (77)(74)
(22)	v26
(17)	v11
(28)	1.2015460154316244
(30)	* (17)(28)
(31)	+ (22)(30)
(15)	v2
(32)	* (1)(15)
(54)	abs(29)
(60)	- (54)(32)
(41)	v3
(47)	v1
(61)	- (41)(47)
(67)	+ (60)(61)
(71)	- (67)(31)
(88)	-7.5436124282324
(101)	/ (71)(88)
(116)	+ (101)(78)
(139)	+ (116)(34)
