(7)	-5.578214210929492
(12)	v15
(14)	- (7)(12)
(0)	v1
(1)	v26
(2)	- (0)(0)
(5)	- (1)(2)
(8)	v5
(11)	+ (5)(8)
(22)	- (0)(11)
(3)	v17
(15)	cos(3)
(37)	v12
(40)	+ (37)(15)
(42)	- (40)(22)
(79)	cos(42)
(83)	+ (14)(79)
(13)	* (5)(7)
(19)	sin(13)
(21)	+ (0)(19)
(20)	v20
(16)	e(8)
(18)	+ (16)(2)
(35)	* (18)(12)
(50)	+ (20)(35)
(52)	+ (21)(50)
(64)	-16.14934244842282
(71)	- (64)(52)
(90)	7.446613909338751
(103)	/ (71)(90)
(105)	/ (103)(83)
(24)	v27
(33)	- (20)(11)
(53)	+ (33)(24)
(26)	v28
(4)	v7
(31)	- (4)(12)
(36)	+ (26)(31)
(57)	1.6731300292818148
(76)	/ (36)(57)
(82)	+ (3)(76)
(136)	+ (82)(53)
(139)	* (136)(105)
