(2)	-14.728664076257747
(0)	-2.9342017498589996
(3)	sin(0)
(4)	v21
(5)	+ (3)(4)
(6)	/ (5)(2)
(12)	v12
(11)	v8
(13)	* (11)(3)
(15)	* (12)(13)
(16)	- (15)(12)
(1)	v5
(8)	v26
(9)	- (5)(8)
(19)	- (15)(9)
(34)	+ (19)(1)
(39)	+ (34)(16)
(51)	/ (39)(0)
(66)	+ (6)(51)
(17)	-8.321412918650388
(22)	v6
(46)	abs(22)
(54)	- (46)(17)
(26)	v2
(33)	v7
(41)	- (33)(26)
(31)	cos(2)
(27)	v0
(10)	cos(2)
(20)	v17
(23)	/ (20)(10)
(28)	v27
(32)	- (28)(23)
(36)	+ (32)(27)
(43)	/ (36)(31)
(53)	- (41)(43)
(56)	+ (16)(53)
(62)	/ (56)(54)
(14)	v6
(40)	cos(14)
(44)	sin(40)
(59)	abs(44)
(60)	- (59)(6)
(74)	abs(40)
(89)	cos(74)
(117)	+ (89)(60)
(120)	* (62)(117)
(139)	+ (66)(120)
