(7)	-1.752249978049889
(9)	v17
(21)	-3.6741558472925178
(23)	+ (9)(21)
(27)	v26
(33)	- (23)(27)
(37)	+ (33)(7)
(49)	2.869530055073529
(99)	/ (37)(49)
(3)	v2
(15)	v21
(35)	- (3)(15)
(11)	-4.54159080231773
(77)	tan(11)
(87)	/ (35)(77)
(4)	v7
(0)	v14
(10)	- (7)(0)
(14)	/ (4)(10)
(18)	cos(14)
(1)	v27
(12)	e(1)
(16)	- (11)(1)
(22)	cos(10)
(25)	- (22)(16)
(43)	+ (25)(12)
(59)	/ (18)(43)
(65)	e(59)
(84)	e(65)
(17)	v8
(2)	v26
(24)	/ (2)(11)
(45)	+ (17)(24)
(6)	v5
(8)	6.08027142330533
(13)	- (6)(8)
(34)	v7
(39)	- (13)(34)
(63)	v28
(76)	- (63)(39)
(113)	+ (45)(76)
(122)	/ (113)(84)
(137)	+ (122)(87)
(139)	+ (137)(99)
