(3)	v21
(8)	v28
(9)	+ (8)(3)
(0)	v15
(10)	v20
(15)	- (0)(10)
(30)	- (9)(15)
(7)	v0
(20)	sin(7)
(27)	v7
(52)	+ (20)(27)
(62)	+ (30)(52)
(1)	-4.594674185250959
(2)	v8
(14)	cos(2)
(6)	v13
(37)	9.207011924878621
(43)	* (37)(6)
(47)	+ (14)(43)
(50)	cos(47)
(66)	+ (1)(50)
(22)	v17
(23)	1.638190257655971
(40)	* (23)(22)
(71)	cos(40)
(80)	- (71)(66)
(92)	/ (62)(80)
(4)	v26
(13)	v17
(17)	- (4)(13)
(41)	v27
(42)	v5
(51)	- (42)(41)
(55)	+ (51)(17)
(64)	-3.083670915198489
(132)	/ (55)(64)
(139)	+ (132)(92)
