(49)	9.221000599004874
(101)	sin(49)
(13)	v0
(4)	v27
(16)	v5
(30)	- (4)(16)
(50)	+ (30)(13)
(56)	v8
(58)	abs(56)
(59)	+ (58)(50)
(87)	v28
(23)	-0.07483715927829238
(35)	v17
(42)	+ (23)(35)
(24)	-9.546914521491615
(31)	cos(24)
(61)	v14
(79)	/ (61)(31)
(91)	+ (79)(42)
(12)	v9
(5)	v26
(1)	-2.6357172788294747
(3)	e(1)
(2)	v21
(6)	- (5)(2)
(10)	+ (3)(6)
(17)	+ (10)(5)
(41)	- (17)(12)
(0)	v7
(8)	+ (4)(0)
(15)	cos(8)
(21)	- (0)(15)
(53)	+ (42)(21)
(65)	v2
(82)	- (53)(65)
(92)	- (41)(82)
(95)	- (91)(92)
(120)	+ (95)(87)
(134)	+ (120)(59)
(139)	* (101)(134)
