(39)	2.2444116384003863
(75)	1.0293497134598653
(76)	+ (75)(39)
(0)	v21
(37)	v5
(40)	+ (0)(37)
(4)	v24
(1)	v20
(2)	cos(1)
(20)	* (4)(2)
(15)	-5.297132186066369
(23)	- (15)(0)
(28)	/ (20)(23)
(85)	abs(28)
(86)	+ (85)(4)
(87)	+ (86)(40)
(117)	/ (87)(76)
(42)	-15.407218071605593
(65)	tan(42)
(11)	cos(1)
(59)	+ (1)(11)
(10)	v21
(29)	abs(10)
(32)	e(29)
(5)	sin(4)
(24)	e(5)
(3)	v22
(6)	/ (1)(4)
(12)	tan(6)
(19)	cos(12)
(57)	- (3)(19)
(7)	abs(6)
(8)	tan(7)
(13)	+ (8)(7)
(17)	cos(13)
(66)	abs(17)
(78)	* (57)(66)
(81)	+ (78)(28)
(90)	- (81)(24)
(91)	/ (90)(32)
(94)	+ (91)(59)
(105)	* (94)(65)
(41)	v15
(50)	v8
(101)	- (41)(50)
(77)	2.5885140398050126
(45)	v2
(49)	- (45)(10)
(73)	* (49)(49)
(95)	- (59)(73)
(120)	- (95)(77)
(130)	/ (101)(120)
(134)	- (105)(130)
(139)	+ (117)(134)
