(3)	-0.8836680444656082
(13)	e(3)
(31)	tan(13)
(6)	v15
(8)	v1
(9)	+ (8)(6)
(46)	-10.694051181657485
(49)	- (46)(9)
(15)	-8.47332957298294
(17)	v20
(50)	- (17)(15)
(54)	/ (50)(49)
(64)	e(54)
(92)	tan(64)
(1)	v27
(5)	sin(1)
(11)	- (5)(8)
(20)	- (9)(11)
(2)	v0
(4)	* (2)(3)
(7)	v22
(18)	- (7)(4)
(12)	v6
(23)	* (12)(11)
(25)	sin(23)
(26)	abs(25)
(36)	- (26)(17)
(37)	+ (36)(8)
(47)	- (18)(37)
(67)	+ (20)(47)
(39)	v5
(43)	v12
(60)	v21
(69)	- (43)(60)
(89)	- (39)(69)
(116)	+ (67)(89)
(120)	* (92)(116)
(139)	* (31)(120)
