(84)	-9.128062850572455
(123)	sin(84)
(22)	v28
(23)	v22
(3)	v21
(0)	v1
(1)	v2
(2)	- (1)(0)
(4)	+ (2)(2)
(8)	- (4)(3)
(10)	sin(8)
(19)	v11
(33)	* (19)(10)
(5)	11.49003993761761
(20)	-3.641679500250632
(36)	cos(20)
(38)	* (36)(5)
(41)	/ (33)(38)
(52)	sin(41)
(57)	+ (3)(52)
(60)	- (23)(57)
(62)	- (60)(22)
(78)	sin(62)
(53)	v8
(24)	v15
(58)	+ (23)(24)
(64)	- (53)(58)
(17)	abs(8)
(29)	* (17)(10)
(30)	sin(29)
(34)	abs(30)
(40)	* (0)(34)
(68)	+ (40)(3)
(50)	v5
(6)	* (2)(4)
(9)	/ (0)(0)
(13)	/ (6)(9)
(14)	e(13)
(18)	v23
(56)	/ (18)(14)
(86)	- (56)(50)
(88)	- (86)(68)
(92)	+ (64)(88)
(131)	+ (92)(78)
(139)	* (131)(123)
