(0)	4.75128457516265
(9)	v28
(23)	/ (9)(0)
(2)	v22
(3)	v5
(5)	- (2)(3)
(13)	7.307592915257569
(16)	+ (13)(5)
(15)	v21
(4)	v7
(8)	+ (4)(3)
(18)	+ (8)(3)
(30)	+ (18)(15)
(33)	/ (30)(16)
(34)	+ (33)(23)
(19)	v25
(20)	/ (0)(19)
(27)	cos(20)
(14)	sin(5)
(22)	e(9)
(28)	cos(22)
(36)	- (28)(14)
(39)	* (27)(36)
(54)	3.0738564809594493
(60)	- (54)(39)
(6)	cos(3)
(7)	abs(6)
(11)	+ (9)(7)
(17)	+ (13)(11)
(21)	- (18)(2)
(24)	sin(21)
(25)	+ (24)(17)
(26)	v9
(61)	/ (26)(25)
(68)	* (61)(60)
(81)	sin(68)
(139)	+ (34)(81)
