(0)	v5
(3)	1.685868988726984
(9)	/ (0)(3)
(2)	v7
(12)	v8
(16)	- (2)(12)
(1)	v28
(5)	v9
(14)	- (5)(0)
(8)	v21
(11)	/ (5)(3)
(18)	sin(11)
(26)	+ (18)(8)
(31)	+ (26)(14)
(37)	+ (1)(31)
(80)	+ (16)(37)
(22)	/ (0)(0)
(32)	tan(22)
(38)	e(32)
(6)	v7
(7)	sin(6)
(17)	e(16)
(29)	/ (5)(17)
(35)	v24
(45)	* (29)(35)
(52)	cos(45)
(56)	* (7)(52)
(62)	+ (56)(38)
(13)	v11
(40)	sin(13)
(4)	* (0)(3)
(21)	e(4)
(23)	6.627355101305898
(30)	/ (21)(23)
(44)	cos(30)
(72)	* (44)(40)
(89)	+ (62)(72)
(100)	/ (80)(89)
(139)	+ (9)(100)
