(64)	v5
(1)	v9
(0)	3.11658360555748
(6)	- (0)(1)
(2)	v22
(9)	v7
(14)	+ (9)(2)
(4)	v21
(27)	e(4)
(28)	- (27)(14)
(29)	cos(28)
(45)	/ (29)(6)
(23)	v4
(3)	-18.351869841846412
(7)	sin(1)
(8)	- (3)(7)
(10)	cos(8)
(13)	cos(10)
(20)	sin(13)
(24)	v28
(25)	* (24)(20)
(47)	- (23)(25)
(5)	v25
(11)	+ (9)(5)
(12)	+ (11)(5)
(21)	2.6555526618441974
(35)	/ (12)(21)
(36)	+ (35)(4)
(50)	+ (25)(36)
(52)	- (50)(47)
(65)	+ (52)(45)
(82)	+ (65)(1)
(92)	+ (82)(64)
(42)	v9
(61)	- (42)(25)
(95)	cos(61)
(122)	4.800310207728877
(133)	- (122)(95)
(139)	/ (92)(133)
