(33)	-10.347004845597443
(42)	tan(33)
(62)	cos(42)
(87)	sin(62)
(21)	v21
(5)	v0
(1)	v4
(0)	3.5071345115968313
(2)	* (1)(1)
(6)	/ (2)(0)
(8)	/ (6)(1)
(14)	* (8)(5)
(7)	v5
(11)	sin(8)
(16)	- (11)(7)
(19)	- (14)(16)
(26)	/ (19)(21)
(70)	- (42)(26)
(88)	* (21)(70)
(90)	* (87)(88)
(3)	v9
(25)	sin(3)
(13)	v28
(4)	v25
(10)	+ (6)(4)
(17)	+ (1)(6)
(20)	- (10)(17)
(23)	sin(13)
(41)	cos(23)
(48)	* (41)(20)
(92)	+ (48)(13)
(118)	+ (92)(25)
(22)	2.0315458398750934
(31)	sin(19)
(45)	v21
(55)	- (45)(31)
(114)	e(55)
(130)	+ (114)(22)
(131)	/ (118)(130)
(139)	- (131)(90)
