(1)	v22
(2)	12.489568466635312
(5)	tan(2)
(9)	* (5)(1)
(17)	e(9)
(18)	+ (17)(9)
(19)	v25
(25)	-2.040960101047947
(40)	/ (19)(25)
(55)	+ (40)(18)
(32)	-13.947575020089182
(50)	8.685460648240266
(61)	/ (32)(50)
(3)	v0
(6)	- (3)(1)
(7)	e(6)
(4)	-3.8047152169494183
(10)	v15
(16)	- (4)(10)
(34)	- (16)(7)
(0)	-3.566647355443287
(13)	/ (3)(0)
(14)	v21
(22)	v25
(27)	- (22)(14)
(36)	- (13)(27)
(43)	cos(36)
(45)	+ (43)(34)
(46)	- (45)(40)
(29)	v2
(8)	abs(4)
(31)	v28
(37)	- (31)(8)
(44)	- (29)(37)
(47)	sin(44)
(56)	+ (7)(7)
(75)	- (56)(47)
(78)	/ (75)(46)
(97)	* (61)(78)
(139)	- (97)(55)
