(0)	1.9471490296066953
(10)	v25
(29)	/ (10)(0)
(7)	v18
(9)	-0.12922953374179613
(26)	* (7)(9)
(22)	v1
(1)	v26
(3)	-3.900815420230792
(13)	/ (3)(0)
(14)	/ (1)(13)
(25)	sin(14)
(28)	+ (25)(0)
(31)	/ (22)(28)
(39)	cos(31)
(18)	v0
(5)	abs(1)
(11)	/ (5)(3)
(12)	v22
(23)	- (12)(11)
(16)	sin(3)
(33)	cos(31)
(41)	* (16)(33)
(55)	* (41)(23)
(63)	- (18)(55)
(75)	+ (39)(63)
(83)	/ (75)(0)
(89)	+ (26)(83)
(99)	e(89)
(111)	cos(99)
(130)	- (29)(111)
(2)	e(0)
(6)	v15
(8)	- (1)(6)
(53)	/ (8)(2)
(21)	v17
(42)	+ (31)(21)
(50)	+ (13)(42)
(61)	- (23)(50)
(57)	v9
(66)	cos(57)
(109)	- (61)(66)
(131)	* (109)(53)
(139)	+ (131)(130)
