(2)	v24
(14)	v17
(15)	+ (14)(2)
(3)	-0.9542089506811671
(39)	v20
(40)	/ (39)(3)
(17)	v22
(35)	v16
(9)	11.798177844198172
(36)	sin(9)
(41)	* (36)(35)
(44)	+ (17)(41)
(12)	-0.8264882951438892
(1)	v20
(0)	v3
(25)	sin(0)
(28)	- (1)(25)
(18)	v22
(21)	v9
(31)	+ (18)(21)
(42)	+ (28)(31)
(46)	* (12)(42)
(48)	- (44)(46)
(59)	- (40)(48)
(61)	- (15)(59)
(55)	-6.315187490670251
(30)	v9
(4)	-12.018426665420607
(50)	sin(4)
(53)	* (50)(30)
(56)	abs(53)
(73)	- (56)(55)
(84)	-1.6990415508562826
(106)	/ (84)(73)
(107)	abs(106)
(139)	* (107)(61)
