(37)	v17
(41)	2.2579419826799807
(96)	/ (37)(41)
(0)	v7
(14)	4.170493042061558
(15)	tan(14)
(28)	/ (0)(15)
(17)	-4.310153091377785
(4)	v28
(5)	v26
(19)	- (5)(4)
(21)	/ (19)(17)
(18)	tan(17)
(3)	v11
(6)	e(3)
(7)	tan(6)
(1)	-19.007752312139772
(16)	v11
(31)	/ (1)(16)
(45)	- (31)(7)
(51)	/ (41)(45)
(58)	e(51)
(10)	+ (4)(1)
(12)	+ (10)(6)
(33)	sin(18)
(38)	tan(33)
(52)	+ (38)(12)
(67)	sin(52)
(70)	+ (58)(67)
(81)	/ (18)(70)
(42)	v19
(62)	v1
(74)	- (62)(42)
(79)	cos(37)
(94)	* (74)(79)
(100)	sin(94)
(103)	/ (100)(81)
(114)	- (21)(103)
(133)	+ (28)(114)
(139)	+ (133)(96)
