(17)	0.47568136078846024
(3)	-0.5507041083551272
(4)	* (3)(3)
(2)	v4
(6)	/ (2)(3)
(7)	* (4)(6)
(8)	6.798440744306799
(12)	sin(8)
(14)	- (7)(12)
(78)	v28
(80)	+ (14)(78)
(1)	-4.523896113321655
(42)	v3
(85)	+ (42)(1)
(109)	- (80)(85)
(111)	cos(109)
(128)	* (17)(111)
(10)	e(3)
(18)	v7
(20)	* (10)(18)
(53)	sin(20)
(19)	v17
(34)	* (12)(6)
(35)	- (1)(34)
(26)	v27
(38)	7.248997669179321
(39)	- (26)(38)
(45)	- (39)(35)
(5)	v27
(11)	- (2)(5)
(0)	v25
(9)	v18
(13)	- (9)(0)
(15)	1.3877314305442852
(21)	v19
(22)	- (21)(15)
(24)	+ (22)(13)
(31)	abs(24)
(33)	- (11)(31)
(36)	sin(33)
(54)	sin(36)
(58)	+ (3)(54)
(63)	/ (58)(45)
(70)	+ (63)(19)
(71)	* (10)(70)
(134)	+ (71)(53)
(139)	+ (134)(128)
