(5)	v26
(1)	v11
(2)	+ (1)(1)
(3)	v18
(18)	cos(1)
(20)	+ (3)(18)
(24)	- (20)(2)
(43)	3.677879112513285
(51)	- (43)(24)
(79)	/ (5)(51)
(59)	v17
(12)	7.363009293590082
(13)	v17
(14)	* (13)(12)
(16)	/ (14)(12)
(28)	sin(16)
(45)	cos(28)
(11)	v17
(19)	v14
(33)	- (5)(19)
(42)	/ (11)(33)
(53)	-3.8054739042482133
(65)	* (53)(42)
(82)	/ (45)(65)
(6)	-9.69996614023838
(9)	abs(6)
(7)	v5
(17)	v17
(21)	/ (7)(17)
(29)	+ (21)(9)
(57)	13.54115502517896
(83)	/ (29)(57)
(101)	- (83)(82)
(107)	* (59)(101)
(139)	+ (107)(79)
