(0)	15.995505307148747
(20)	abs(0)
(21)	sin(20)
(45)	v17
(59)	/ (45)(21)
(2)	v27
(3)	-2.287056413114165
(5)	- (2)(3)
(8)	sin(5)
(48)	e(8)
(23)	7.213380505229537
(14)	* (2)(5)
(4)	/ (2)(3)
(6)	v15
(18)	/ (6)(4)
(28)	- (14)(18)
(30)	v14
(42)	- (28)(30)
(60)	cos(42)
(71)	- (23)(60)
(73)	- (48)(71)
(79)	/ (59)(73)
(15)	v26
(11)	v5
(1)	v14
(12)	- (1)(2)
(13)	v2
(17)	+ (12)(13)
(24)	- (11)(17)
(25)	-0.38034377130914265
(26)	* (25)(24)
(38)	- (26)(15)
(40)	-2.184063759350625
(88)	/ (38)(40)
(9)	v21
(29)	+ (9)(5)
(39)	+ (23)(29)
(52)	v12
(95)	/ (52)(39)
(131)	+ (95)(88)
(139)	+ (131)(79)
