(67)	v27
(10)	v23
(9)	14.894500168641905
(11)	cos(9)
(23)	/ (9)(11)
(24)	abs(23)
(52)	+ (10)(24)
(26)	-15.18566155338025
(20)	v7
(27)	abs(20)
(45)	+ (26)(27)
(1)	v15
(0)	v20
(2)	- (1)(0)
(7)	+ (2)(1)
(21)	v1
(30)	- (21)(7)
(29)	tan(9)
(13)	v1
(37)	cos(13)
(46)	tan(37)
(50)	* (29)(46)
(53)	- (50)(30)
(62)	- (53)(45)
(70)	/ (52)(62)
(75)	v9
(64)	8.472732802895912
(44)	v6
(16)	tan(13)
(25)	v12
(43)	* (16)(25)
(3)	cos(0)
(47)	e(3)
(79)	+ (47)(43)
(89)	sin(79)
(95)	* (44)(89)
(101)	+ (95)(64)
(104)	- (75)(101)
(110)	/ (62)(104)
(134)	+ (70)(110)
(139)	+ (134)(67)
