(17)	-0.5918477565461444
(79)	e(17)
(91)	cos(79)
(49)	v27
(5)	-1.2393654002958954
(7)	sin(5)
(0)	v19
(2)	v22
(6)	- (2)(0)
(1)	v1
(8)	* (5)(1)
(13)	sin(8)
(22)	* (13)(6)
(23)	* (7)(22)
(42)	12.104755295071385
(99)	- (23)(42)
(107)	cos(99)
(123)	+ (107)(49)
(128)	- (123)(91)
(36)	-16.109126518399883
(31)	v17
(12)	v6
(16)	tan(12)
(3)	v5
(4)	- (2)(3)
(10)	- (4)(0)
(29)	/ (10)(16)
(33)	+ (16)(29)
(41)	sin(33)
(44)	- (31)(41)
(93)	/ (44)(36)
(19)	tan(10)
(39)	v25
(45)	* (19)(39)
(47)	cos(45)
(124)	e(47)
(131)	* (93)(124)
(139)	+ (131)(128)
