(50)	v27
(0)	v28
(1)	v4
(2)	- (0)(1)
(6)	abs(2)
(10)	abs(6)
(11)	- (6)(10)
(8)	tan(6)
(9)	v3
(14)	+ (9)(9)
(17)	/ (8)(14)
(5)	v4
(12)	tan(5)
(13)	-8.0128853523793
(19)	- (12)(13)
(24)	- (17)(19)
(37)	- (24)(11)
(58)	v12
(60)	/ (58)(37)
(72)	+ (60)(50)
(27)	-10.918704494616449
(41)	* (11)(0)
(4)	v0
(23)	+ (1)(4)
(55)	+ (10)(23)
(64)	* (41)(55)
(66)	/ (64)(27)
(75)	sin(66)
(73)	3.0999145876129965
(26)	v21
(33)	v1
(69)	- (14)(33)
(85)	- (26)(69)
(89)	/ (85)(73)
(91)	+ (75)(89)
(88)	v14
(94)	- (5)(88)
(132)	* (91)(94)
(139)	+ (132)(72)
