(44)	v27
(21)	-7.894297149798369
(7)	v13
(26)	v17
(30)	+ (7)(26)
(48)	/ (30)(21)
(74)	+ (44)(48)
(10)	15.000273996029343
(45)	v16
(3)	-11.79552182883806
(4)	v12
(8)	* (3)(4)
(9)	* (8)(3)
(18)	sin(9)
(0)	v13
(5)	abs(0)
(2)	sin(0)
(11)	+ (2)(4)
(12)	- (11)(2)
(15)	* (8)(12)
(17)	sin(15)
(27)	* (17)(11)
(46)	- (5)(27)
(50)	+ (18)(46)
(94)	+ (50)(45)
(61)	19.16094645890967
(1)	13.865313348895313
(20)	/ (1)(12)
(66)	cos(20)
(76)	tan(66)
(108)	- (61)(76)
(111)	- (108)(94)
(127)	/ (111)(10)
(139)	* (74)(127)
