(5)	-4.952377059807649
(32)	tan(5)
(21)	v27
(11)	v7
(17)	cos(11)
(31)	v8
(36)	* (31)(17)
(49)	+ (36)(21)
(59)	/ (49)(32)
(15)	-11.30649577895229
(35)	abs(15)
(47)	tan(35)
(12)	v7
(2)	v4
(19)	v17
(20)	- (2)(19)
(52)	- (20)(12)
(4)	v3
(23)	+ (4)(12)
(25)	cos(23)
(39)	e(25)
(51)	+ (39)(5)
(58)	v12
(67)	/ (58)(51)
(82)	+ (52)(67)
(83)	/ (82)(47)
(132)	+ (59)(83)
(34)	v13
(45)	5.085909687742994
(75)	+ (34)(45)
(0)	v28
(6)	- (4)(0)
(10)	- (6)(0)
(13)	v13
(16)	* (13)(13)
(18)	- (10)(16)
(29)	+ (10)(18)
(1)	v15
(8)	+ (1)(2)
(9)	sin(8)
(53)	- (9)(47)
(56)	/ (29)(53)
(86)	v20
(89)	- (86)(56)
(134)	/ (89)(75)
(139)	+ (132)(134)
