(5)	-14.894139336612465
(6)	v28
(9)	/ (6)(5)
(15)	-9.206973515311558
(24)	* (15)(9)
(21)	v19
(23)	v27
(27)	- (21)(23)
(1)	-11.228260239980528
(2)	tan(1)
(12)	v4
(14)	v5
(16)	- (12)(14)
(19)	- (16)(2)
(0)	v7
(3)	cos(0)
(4)	+ (2)(3)
(7)	- (4)(6)
(8)	- (7)(2)
(10)	16.234904402480495
(13)	- (8)(10)
(20)	- (13)(16)
(28)	/ (19)(20)
(31)	* (27)(28)
(32)	- (24)(31)
(22)	v17
(25)	- (12)(22)
(35)	- (25)(0)
(57)	-1.1184409893315497
(63)	6.2802286386257045
(64)	+ (63)(57)
(66)	cos(64)
(112)	* (66)(35)
(139)	- (32)(112)
