(86)	2.496182572417279
(1)	v28
(26)	v9
(3)	v13
(5)	tan(3)
(8)	sin(5)
(16)	v15
(17)	* (16)(8)
(29)	* (3)(8)
(30)	- (17)(29)
(32)	* (26)(30)
(37)	- (32)(1)
(22)	v7
(15)	-2.924609193911177
(18)	sin(15)
(27)	v10
(71)	* (18)(27)
(76)	- (71)(22)
(87)	+ (37)(76)
(93)	/ (87)(86)
(19)	abs(18)
(21)	v2
(34)	- (29)(21)
(39)	cos(34)
(52)	v17
(54)	* (52)(39)
(64)	abs(54)
(13)	sin(3)
(47)	abs(13)
(57)	- (32)(47)
(0)	16.745072876195735
(11)	sin(0)
(12)	+ (11)(8)
(20)	* (12)(5)
(61)	sin(20)
(62)	- (57)(61)
(24)	tan(11)
(23)	v4
(2)	v19
(4)	v17
(6)	- (2)(4)
(10)	v27
(25)	- (6)(10)
(44)	+ (25)(23)
(45)	v20
(46)	- (44)(45)
(73)	* (24)(46)
(78)	+ (73)(62)
(92)	+ (64)(78)
(112)	* (92)(19)
(139)	- (112)(93)
