(23)	-15.71369879791618
(25)	tan(23)
(1)	v3
(2)	12.772471769712986
(3)	- (2)(1)
(7)	v28
(12)	abs(7)
(18)	- (3)(12)
(28)	- (2)(12)
(33)	* (18)(28)
(19)	v5
(6)	v26
(21)	- (6)(1)
(37)	/ (21)(19)
(39)	abs(37)
(51)	- (33)(39)
(13)	v22
(50)	sin(13)
(8)	v21
(9)	tan(2)
(11)	+ (9)(8)
(29)	- (6)(11)
(5)	-1.869141101011266
(42)	* (5)(19)
(32)	v13
(17)	abs(12)
(24)	cos(17)
(46)	v8
(53)	* (24)(46)
(57)	+ (32)(53)
(59)	+ (42)(57)
(60)	+ (59)(29)
(62)	- (60)(50)
(63)	* (62)(51)
(66)	* (63)(25)
(44)	v9
(16)	v20
(30)	v1
(56)	+ (30)(16)
(73)	+ (44)(56)
(96)	+ (66)(73)
(40)	-3.2327679658634203
(90)	12.39477388230923
(10)	v18
(14)	v12
(22)	sin(14)
(31)	+ (10)(22)
(80)	cos(31)
(94)	tan(80)
(95)	v11
(98)	+ (94)(95)
(103)	- (98)(90)
(110)	/ (40)(103)
(139)	* (96)(110)
