(22)	13.899833462151527
(66)	cos(22)
(10)	v21
(7)	v25
(19)	cos(7)
(18)	v20
(47)	v23
(50)	+ (18)(47)
(53)	- (19)(50)
(16)	-5.625982049613549
(4)	v2
(9)	* (4)(4)
(0)	v5
(17)	- (9)(0)
(26)	* (17)(9)
(28)	- (18)(26)
(38)	/ (28)(16)
(62)	e(38)
(83)	/ (53)(62)
(85)	- (83)(10)
(64)	v3
(87)	sin(64)
(27)	v5
(58)	v1
(74)	+ (58)(27)
(106)	+ (74)(27)
(111)	+ (87)(106)
(121)	- (111)(85)
(46)	v12
(41)	v26
(1)	2.4706587955817128
(2)	/ (0)(1)
(5)	/ (1)(2)
(25)	sin(5)
(45)	cos(25)
(48)	- (41)(45)
(67)	+ (46)(48)
(20)	3.0055428733507767
(33)	v3
(75)	/ (20)(33)
(76)	/ (64)(75)
(122)	+ (67)(76)
(123)	- (121)(122)
(139)	* (66)(123)
