(7)	0.33775013685374233
(3)	-2.8763044531942192
(8)	abs(3)
(31)	sin(8)
(56)	tan(31)
(17)	2.6501456236082888
(9)	sin(8)
(15)	tan(9)
(1)	v5
(11)	v12
(20)	- (1)(11)
(32)	* (20)(15)
(38)	+ (17)(32)
(10)	v27
(21)	v18
(24)	v2
(40)	- (21)(24)
(43)	- (40)(10)
(63)	sin(43)
(77)	- (38)(63)
(86)	/ (56)(77)
(90)	- (7)(86)
(0)	-8.480157371371257
(44)	sin(0)
(5)	v28
(6)	* (5)(3)
(39)	* (6)(9)
(35)	v1
(46)	cos(0)
(58)	/ (1)(46)
(66)	- (58)(35)
(78)	+ (39)(66)
(103)	/ (78)(44)
(61)	v21
(70)	+ (61)(32)
(2)	v20
(93)	+ (44)(2)
(97)	sin(93)
(16)	v26
(67)	abs(8)
(76)	/ (16)(67)
(106)	e(76)
(109)	* (106)(97)
(120)	- (109)(11)
(127)	+ (70)(120)
(136)	+ (127)(103)
(139)	* (136)(90)
