(10)	v21
(11)	-19.378538991172626
(15)	+ (11)(10)
(23)	9.151934416649695
(37)	/ (15)(23)
(28)	v11
(24)	cos(15)
(34)	/ (24)(28)
(60)	cos(34)
(65)	* (28)(60)
(74)	-7.816763563642617
(99)	+ (65)(74)
(19)	v3
(29)	v12
(50)	- (15)(11)
(98)	- (50)(29)
(3)	-3.26913909384146
(12)	abs(3)
(4)	v10
(39)	abs(4)
(55)	- (39)(12)
(64)	v26
(72)	/ (64)(55)
(58)	v1
(1)	v20
(5)	+ (1)(3)
(7)	v20
(2)	-9.000865464217185
(14)	sin(2)
(30)	- (14)(7)
(32)	/ (30)(5)
(73)	abs(32)
(84)	+ (73)(58)
(85)	+ (72)(84)
(0)	v23
(54)	+ (14)(0)
(93)	v5
(94)	+ (93)(54)
(103)	+ (85)(94)
(104)	+ (98)(103)
(106)	+ (104)(19)
(113)	/ (106)(99)
(139)	* (113)(37)
