(3)	v5
(1)	2.1588347771354037
(2)	* (1)(1)
(7)	v26
(12)	- (2)(7)
(14)	/ (3)(12)
(16)	9.193895127967192
(37)	sin(16)
(25)	v12
(0)	3.2167148250697153
(9)	v4
(11)	/ (9)(0)
(48)	+ (7)(11)
(15)	v18
(19)	1.469117230499858
(30)	* (19)(11)
(32)	cos(30)
(42)	/ (15)(32)
(44)	- (42)(3)
(50)	v21
(55)	- (44)(50)
(64)	+ (55)(48)
(69)	+ (25)(64)
(52)	v7
(23)	-11.981538519487817
(28)	cos(23)
(21)	v22
(24)	v23
(38)	+ (21)(24)
(58)	/ (38)(28)
(81)	+ (52)(58)
(82)	- (69)(81)
(83)	v20
(95)	- (83)(82)
(127)	* (37)(95)
(139)	+ (127)(14)
