(4)	19.99012932881235
(5)	abs(4)
(10)	v12
(13)	+ (5)(10)
(7)	v20
(0)	v5
(2)	v0
(3)	- (2)(0)
(6)	* (3)(0)
(14)	tan(5)
(16)	+ (14)(6)
(18)	v16
(21)	* (18)(16)
(27)	+ (7)(21)
(32)	- (27)(13)
(11)	v23
(35)	-10.242061906902219
(19)	+ (18)(10)
(30)	e(7)
(40)	+ (30)(19)
(44)	- (40)(35)
(49)	- (11)(44)
(68)	v26
(73)	v3
(83)	- (73)(68)
(88)	+ (49)(83)
(89)	/ (32)(88)
(12)	1.3379887354613373
(25)	v1
(26)	+ (25)(4)
(8)	sin(6)
(28)	tan(12)
(31)	/ (28)(26)
(33)	- (31)(8)
(47)	cos(33)
(52)	-13.210216751298812
(63)	v21
(65)	+ (63)(52)
(67)	+ (65)(47)
(101)	/ (67)(26)
(37)	abs(30)
(41)	+ (37)(32)
(29)	-2.1989709689077728
(59)	e(0)
(76)	/ (59)(29)
(80)	3.153154643013849
(82)	- (76)(80)
(112)	/ (41)(82)
(114)	* (101)(112)
(124)	+ (12)(114)
(139)	+ (89)(124)
