(6)	v21
(18)	v11
(27)	- (6)(18)
(3)	-1.3593147892162314
(33)	tan(3)
(40)	+ (27)(33)
(34)	11.197763817272048
(37)	v27
(43)	- (34)(37)
(28)	v5
(23)	-0.6425937072586088
(9)	v7
(10)	v28
(13)	+ (9)(10)
(25)	v12
(41)	- (13)(25)
(42)	* (41)(23)
(47)	- (42)(28)
(57)	/ (43)(47)
(62)	/ (40)(57)
(0)	v26
(2)	v20
(17)	- (0)(2)
(4)	v23
(5)	v15
(7)	v22
(12)	- (7)(5)
(22)	/ (12)(3)
(29)	- (4)(22)
(31)	- (29)(17)
(49)	v1
(58)	sin(49)
(59)	+ (31)(58)
(50)	12.728608055775354
(61)	sin(50)
(64)	* (59)(61)
(139)	+ (62)(64)
