(27)	1.6697472983250634
(1)	v4
(7)	cos(1)
(2)	v23
(8)	* (7)(2)
(9)	4.248660474243671
(11)	+ (9)(8)
(14)	- (11)(7)
(3)	7.2714800971905404
(12)	v24
(38)	e(12)
(22)	abs(2)
(0)	v3
(5)	cos(0)
(19)	abs(7)
(21)	tan(19)
(26)	* (5)(21)
(29)	+ (22)(26)
(34)	v3
(59)	* (29)(34)
(17)	cos(0)
(20)	+ (17)(19)
(58)	+ (17)(20)
(73)	+ (12)(58)
(76)	- (59)(73)
(82)	- (76)(38)
(83)	+ (3)(82)
(85)	/ (83)(14)
(109)	/ (85)(27)
(45)	cos(3)
(37)	v7
(46)	/ (37)(11)
(48)	+ (46)(45)
(23)	v16
(28)	v25
(31)	+ (28)(5)
(33)	+ (23)(31)
(72)	/ (33)(9)
(132)	+ (72)(48)
(139)	- (132)(109)
