(4)	v23
(26)	-6.7740743805626735
(30)	+ (26)(4)
(18)	v16
(1)	v5
(8)	v2
(24)	- (1)(8)
(45)	* (18)(24)
(0)	v28
(5)	v18
(9)	* (5)(0)
(14)	16.257972919964544
(25)	+ (14)(9)
(43)	v21
(51)	- (43)(25)
(54)	+ (51)(45)
(67)	/ (30)(54)
(22)	v26
(35)	* (1)(22)
(16)	v25
(31)	cos(9)
(32)	* (16)(31)
(33)	- (32)(24)
(39)	sin(33)
(50)	+ (39)(35)
(11)	sin(0)
(2)	v13
(3)	+ (1)(2)
(10)	* (1)(3)
(13)	sin(10)
(17)	* (13)(11)
(27)	v10
(40)	* (27)(0)
(44)	* (40)(17)
(59)	tan(44)
(72)	abs(59)
(73)	e(72)
(75)	/ (50)(73)
(28)	- (4)(3)
(36)	+ (3)(28)
(46)	v24
(55)	+ (46)(18)
(79)	+ (55)(36)
(84)	+ (79)(75)
(139)	* (84)(67)
