(1)	v21
(6)	v5
(21)	abs(6)
(2)	e(1)
(22)	cos(2)
(45)	/ (22)(21)
(48)	e(45)
(90)	- (1)(48)
(7)	v22
(9)	v21
(18)	- (7)(9)
(20)	-12.1751804978273
(23)	tan(20)
(30)	* (23)(18)
(59)	+ (48)(30)
(53)	-2.897059456859232
(4)	v4
(57)	+ (23)(4)
(63)	abs(57)
(0)	0.9576368446778574
(15)	- (0)(9)
(65)	cos(15)
(70)	abs(65)
(82)	/ (63)(70)
(83)	- (53)(82)
(12)	v3
(29)	sin(12)
(13)	v5
(14)	cos(9)
(47)	* (13)(14)
(80)	+ (47)(29)
(81)	sin(80)
(26)	- (13)(9)
(31)	v12
(34)	- (31)(26)
(44)	v1
(86)	- (34)(44)
(111)	- (86)(81)
(114)	/ (111)(83)
(123)	+ (114)(59)
(139)	+ (123)(90)
