(31)	2.6028209166371816
(7)	v22
(1)	4.17792174080958
(19)	6.130857294546111
(10)	abs(1)
(4)	v21
(6)	-11.11676822692733
(8)	cos(6)
(20)	- (8)(4)
(23)	- (20)(10)
(26)	- (19)(23)
(34)	- (1)(26)
(59)	- (7)(34)
(61)	9.418162419794758
(11)	-7.21392346466741
(0)	v5
(2)	sin(0)
(17)	tan(2)
(67)	- (17)(11)
(78)	/ (61)(67)
(5)	cos(0)
(13)	cos(5)
(18)	v21
(21)	* (13)(18)
(29)	v1
(45)	- (21)(29)
(16)	11.658111134818828
(3)	-10.341161768597864
(15)	v6
(24)	* (15)(3)
(39)	e(24)
(50)	+ (39)(16)
(51)	/ (45)(50)
(66)	e(51)
(80)	cos(66)
(81)	/ (80)(78)
(85)	* (81)(59)
(139)	- (85)(31)
