(12)	5.664125053109853
(20)	-11.940706923525205
(6)	0.028009396542508114
(9)	v9
(27)	- (9)(6)
(39)	* (20)(27)
(55)	sin(39)
(36)	-14.648362038313717
(31)	tan(9)
(37)	cos(31)
(43)	- (36)(37)
(1)	v12
(0)	4.645898619938325
(2)	* (0)(1)
(3)	- (2)(1)
(11)	v5
(26)	- (11)(3)
(57)	abs(26)
(67)	- (43)(57)
(70)	- (55)(67)
(75)	/ (12)(70)
(38)	v21
(8)	abs(0)
(15)	v5
(34)	/ (15)(8)
(14)	v20
(22)	5.006412982614094
(29)	- (14)(22)
(49)	- (29)(27)
(60)	* (34)(49)
(83)	v22
(92)	- (83)(60)
(73)	v1
(25)	v26
(46)	/ (31)(25)
(58)	cos(46)
(78)	abs(58)
(90)	e(78)
(102)	/ (73)(90)
(103)	+ (102)(92)
(121)	+ (103)(38)
(139)	* (75)(121)
