(1)	v21
(8)	abs(1)
(13)	e(8)
(4)	v5
(2)	v12
(5)	sin(2)
(14)	- (4)(5)
(23)	/ (14)(13)
(15)	v22
(24)	v21
(32)	+ (15)(24)
(61)	+ (32)(23)
(20)	e(5)
(22)	* (8)(20)
(7)	tan(5)
(41)	abs(7)
(49)	* (41)(22)
(0)	11.016345633800952
(12)	tan(2)
(21)	* (12)(1)
(25)	* (0)(21)
(16)	v27
(11)	abs(8)
(17)	/ (7)(11)
(39)	/ (17)(16)
(52)	sin(39)
(54)	- (25)(52)
(56)	/ (49)(54)
(28)	-13.193276161593497
(47)	abs(28)
(6)	v17
(9)	- (6)(1)
(43)	* (22)(9)
(48)	+ (9)(43)
(27)	17.517530507294325
(55)	+ (7)(54)
(58)	sin(55)
(59)	+ (27)(58)
(62)	+ (59)(48)
(71)	/ (47)(62)
(101)	- (56)(71)
(113)	e(101)
(139)	* (113)(61)
