(37)	v21
(4)	-3.491317227818133
(41)	v23
(68)	- (4)(41)
(78)	+ (68)(37)
(98)	v12
(107)	/ (98)(78)
(1)	-2.2554076235755858
(47)	5.562381346869682
(0)	v16
(7)	sin(0)
(19)	- (1)(7)
(22)	sin(1)
(33)	+ (19)(22)
(61)	sin(33)
(6)	v22
(26)	v5
(28)	+ (6)(26)
(3)	v3
(5)	sin(3)
(25)	/ (5)(3)
(29)	sin(25)
(38)	+ (28)(29)
(49)	1.3228047630235373
(2)	- (1)(0)
(42)	* (29)(2)
(44)	abs(42)
(13)	7.423413386632333
(20)	- (3)(13)
(51)	+ (2)(20)
(54)	cos(51)
(55)	+ (54)(44)
(8)	v1
(9)	v16
(10)	v2
(11)	- (10)(9)
(12)	cos(11)
(23)	* (12)(8)
(39)	v21
(62)	+ (23)(39)
(70)	- (55)(62)
(79)	/ (70)(49)
(84)	- (38)(79)
(133)	+ (84)(61)
(135)	/ (47)(133)
(138)	/ (1)(135)
(139)	- (107)(138)
