(11)	v21
(15)	v20
(57)	+ (15)(11)
(0)	v21
(1)	v22
(2)	+ (0)(1)
(4)	v9
(16)	sin(4)
(20)	+ (16)(2)
(58)	v25
(67)	+ (58)(20)
(74)	+ (67)(57)
(6)	7.398142045189623
(30)	e(6)
(14)	-1.7366176751335445
(46)	+ (4)(14)
(53)	tan(46)
(71)	- (30)(53)
(9)	v26
(7)	5.703571637239055
(12)	tan(7)
(13)	/ (12)(9)
(22)	- (7)(15)
(5)	v16
(8)	+ (4)(5)
(24)	- (2)(8)
(33)	+ (24)(22)
(3)	tan(1)
(19)	tan(3)
(35)	e(24)
(39)	+ (19)(35)
(41)	+ (33)(39)
(73)	+ (13)(41)
(27)	v24
(32)	e(7)
(55)	+ (27)(32)
(17)	v4
(36)	sin(17)
(21)	/ (17)(16)
(10)	+ (2)(8)
(28)	sin(10)
(52)	/ (21)(28)
(68)	* (36)(52)
(79)	+ (68)(55)
(83)	+ (79)(73)
(116)	/ (83)(71)
(139)	* (74)(116)
