(27)	v25
(3)	v12
(6)	abs(3)
(19)	+ (6)(3)
(62)	cos(19)
(88)	+ (27)(62)
(44)	v27
(4)	v21
(8)	cos(6)
(13)	- (4)(8)
(24)	v22
(36)	+ (13)(24)
(64)	+ (4)(36)
(69)	+ (64)(44)
(72)	v9
(90)	+ (69)(72)
(111)	+ (90)(88)
(9)	3.9915687301757927
(10)	5.482914911302434
(1)	v19
(2)	v25
(11)	/ (2)(1)
(21)	/ (10)(11)
(49)	abs(3)
(55)	/ (49)(21)
(30)	sin(11)
(12)	v6
(25)	tan(12)
(59)	sin(25)
(60)	- (30)(59)
(63)	v0
(0)	v25
(42)	+ (0)(30)
(58)	19.1235191640424
(71)	+ (58)(42)
(74)	- (71)(63)
(82)	+ (74)(60)
(105)	+ (82)(55)
(112)	/ (9)(105)
(139)	* (112)(111)
