(2)	v21
(9)	-1.4737052667895725
(11)	/ (2)(9)
(8)	v25
(4)	v24
(6)	-8.01350811478918
(39)	+ (4)(6)
(60)	/ (8)(39)
(62)	- (60)(11)
(34)	-5.11235711545805
(35)	v9
(29)	v22
(7)	v23
(20)	* (11)(2)
(22)	+ (7)(20)
(32)	/ (22)(6)
(43)	+ (32)(29)
(53)	+ (35)(43)
(67)	/ (53)(34)
(1)	v21
(19)	v20
(21)	+ (1)(19)
(37)	15.737168859514895
(44)	cos(37)
(14)	tan(2)
(12)	v13
(24)	sin(12)
(26)	e(9)
(33)	* (24)(26)
(45)	/ (33)(14)
(61)	* (45)(44)
(0)	v4
(3)	/ (1)(0)
(5)	/ (0)(3)
(15)	v18
(17)	- (15)(12)
(25)	- (6)(17)
(69)	- (5)(25)
(36)	-1.0818332475046475
(48)	- (17)(36)
(51)	* (48)(24)
(59)	+ (51)(48)
(70)	* (59)(22)
(80)	- (69)(70)
(81)	- (61)(80)
(115)	/ (21)(81)
(131)	- (2)(115)
(136)	- (131)(67)
(139)	- (136)(62)
