(9)	2.439906095721117
(0)	v20
(1)	v24
(5)	* (0)(1)
(21)	sin(5)
(24)	sin(21)
(2)	-3.050077504647966
(7)	- (1)(0)
(35)	- (7)(2)
(55)	/ (24)(35)
(58)	+ (9)(55)
(60)	v21
(61)	/ (60)(58)
(3)	v22
(6)	v25
(10)	+ (0)(6)
(12)	+ (3)(10)
(26)	v9
(38)	sin(26)
(69)	+ (12)(38)
(14)	15.020267832632364
(16)	v1
(17)	+ (14)(3)
(20)	/ (16)(17)
(4)	sin(1)
(11)	v12
(22)	-6.192998306440307
(28)	* (11)(22)
(39)	* (20)(28)
(46)	/ (39)(4)
(57)	* (46)(20)
(72)	cos(57)
(74)	e(72)
(76)	/ (74)(14)
(100)	* (76)(69)
(139)	+ (100)(61)
