(0)	5.122016640199728
(27)	v25
(23)	v9
(28)	sin(23)
(31)	+ (27)(28)
(66)	/ (31)(0)
(1)	v21
(2)	11.876286827103606
(5)	* (1)(2)
(6)	- (1)(5)
(8)	* (0)(6)
(10)	- (0)(2)
(7)	v20
(9)	v22
(20)	+ (9)(7)
(38)	* (10)(20)
(93)	/ (38)(8)
(17)	cos(0)
(36)	abs(17)
(14)	v0
(4)	v11
(18)	v21
(25)	- (18)(4)
(11)	tan(5)
(19)	+ (6)(11)
(32)	sin(19)
(34)	-1.2272526907827057
(37)	/ (32)(34)
(43)	+ (37)(25)
(51)	- (14)(43)
(52)	- (51)(20)
(22)	2.944627400480737
(3)	v5
(15)	abs(3)
(24)	/ (8)(15)
(68)	/ (22)(24)
(73)	* (68)(52)
(127)	+ (36)(73)
(132)	+ (93)(127)
(133)	* (1)(132)
(139)	+ (66)(133)
