(6)	v22
(1)	-1.4580552690281188
(0)	v16
(3)	abs(0)
(4)	- (3)(1)
(5)	/ (1)(4)
(8)	v25
(15)	* (5)(8)
(24)	+ (6)(15)
(29)	6.3073853429688
(50)	+ (24)(29)
(13)	v27
(16)	v22
(69)	+ (16)(13)
(55)	-1.2338886603985308
(17)	v15
(38)	sin(17)
(40)	-3.6015931812163373
(72)	- (40)(38)
(75)	/ (55)(72)
(14)	v5
(63)	v8
(80)	- (14)(63)
(87)	/ (80)(75)
(93)	+ (69)(87)
(48)	sin(1)
(45)	v17
(46)	v21
(58)	+ (45)(46)
(60)	- (58)(48)
(49)	v9
(53)	cos(49)
(7)	v6
(9)	+ (7)(7)
(56)	sin(9)
(61)	+ (56)(53)
(68)	* (15)(61)
(77)	+ (68)(60)
(22)	e(17)
(26)	* (15)(22)
(44)	- (14)(26)
(2)	sin(1)
(10)	v28
(12)	- (10)(2)
(20)	cos(12)
(36)	sin(20)
(32)	v13
(37)	abs(32)
(65)	+ (37)(36)
(100)	- (44)(65)
(101)	+ (100)(77)
(115)	+ (101)(93)
(139)	/ (115)(50)
