(0)	-3.958242370667932
(5)	v24
(8)	/ (5)(0)
(13)	cos(8)
(1)	0.44228706684534913
(3)	v15
(12)	* (3)(1)
(30)	e(12)
(38)	- (13)(30)
(16)	v11
(15)	v0
(9)	e(5)
(4)	v24
(14)	sin(4)
(17)	- (14)(9)
(19)	+ (17)(15)
(33)	+ (19)(16)
(42)	e(33)
(47)	- (38)(42)
(51)	e(47)
(27)	15.9808698897589
(56)	tan(27)
(18)	-3.9751554842782397
(23)	- (16)(18)
(26)	v26
(2)	v27
(6)	+ (3)(2)
(29)	-2.34779055774759
(43)	- (6)(29)
(45)	+ (43)(26)
(60)	/ (23)(45)
(78)	/ (60)(56)
(20)	3.5210638758460107
(24)	+ (6)(20)
(84)	cos(24)
(95)	- (23)(84)
(104)	/ (95)(78)
(139)	- (104)(51)
