(2)	v17
(4)	cos(2)
(6)	+ (2)(4)
(69)	sin(6)
(79)	-3.7578294802209236
(81)	- (69)(79)
(3)	v11
(10)	sin(3)
(25)	v26
(28)	+ (10)(25)
(24)	v27
(1)	14.48658041273901
(5)	cos(1)
(8)	sin(5)
(27)	- (2)(8)
(38)	+ (27)(24)
(62)	+ (28)(38)
(46)	v3
(26)	v13
(43)	v15
(47)	+ (43)(26)
(59)	- (46)(47)
(32)	-4.42056025696019
(12)	+ (8)(6)
(13)	cos(12)
(29)	- (4)(13)
(11)	v28
(9)	* (1)(8)
(15)	v26
(17)	v24
(18)	- (15)(17)
(21)	+ (9)(18)
(35)	- (21)(11)
(37)	+ (29)(35)
(68)	/ (32)(37)
(70)	/ (59)(68)
(98)	- (62)(70)
(139)	/ (98)(81)
