(0)	v3
(4)	v28
(8)	- (4)(0)
(22)	sin(8)
(23)	-3.7820456416914574
(31)	/ (22)(23)
(20)	-2.684172472846136
(9)	v13
(19)	v18
(30)	- (9)(19)
(13)	v17
(1)	-0.6532374384421082
(10)	abs(1)
(15)	e(10)
(2)	v23
(14)	- (2)(8)
(7)	v1
(11)	v11
(16)	+ (11)(7)
(17)	- (14)(16)
(24)	/ (17)(15)
(32)	- (24)(13)
(38)	+ (30)(32)
(40)	/ (38)(20)
(51)	- (40)(31)
(3)	- (0)(2)
(6)	-0.7690946407104988
(12)	tan(6)
(18)	- (0)(12)
(25)	/ (3)(18)
(33)	* (22)(25)
(27)	v12
(35)	e(27)
(44)	- (35)(33)
(36)	-17.56180633473918
(37)	* (14)(23)
(56)	- (37)(36)
(75)	/ (44)(56)
(80)	e(75)
(139)	* (51)(80)
