(48)	2.171126621882266
(4)	v28
(32)	v3
(36)	- (4)(32)
(33)	-4.4567070920219365
(1)	v8
(11)	v19
(2)	tan(1)
(3)	sin(2)
(5)	v18
(10)	+ (3)(5)
(20)	* (10)(11)
(21)	- (20)(10)
(26)	* (11)(21)
(22)	e(3)
(0)	-0.5432282726709872
(6)	- (0)(4)
(17)	6.011078997032353
(28)	- (6)(17)
(49)	+ (22)(28)
(50)	+ (26)(49)
(68)	- (1)(50)
(87)	/ (33)(68)
(101)	/ (36)(87)
(45)	v17
(37)	v13
(9)	v11
(19)	+ (5)(9)
(7)	v12
(30)	- (7)(1)
(25)	2.595913517512866
(24)	v1
(8)	v23
(29)	+ (8)(19)
(31)	- (29)(24)
(34)	/ (31)(25)
(40)	+ (34)(30)
(51)	- (40)(19)
(53)	+ (37)(51)
(125)	- (45)(53)
(135)	- (125)(101)
(139)	/ (135)(48)
