(13)	0.8882383594935988
(27)	cos(13)
(8)	3.4848380184848224
(24)	v3
(35)	- (8)(24)
(44)	v13
(51)	- (35)(44)
(4)	v28
(15)	- (8)(4)
(18)	sin(8)
(19)	v1
(20)	- (19)(18)
(10)	-3.4142413825551117
(23)	v7
(26)	- (23)(10)
(31)	/ (20)(26)
(3)	13.009779329103296
(22)	sin(3)
(42)	v18
(45)	* (42)(22)
(47)	+ (45)(31)
(0)	v25
(5)	- (0)(0)
(6)	v11
(12)	- (5)(6)
(14)	/ (12)(10)
(2)	+ (0)(0)
(9)	cos(2)
(33)	cos(9)
(43)	abs(33)
(46)	v17
(53)	* (46)(43)
(66)	+ (14)(53)
(79)	+ (66)(47)
(81)	- (79)(15)
(83)	+ (51)(81)
(139)	* (83)(27)
