(25)	1.8083060276215654
(6)	v28
(3)	v11
(4)	-0.35062369088909406
(7)	* (3)(4)
(11)	- (7)(6)
(15)	v1
(18)	+ (15)(11)
(19)	v3
(26)	+ (18)(19)
(32)	/ (26)(25)
(0)	v17
(17)	-1.9491881235034647
(23)	* (17)(0)
(20)	v18
(27)	- (15)(20)
(30)	+ (27)(23)
(1)	v0
(12)	/ (1)(0)
(28)	abs(12)
(42)	-3.0187325695203313
(44)	- (28)(42)
(48)	/ (30)(44)
(24)	v1
(2)	v13
(5)	v13
(14)	+ (5)(2)
(13)	-5.046688569244457
(36)	cos(13)
(22)	v7
(31)	- (22)(13)
(34)	cos(26)
(41)	/ (31)(34)
(50)	/ (32)(41)
(57)	+ (50)(36)
(65)	* (57)(14)
(85)	- (24)(65)
(88)	- (85)(48)
(139)	- (88)(32)
