(4)	-12.1355194303952
(9)	sin(4)
(46)	v11
(57)	* (46)(9)
(24)	v1
(18)	v18
(35)	- (18)(24)
(1)	13.802565025980364
(0)	v10
(3)	tan(0)
(6)	sin(3)
(12)	-7.915219045092886
(29)	- (6)(12)
(41)	/ (1)(29)
(51)	/ (35)(41)
(66)	+ (24)(51)
(2)	1.7035534258611165
(5)	sin(2)
(25)	v23
(28)	/ (25)(5)
(34)	v6
(37)	4.8177343530090155
(47)	- (34)(37)
(48)	/ (28)(47)
(14)	v17
(60)	v28
(74)	+ (14)(60)
(86)	+ (48)(74)
(58)	v3
(23)	v13
(69)	-0.8287544909666558
(78)	/ (23)(69)
(95)	- (78)(58)
(100)	+ (86)(95)
(101)	+ (66)(100)
(105)	+ (101)(57)
(64)	4.182220851673062
(55)	sin(3)
(65)	+ (55)(55)
(67)	cos(65)
(7)	e(6)
(10)	/ (4)(1)
(76)	+ (7)(10)
(97)	* (76)(67)
(121)	+ (64)(97)
(130)	/ (121)(29)
(139)	* (130)(105)
