(12)	4.298474072594573
(7)	v13
(17)	sin(7)
(18)	+ (12)(17)
(9)	v17
(42)	v18
(56)	+ (9)(42)
(60)	/ (56)(18)
(11)	-16.85322246676833
(1)	v12
(3)	v8
(4)	+ (3)(3)
(5)	- (1)(4)
(6)	sin(5)
(13)	* (1)(7)
(14)	* (13)(6)
(30)	+ (11)(14)
(2)	v28
(10)	- (7)(2)
(27)	* (13)(10)
(31)	abs(27)
(36)	+ (31)(30)
(23)	0.012614596242062959
(8)	v11
(0)	v1
(15)	- (0)(10)
(20)	+ (8)(15)
(24)	+ (20)(9)
(37)	* (24)(23)
(51)	* (37)(36)
(19)	tan(6)
(21)	+ (10)(19)
(29)	v3
(32)	- (6)(29)
(35)	- (32)(21)
(38)	1.5241534480605914
(53)	/ (35)(38)
(112)	- (53)(51)
(139)	+ (112)(60)
