(0)	v13
(2)	-0.442695396579488
(25)	v17
(27)	* (2)(25)
(79)	+ (27)(0)
(17)	v2
(4)	v18
(1)	-2.0143386771787206
(10)	tan(1)
(20)	- (10)(4)
(6)	v6
(16)	v12
(18)	e(16)
(19)	* (2)(18)
(22)	e(19)
(28)	/ (6)(22)
(55)	* (20)(28)
(61)	cos(55)
(64)	* (61)(17)
(66)	* (64)(2)
(87)	cos(66)
(57)	v18
(58)	v3
(68)	- (57)(58)
(75)	2.1579134366770703
(102)	/ (68)(75)
(104)	/ (102)(87)
(47)	v28
(12)	v3
(5)	v1
(8)	v11
(11)	- (8)(4)
(13)	+ (5)(11)
(14)	- (13)(12)
(23)	+ (14)(0)
(7)	-6.561004536764843
(31)	e(28)
(35)	- (31)(7)
(70)	/ (23)(35)
(109)	+ (47)(70)
(121)	+ (104)(109)
(139)	- (121)(79)
