(0)	v6
(4)	v9
(3)	-0.3190034604584291
(17)	abs(3)
(39)	* (4)(17)
(2)	-3.747779537810615
(5)	* (0)(2)
(14)	v15
(15)	+ (14)(5)
(44)	17.12580472751482
(47)	/ (2)(44)
(53)	* (47)(15)
(81)	- (53)(39)
(109)	- (0)(81)
(10)	v0
(12)	v20
(23)	- (12)(10)
(33)	-1.3299129752952439
(34)	/ (23)(33)
(36)	v23
(55)	- (36)(34)
(21)	abs(2)
(25)	tan(2)
(40)	/ (5)(25)
(62)	cos(40)
(65)	- (62)(21)
(6)	-12.843373044300632
(29)	v20
(31)	/ (3)(29)
(11)	/ (2)(5)
(18)	v18
(28)	+ (11)(18)
(38)	sin(28)
(51)	/ (31)(38)
(8)	v11
(52)	v12
(60)	- (8)(52)
(61)	- (60)(51)
(74)	+ (6)(61)
(87)	/ (65)(74)
(112)	* (87)(55)
(139)	+ (109)(112)
