(0)	-4.995299033848934
(7)	sin(0)
(18)	v20
(22)	v9
(23)	+ (18)(22)
(6)	v6
(31)	v15
(38)	+ (31)(6)
(46)	+ (38)(23)
(67)	/ (7)(46)
(28)	v3
(2)	v11
(11)	e(2)
(1)	-16.64130715324039
(5)	e(1)
(8)	19.664377221998045
(9)	19.40348880751172
(13)	+ (9)(9)
(17)	* (13)(8)
(21)	* (5)(17)
(27)	* (21)(11)
(29)	abs(27)
(48)	11.951213387679374
(14)	v10
(10)	* (7)(2)
(16)	tan(10)
(3)	- (2)(0)
(19)	- (3)(14)
(34)	/ (19)(16)
(57)	+ (14)(34)
(64)	+ (57)(48)
(73)	* (64)(29)
(77)	/ (73)(28)
(101)	+ (77)(67)
(93)	17.53934883212969
(129)	cos(93)
(139)	/ (129)(101)
