(33)	12.960679677043764
(75)	tan(33)
(0)	v17
(1)	v5
(2)	- (0)(1)
(3)	sin(0)
(4)	- (3)(2)
(66)	sin(4)
(69)	v28
(18)	3.2627714694380643
(6)	tan(0)
(10)	* (6)(6)
(17)	v14
(24)	+ (17)(10)
(27)	* (10)(24)
(19)	-4.43212963887213
(30)	- (19)(27)
(31)	+ (30)(27)
(54)	/ (18)(31)
(38)	v25
(26)	4.491157959977073
(12)	v21
(13)	cos(12)
(34)	- (17)(13)
(43)	/ (34)(26)
(56)	+ (43)(38)
(67)	- (54)(56)
(22)	cos(13)
(15)	v22
(40)	e(15)
(41)	- (22)(40)
(42)	e(41)
(71)	cos(42)
(74)	+ (67)(71)
(20)	v15
(55)	v8
(73)	- (55)(20)
(45)	sin(12)
(47)	-2.1227816204945356
(76)	+ (45)(47)
(80)	/ (73)(76)
(81)	- (80)(74)
(83)	/ (81)(54)
(92)	- (69)(83)
(104)	+ (92)(66)
(139)	* (75)(104)
