(4)	v28
(15)	v7
(20)	v26
(34)	- (15)(20)
(3)	v8
(18)	-11.555074068303508
(25)	cos(18)
(37)	- (3)(25)
(39)	- (37)(34)
(0)	4.39565007616023
(2)	-10.371368904822384
(6)	/ (0)(2)
(41)	* (6)(20)
(51)	+ (39)(41)
(61)	- (4)(51)
(70)	v5
(48)	v25
(5)	v21
(12)	cos(5)
(9)	v7
(10)	* (9)(3)
(11)	e(10)
(13)	abs(11)
(16)	- (6)(13)
(29)	/ (12)(16)
(7)	1.1359805570849275
(57)	- (39)(7)
(58)	+ (9)(57)
(65)	* (29)(58)
(74)	- (48)(65)
(83)	+ (74)(70)
(84)	+ (83)(61)
(26)	-11.008411787693579
(31)	/ (26)(18)
(81)	sin(31)
(121)	+ (6)(81)
(139)	* (121)(84)
