(20)	0.4016729262194296
(89)	tan(20)
(75)	v7
(5)	-18.558439224749506
(2)	v7
(3)	v6
(6)	- (3)(2)
(13)	+ (6)(5)
(1)	v26
(10)	sin(6)
(16)	e(10)
(17)	- (16)(1)
(34)	- (17)(13)
(35)	tan(20)
(56)	* (35)(34)
(74)	v5
(22)	v25
(4)	v28
(38)	v8
(42)	- (38)(4)
(48)	- (22)(42)
(18)	0.9903619472602827
(24)	+ (16)(18)
(9)	11.897837652340808
(29)	tan(9)
(32)	sin(4)
(37)	+ (29)(32)
(53)	/ (24)(37)
(63)	v22
(15)	tan(3)
(28)	cos(15)
(26)	v9
(40)	sin(26)
(51)	+ (10)(40)
(65)	* (28)(51)
(71)	- (65)(63)
(77)	/ (71)(53)
(86)	- (48)(77)
(93)	+ (74)(86)
(103)	9.203023039662778
(106)	/ (93)(103)
(109)	* (106)(56)
(125)	+ (109)(75)
(139)	* (125)(89)
