(0)	v8
(2)	abs(0)
(4)	+ (0)(2)
(7)	10.249181584354549
(16)	- (7)(4)
(17)	sin(16)
(9)	v28
(3)	v7
(10)	- (3)(0)
(14)	+ (10)(9)
(18)	abs(14)
(25)	e(9)
(27)	/ (14)(25)
(38)	/ (27)(18)
(40)	* (38)(0)
(58)	* (40)(17)
(61)	12.169331989653806
(74)	- (61)(58)
(15)	-3.7901124608293024
(50)	abs(15)
(11)	v2
(5)	cos(2)
(19)	tan(5)
(20)	- (11)(19)
(39)	sin(20)
(70)	cos(39)
(78)	+ (50)(70)
(92)	/ (78)(74)
(22)	v25
(23)	+ (14)(22)
(31)	v5
(43)	+ (31)(23)
(33)	e(25)
(54)	/ (39)(33)
(123)	+ (54)(43)
(139)	* (92)(123)
