(1)	-0.5010282165122035
(11)	abs(1)
(50)	cos(11)
(66)	-3.7155179167638437
(0)	-1.0131250968465295
(4)	v12
(7)	- (0)(4)
(46)	cos(7)
(64)	v22
(70)	+ (46)(64)
(74)	+ (66)(70)
(6)	-10.012858778348281
(9)	cos(6)
(51)	v15
(25)	v28
(38)	2.251228719923809
(54)	- (38)(25)
(69)	- (51)(54)
(105)	- (69)(9)
(115)	/ (105)(74)
(131)	- (50)(115)
(94)	-2.5874833060100286
(3)	e(0)
(14)	+ (1)(3)
(13)	v8
(17)	* (0)(13)
(56)	cos(17)
(12)	v25
(21)	v5
(23)	+ (21)(12)
(16)	+ (9)(13)
(40)	e(16)
(18)	v17
(10)	-2.5352018845052235
(15)	- (10)(13)
(28)	* (14)(15)
(43)	* (18)(28)
(73)	+ (40)(43)
(80)	- (73)(23)
(89)	+ (80)(56)
(122)	+ (89)(14)
(138)	/ (122)(94)
(139)	+ (138)(131)
