(17)	v22
(18)	8.220234897510231
(58)	+ (18)(17)
(28)	v7
(37)	- (28)(17)
(45)	/ (37)(18)
(3)	v27
(2)	-3.5677109886867484
(4)	sin(2)
(27)	+ (4)(3)
(43)	e(17)
(44)	sin(43)
(49)	* (27)(44)
(62)	+ (49)(45)
(84)	- (58)(62)
(0)	-13.958871506288224
(78)	v20
(96)	+ (78)(0)
(98)	abs(96)
(107)	/ (84)(98)
(5)	v25
(8)	+ (2)(5)
(30)	- (8)(28)
(32)	v15
(33)	- (27)(32)
(39)	/ (33)(30)
(7)	v5
(14)	v12
(21)	- (14)(7)
(59)	e(43)
(63)	/ (21)(59)
(69)	- (39)(63)
(50)	v28
(16)	v25
(64)	+ (45)(16)
(71)	+ (64)(50)
(131)	+ (69)(71)
(139)	* (107)(131)
