(92)	0.4371121157271247
(43)	v5
(28)	v0
(33)	cos(28)
(34)	tan(33)
(36)	cos(34)
(41)	v12
(56)	* (41)(36)
(59)	- (43)(56)
(72)	sin(59)
(8)	v28
(1)	v3
(6)	e(1)
(7)	sin(6)
(12)	v22
(13)	+ (12)(7)
(17)	sin(13)
(70)	* (8)(17)
(25)	+ (8)(8)
(0)	-3.6492202269119645
(2)	v17
(4)	cos(2)
(32)	+ (0)(4)
(77)	/ (25)(32)
(53)	-12.723577590363622
(3)	e(0)
(11)	sin(3)
(9)	v15
(10)	+ (9)(9)
(15)	- (7)(10)
(29)	- (11)(15)
(39)	- (2)(29)
(35)	v26
(47)	+ (0)(35)
(54)	/ (39)(47)
(55)	v25
(58)	+ (54)(55)
(65)	9.746801851328819
(83)	/ (58)(65)
(85)	* (53)(83)
(106)	+ (77)(85)
(107)	- (70)(106)
(131)	+ (107)(72)
(139)	* (92)(131)
