(8)	v17
(1)	v24
(0)	3.305447614488429
(2)	+ (0)(1)
(7)	/ (1)(2)
(17)	v13
(18)	- (7)(17)
(11)	v15
(29)	v26
(30)	+ (29)(11)
(38)	- (18)(30)
(41)	-13.082858164226959
(60)	3.477950283726635
(62)	v14
(70)	+ (60)(62)
(77)	/ (70)(41)
(96)	cos(77)
(104)	* (96)(38)
(106)	- (8)(104)
(111)	3.044116595366148
(136)	/ (106)(111)
(27)	v19
(3)	cos(1)
(19)	- (3)(0)
(10)	cos(0)
(15)	v5
(23)	/ (15)(10)
(28)	cos(23)
(33)	- (19)(28)
(35)	+ (33)(7)
(69)	* (35)(27)
(71)	v16
(76)	+ (69)(71)
(9)	v1
(21)	v16
(36)	* (9)(21)
(40)	2.115651306055895
(67)	v23
(68)	* (67)(40)
(80)	+ (0)(68)
(95)	abs(80)
(101)	- (36)(95)
(105)	- (41)(101)
(138)	/ (76)(105)
(139)	- (136)(138)
