(10)	v15
(0)	v26
(2)	sin(0)
(8)	abs(2)
(9)	v16
(12)	* (9)(8)
(15)	6.547573003344095
(19)	- (15)(12)
(25)	/ (10)(19)
(1)	v17
(24)	-0.42343801063194064
(14)	v6
(26)	cos(14)
(27)	* (26)(12)
(28)	- (1)(27)
(29)	* (24)(28)
(21)	v6
(23)	v20
(32)	- (23)(21)
(46)	- (0)(32)
(38)	abs(32)
(59)	-3.6289609606229156
(61)	- (38)(59)
(7)	1.8503179209473402
(31)	cos(1)
(39)	* (31)(7)
(41)	- (38)(39)
(63)	* (41)(59)
(65)	+ (29)(63)
(80)	cos(65)
(84)	- (61)(80)
(86)	/ (46)(84)
(108)	+ (29)(86)
(111)	+ (108)(1)
(139)	+ (25)(111)
