(3)	v17
(33)	-0.1972479339065032
(10)	sin(3)
(8)	v26
(14)	/ (8)(3)
(13)	v28
(16)	sin(13)
(28)	+ (16)(14)
(48)	- (10)(28)
(62)	* (33)(48)
(2)	v0
(7)	tan(2)
(17)	-8.172570255825256
(26)	- (17)(7)
(15)	* (2)(2)
(31)	cos(15)
(36)	/ (31)(26)
(38)	sin(36)
(37)	9.96137729564904
(19)	+ (10)(8)
(0)	6.863362836736847
(4)	sin(0)
(6)	/ (4)(2)
(20)	v19
(25)	+ (6)(20)
(27)	- (25)(19)
(29)	* (15)(27)
(9)	-14.737155217284377
(18)	+ (9)(14)
(30)	- (20)(18)
(39)	+ (29)(30)
(44)	/ (37)(39)
(91)	- (44)(38)
(98)	+ (62)(91)
(139)	* (3)(98)
