(23)	v20
(1)	-4.216810951323588
(0)	v0
(2)	sin(0)
(4)	+ (2)(1)
(5)	v7
(8)	cos(5)
(21)	* (8)(5)
(39)	abs(21)
(41)	+ (8)(39)
(48)	- (41)(4)
(52)	abs(48)
(53)	/ (23)(52)
(85)	v17
(18)	v26
(3)	* (0)(2)
(9)	v17
(16)	- (9)(3)
(14)	cos(1)
(12)	v15
(13)	v1
(15)	+ (12)(13)
(26)	* (15)(14)
(29)	+ (26)(16)
(31)	- (29)(18)
(22)	- (4)(12)
(24)	v13
(43)	/ (24)(22)
(62)	+ (31)(43)
(70)	-3.865643326569547
(86)	/ (62)(70)
(91)	+ (86)(85)
(122)	- (91)(53)
(45)	cos(41)
(34)	-3.562435496142335
(54)	v1
(57)	abs(54)
(30)	v9
(58)	abs(30)
(65)	+ (5)(58)
(88)	- (57)(65)
(97)	- (34)(88)
(133)	/ (45)(97)
(139)	+ (122)(133)
