(117)	-11.62931669213933
(118)	cos(117)
(50)	v26
(23)	-6.626692100590228
(31)	1.3918357648698354
(36)	-10.797692762444658
(0)	v24
(2)	e(0)
(5)	sin(2)
(35)	v8
(38)	+ (35)(5)
(42)	- (36)(38)
(43)	+ (42)(31)
(59)	/ (23)(43)
(68)	* (50)(59)
(89)	v17
(1)	v15
(4)	sin(0)
(6)	v16
(7)	+ (4)(6)
(9)	cos(7)
(17)	- (1)(9)
(21)	v19
(57)	- (21)(17)
(27)	2.995911506279807
(24)	-0.17982186226399932
(29)	* (2)(24)
(45)	+ (29)(27)
(72)	sin(17)
(87)	- (72)(45)
(91)	/ (57)(87)
(98)	+ (91)(89)
(126)	+ (68)(98)
(139)	* (126)(118)
