(20)	v3
(6)	v15
(8)	sin(6)
(22)	cos(8)
(29)	v24
(35)	* (22)(29)
(47)	- (20)(35)
(42)	v19
(1)	-4.242337081022063
(28)	+ (20)(22)
(50)	+ (1)(28)
(53)	/ (42)(50)
(58)	+ (53)(47)
(2)	0.32674085007523956
(45)	e(2)
(7)	+ (6)(1)
(19)	/ (6)(7)
(26)	abs(19)
(39)	15.080568852247886
(62)	- (26)(39)
(82)	- (45)(62)
(105)	cos(82)
(107)	* (105)(58)
(0)	v8
(3)	tan(1)
(11)	/ (0)(3)
(10)	v25
(16)	/ (10)(7)
(24)	- (11)(16)
(66)	-2.060866888976804
(13)	v18
(49)	+ (26)(10)
(4)	-0.210366698158726
(54)	v0
(69)	+ (4)(54)
(77)	+ (69)(49)
(88)	- (13)(77)
(98)	/ (88)(66)
(128)	- (98)(24)
(139)	+ (107)(128)
