(0)	2.403612397195225
(3)	abs(0)
(9)	v0
(21)	sin(9)
(27)	* (3)(21)
(1)	v3
(2)	v8
(5)	- (2)(1)
(35)	v25
(6)	v26
(7)	v27
(39)	- (6)(7)
(41)	+ (35)(39)
(52)	+ (41)(5)
(59)	/ (52)(27)
(33)	abs(9)
(19)	v2
(37)	/ (19)(0)
(50)	+ (33)(37)
(29)	-5.32262132367741
(15)	/ (3)(9)
(23)	abs(15)
(31)	+ (23)(15)
(24)	/ (21)(19)
(42)	/ (5)(24)
(49)	/ (42)(31)
(54)	- (49)(29)
(14)	sin(0)
(8)	cos(1)
(22)	- (1)(8)
(32)	- (14)(22)
(56)	- (32)(42)
(62)	/ (56)(54)
(64)	+ (62)(50)
(116)	+ (64)(59)
(17)	3.79629197678679
(28)	cos(17)
(74)	abs(28)
(91)	tan(21)
(104)	* (74)(91)
(136)	sin(104)
(139)	* (116)(136)
