(3)	v17
(16)	17.45600893584031
(25)	sin(16)
(31)	tan(25)
(18)	tan(3)
(20)	sin(18)
(4)	v27
(7)	v23
(10)	+ (4)(7)
(14)	v6
(29)	+ (14)(10)
(41)	+ (29)(20)
(55)	/ (41)(31)
(67)	- (55)(3)
(48)	v2
(50)	cos(48)
(77)	-3.493389335032777
(104)	- (50)(77)
(108)	/ (67)(104)
(0)	v28
(22)	v26
(26)	- (3)(22)
(39)	+ (26)(0)
(1)	5.705630881602467
(28)	+ (1)(26)
(2)	10.112832739334493
(6)	v15
(11)	/ (6)(0)
(32)	- (11)(2)
(17)	v18
(36)	* (2)(17)
(40)	/ (36)(32)
(49)	+ (28)(40)
(51)	/ (31)(49)
(94)	abs(51)
(137)	* (39)(94)
(139)	- (137)(108)
