(4)	v27
(12)	v6
(13)	sin(12)
(14)	+ (13)(4)
(8)	v9
(9)	4.035270122489692
(11)	/ (8)(9)
(17)	v17
(21)	+ (11)(17)
(29)	+ (14)(21)
(1)	v9
(2)	v26
(32)	- (1)(2)
(0)	v23
(3)	- (2)(0)
(18)	v28
(26)	- (3)(18)
(24)	v22
(28)	abs(24)
(30)	e(28)
(40)	/ (26)(30)
(42)	- (32)(40)
(69)	- (42)(1)
(84)	+ (17)(69)
(114)	+ (84)(29)
(91)	5.339609154837369
(22)	18.73766611171954
(83)	abs(1)
(102)	- (22)(83)
(33)	abs(3)
(10)	v0
(34)	abs(10)
(45)	cos(26)
(50)	- (34)(45)
(119)	- (50)(33)
(124)	- (102)(119)
(132)	/ (124)(91)
(139)	/ (114)(132)
