(10)	-10.720009707024696
(34)	tan(10)
(1)	v16
(14)	v7
(0)	v17
(6)	v25
(7)	- (6)(0)
(9)	v22
(12)	cos(9)
(16)	- (1)(12)
(20)	abs(16)
(29)	* (7)(20)
(52)	- (29)(14)
(55)	- (52)(1)
(85)	/ (55)(34)
(65)	v0
(5)	-4.063735985372228
(44)	v8
(59)	+ (5)(44)
(19)	* (12)(12)
(4)	e(1)
(17)	sin(4)
(15)	v3
(18)	e(15)
(21)	* (17)(18)
(25)	/ (19)(21)
(63)	cos(25)
(72)	+ (59)(63)
(73)	- (72)(65)
(81)	sin(59)
(84)	+ (81)(73)
(24)	v2
(13)	v17
(26)	v28
(27)	+ (13)(26)
(33)	+ (24)(27)
(30)	v26
(40)	+ (30)(15)
(53)	- (33)(40)
(90)	-11.566073905681984
(105)	/ (53)(90)
(129)	* (105)(84)
(139)	+ (129)(85)
