(1)	-1.8585019498214308
(2)	tan(1)
(0)	v17
(57)	v8
(76)	+ (0)(57)
(4)	v21
(3)	v26
(8)	abs(3)
(22)	tan(8)
(5)	tan(2)
(17)	v25
(25)	+ (17)(5)
(36)	/ (22)(25)
(37)	e(36)
(12)	- (3)(0)
(27)	v5
(39)	+ (27)(12)
(54)	+ (37)(39)
(63)	- (4)(54)
(26)	v6
(34)	sin(26)
(38)	v28
(72)	+ (34)(38)
(81)	+ (37)(72)
(82)	+ (81)(63)
(96)	+ (76)(82)
(100)	/ (96)(2)
(30)	10.054427009772496
(18)	e(8)
(6)	sin(5)
(10)	- (4)(6)
(28)	/ (3)(10)
(75)	* (18)(28)
(43)	e(22)
(11)	v14
(15)	v1
(16)	/ (15)(11)
(67)	v12
(69)	- (67)(30)
(73)	e(69)
(87)	/ (16)(73)
(101)	abs(87)
(116)	+ (43)(101)
(128)	/ (75)(116)
(138)	* (30)(128)
(139)	+ (138)(100)
