(6)	v28
(8)	v27
(9)	v6
(12)	+ (8)(9)
(1)	v26
(0)	v17
(2)	-0.1651602384824713
(5)	+ (0)(2)
(11)	+ (5)(0)
(15)	- (1)(11)
(16)	- (15)(12)
(62)	- (6)(16)
(46)	5.970103491687784
(28)	v0
(57)	cos(28)
(66)	- (46)(57)
(38)	v16
(7)	abs(1)
(17)	tan(7)
(26)	e(17)
(30)	sin(26)
(40)	sin(30)
(42)	-16.57174099083135
(3)	7.15406612095051
(4)	+ (3)(1)
(10)	- (4)(7)
(20)	-3.7000681704872704
(21)	cos(9)
(43)	* (21)(20)
(47)	- (10)(43)
(52)	+ (42)(47)
(53)	+ (52)(40)
(59)	10.331618711924815
(67)	- (59)(53)
(82)	+ (38)(67)
(94)	/ (66)(82)
(139)	* (94)(62)
