(14)	v6
(15)	sin(14)
(13)	-3.1969217622703674
(0)	v0
(2)	v26
(3)	abs(2)
(4)	* (3)(0)
(7)	-13.044131013698866
(9)	+ (4)(7)
(16)	abs(9)
(20)	/ (13)(16)
(19)	v27
(27)	v28
(55)	+ (19)(27)
(57)	* (20)(55)
(60)	- (15)(57)
(1)	-0.5369534183974736
(5)	tan(1)
(10)	- (0)(3)
(11)	+ (10)(4)
(17)	+ (11)(16)
(38)	/ (17)(5)
(34)	cos(11)
(12)	v4
(22)	+ (16)(19)
(29)	+ (22)(12)
(31)	/ (10)(11)
(32)	e(31)
(33)	+ (29)(32)
(46)	+ (29)(33)
(47)	- (46)(34)
(53)	/ (38)(47)
(8)	* (1)(2)
(21)	- (15)(8)
(18)	e(7)
(28)	v17
(30)	- (18)(28)
(72)	+ (30)(21)
(78)	* (72)(53)
(139)	+ (60)(78)
