(4)	-4.981276272540139
(16)	v17
(26)	* (4)(16)
(9)	tan(4)
(30)	v26
(33)	v27
(46)	- (30)(33)
(47)	v28
(51)	- (47)(46)
(65)	* (51)(9)
(71)	+ (26)(65)
(14)	v16
(2)	v10
(8)	sin(2)
(19)	v6
(20)	v18
(32)	+ (20)(19)
(39)	- (32)(8)
(61)	+ (39)(14)
(18)	v26
(22)	e(18)
(64)	* (22)(8)
(79)	+ (64)(61)
(90)	+ (71)(79)
(94)	-4.793407886231309
(99)	cos(94)
(107)	* (99)(90)
(1)	v17
(62)	v22
(27)	9.661441318696543
(24)	sin(22)
(35)	+ (33)(24)
(44)	tan(22)
(63)	- (35)(44)
(69)	- (27)(63)
(97)	/ (62)(69)
(111)	- (1)(97)
(139)	+ (107)(111)
