(41)	-3.9611530545400697
(11)	-2.9605657223740387
(24)	-1.2964496975959179
(32)	- (11)(24)
(43)	sin(32)
(64)	- (43)(41)
(17)	v2
(2)	v7
(7)	sin(2)
(0)	v26
(9)	abs(7)
(16)	* (0)(9)
(31)	+ (7)(16)
(29)	v22
(57)	sin(29)
(10)	sin(9)
(22)	* (7)(10)
(55)	v20
(58)	+ (55)(22)
(59)	+ (57)(58)
(65)	- (59)(31)
(39)	v4
(44)	/ (39)(24)
(21)	0.24361627174346623
(1)	v20
(3)	-1.6744269968395926
(4)	/ (1)(3)
(5)	v28
(12)	- (4)(5)
(26)	v21
(30)	- (26)(12)
(37)	* (30)(21)
(61)	+ (37)(37)
(68)	+ (44)(61)
(70)	+ (65)(68)
(77)	+ (70)(7)
(104)	+ (17)(77)
(139)	/ (104)(64)
