(5)	-3.3503267297613313
(2)	v2
(15)	v20
(45)	+ (15)(2)
(50)	-0.12893642682664108
(55)	* (45)(50)
(8)	v6
(1)	v4
(7)	v25
(13)	* (7)(5)
(14)	+ (1)(13)
(32)	abs(14)
(4)	e(2)
(6)	- (2)(4)
(0)	v26
(11)	sin(0)
(12)	/ (11)(6)
(34)	+ (5)(12)
(38)	+ (34)(32)
(49)	+ (38)(45)
(51)	* (8)(49)
(27)	6.221604842876868
(40)	-10.591429530157331
(10)	v22
(21)	- (12)(10)
(41)	+ (1)(21)
(46)	- (40)(41)
(48)	- (27)(46)
(20)	v12
(30)	e(20)
(61)	+ (30)(51)
(66)	+ (61)(48)
(70)	+ (66)(51)
(39)	v21
(58)	- (0)(39)
(74)	+ (58)(41)
(76)	/ (74)(70)
(92)	+ (55)(76)
(139)	* (5)(92)
