(0)	-5.491584277831748
(2)	v0
(7)	abs(2)
(11)	v26
(12)	+ (7)(11)
(14)	- (12)(0)
(6)	v2
(24)	sin(6)
(35)	- (14)(24)
(37)	v4
(41)	/ (37)(35)
(5)	v7
(30)	- (11)(5)
(16)	/ (14)(7)
(19)	v8
(20)	sin(19)
(21)	* (5)(20)
(23)	+ (21)(0)
(32)	/ (16)(23)
(40)	+ (0)(32)
(47)	/ (30)(40)
(52)	- (47)(41)
(25)	-5.9745054629695495
(27)	tan(25)
(1)	v22
(8)	sin(1)
(3)	v17
(13)	v20
(17)	+ (13)(3)
(34)	+ (8)(17)
(10)	v28
(22)	v8
(31)	- (10)(22)
(43)	/ (31)(32)
(49)	- (6)(43)
(56)	+ (49)(34)
(81)	* (56)(27)
(139)	+ (52)(81)
