(6)	-16.255630038657387
(10)	cos(6)
(1)	v12
(3)	/ (1)(1)
(0)	-15.059687912192441
(9)	sin(0)
(15)	* (3)(9)
(26)	sin(15)
(47)	- (26)(10)
(28)	-1.790720294319506
(36)	v26
(37)	/ (36)(28)
(14)	tan(3)
(18)	v2
(30)	v20
(31)	+ (18)(30)
(17)	v21
(34)	* (26)(17)
(44)	- (34)(31)
(46)	* (44)(14)
(7)	v22
(2)	e(1)
(5)	cos(2)
(8)	tan(5)
(11)	* (7)(8)
(12)	-2.3216533559847434
(13)	/ (11)(12)
(20)	19.623981267255594
(29)	/ (6)(20)
(51)	+ (29)(13)
(52)	v22
(75)	v12
(103)	- (75)(52)
(104)	* (51)(103)
(124)	- (104)(46)
(136)	+ (124)(37)
(139)	* (136)(47)
