(12)	v18
(13)	abs(12)
(15)	sin(13)
(17)	cos(15)
(4)	v4
(24)	v21
(27)	- (24)(4)
(37)	* (17)(27)
(30)	v2
(31)	v20
(47)	+ (31)(30)
(50)	+ (47)(37)
(1)	v22
(69)	sin(1)
(74)	+ (50)(69)
(33)	5.4690622905491395
(14)	v5
(3)	v3
(0)	v9
(8)	sin(1)
(9)	+ (8)(0)
(26)	- (9)(3)
(28)	v8
(32)	* (26)(28)
(52)	+ (32)(14)
(6)	v14
(16)	-16.046454813719425
(23)	+ (6)(16)
(7)	-8.347316768291545
(19)	/ (7)(1)
(18)	14.913175773413485
(22)	* (18)(9)
(25)	/ (22)(19)
(36)	/ (25)(19)
(40)	abs(36)
(56)	+ (40)(23)
(57)	- (52)(56)
(86)	/ (33)(57)
(125)	tan(86)
(139)	* (125)(74)
