(1)	v4
(3)	v12
(4)	v19
(6)	- (3)(4)
(12)	sin(6)
(16)	+ (1)(12)
(0)	v21
(7)	v23
(11)	sin(7)
(14)	abs(11)
(15)	cos(14)
(20)	* (0)(15)
(22)	- (20)(16)
(9)	v15
(13)	v28
(5)	-2.8917920160801636
(17)	v5
(18)	* (17)(5)
(26)	- (18)(13)
(41)	- (26)(9)
(48)	- (41)(22)
(19)	abs(14)
(44)	v25
(78)	* (19)(44)
(45)	-4.8742100604135885
(46)	e(11)
(21)	sin(0)
(2)	/ (0)(1)
(30)	+ (2)(26)
(49)	+ (21)(30)
(55)	/ (46)(49)
(60)	- (55)(45)
(65)	1.885781648281565
(108)	/ (60)(65)
(111)	/ (78)(108)
(115)	-5.7194088302399315
(119)	+ (111)(115)
(10)	-6.796630544538264
(59)	v19
(23)	e(12)
(24)	-6.370917396617255
(40)	/ (23)(24)
(54)	-9.178320743905598
(58)	+ (54)(40)
(27)	+ (22)(3)
(63)	- (19)(27)
(69)	+ (63)(58)
(87)	+ (69)(59)
(133)	/ (87)(10)
(135)	/ (133)(119)
(139)	* (135)(48)
