(8)	-5.344475386967126
(40)	v28
(42)	/ (40)(8)
(15)	-1.355811726463795
(17)	e(15)
(0)	v5
(1)	-1.3804914017628853
(2)	* (0)(1)
(7)	v17
(11)	v21
(18)	+ (11)(7)
(21)	- (2)(18)
(27)	* (17)(21)
(3)	v4
(4)	-8.056778962674688
(6)	+ (3)(4)
(13)	/ (7)(6)
(31)	v12
(9)	v9
(5)	- (3)(0)
(20)	v15
(22)	- (20)(5)
(34)	+ (22)(9)
(38)	- (31)(34)
(12)	sin(7)
(14)	+ (8)(12)
(23)	v28
(16)	v23
(24)	- (2)(18)
(29)	* (16)(24)
(36)	- (29)(23)
(43)	+ (14)(36)
(48)	abs(43)
(53)	/ (38)(48)
(59)	- (13)(53)
(88)	- (59)(27)
(139)	- (88)(42)
