(60)	-3.1914275034323047
(0)	v5
(3)	sin(0)
(10)	v21
(18)	/ (10)(3)
(26)	4.076968719699394
(4)	sin(0)
(1)	-8.143608998226046
(8)	sin(1)
(9)	cos(8)
(32)	* (9)(4)
(33)	* (32)(26)
(20)	v22
(2)	v5
(27)	* (2)(9)
(31)	e(27)
(39)	- (20)(31)
(13)	v9
(43)	v15
(46)	+ (43)(13)
(53)	* (39)(46)
(55)	/ (53)(33)
(78)	- (55)(18)
(86)	/ (78)(60)
(24)	abs(4)
(7)	v12
(6)	v12
(12)	+ (7)(4)
(17)	+ (6)(12)
(22)	abs(17)
(28)	- (7)(22)
(36)	e(28)
(42)	+ (24)(36)
(16)	- (10)(8)
(25)	* (16)(20)
(45)	sin(25)
(84)	/ (45)(42)
(104)	cos(84)
(119)	+ (104)(86)
(129)	sin(4)
(139)	* (129)(119)
