(2)	v5
(0)	v9
(1)	v12
(7)	- (1)(2)
(10)	- (7)(0)
(11)	-1.6333486132721795
(14)	v28
(18)	/ (14)(11)
(26)	+ (10)(18)
(16)	v21
(4)	v17
(6)	v14
(9)	- (4)(6)
(23)	sin(9)
(34)	+ (23)(16)
(43)	- (34)(26)
(69)	+ (43)(2)
(42)	5.589234804472582
(25)	v22
(35)	sin(25)
(52)	cos(35)
(86)	- (42)(52)
(47)	6.205296797319399
(39)	e(7)
(41)	19.937651892480865
(45)	+ (41)(39)
(8)	v24
(13)	/ (7)(8)
(24)	e(4)
(33)	abs(24)
(46)	+ (33)(13)
(50)	+ (46)(45)
(55)	/ (50)(47)
(75)	cos(55)
(93)	e(75)
(103)	+ (86)(93)
(105)	1.443855853295176
(123)	/ (105)(103)
(139)	* (123)(69)
