(14)	v21
(0)	v21
(1)	v28
(2)	- (0)(1)
(4)	9.019412254927055
(5)	/ (2)(4)
(17)	v5
(19)	- (17)(5)
(3)	v9
(8)	v12
(11)	- (3)(8)
(16)	2.04125468441336
(23)	/ (11)(16)
(33)	- (5)(23)
(39)	- (33)(19)
(54)	- (14)(39)
(7)	-11.79018709130792
(10)	sin(0)
(13)	- (7)(10)
(18)	0.2741528361491383
(70)	* (18)(13)
(58)	6.473541274996549
(41)	-11.376934148182073
(72)	cos(41)
(77)	- (72)(58)
(21)	2.153861741135991
(27)	e(19)
(59)	/ (21)(27)
(73)	v22
(15)	v16
(42)	abs(15)
(62)	e(42)
(86)	abs(62)
(89)	/ (73)(86)
(95)	/ (89)(59)
(107)	- (77)(95)
(108)	/ (70)(107)
(139)	* (54)(108)
