(58)	-1.9008388513285652
(8)	v22
(0)	1.8579406475829217
(11)	cos(0)
(19)	- (11)(8)
(3)	-16.656407957038837
(12)	sin(3)
(13)	cos(12)
(6)	v7
(1)	v10
(4)	abs(1)
(9)	+ (4)(3)
(10)	- (9)(9)
(21)	- (13)(10)
(25)	* (6)(21)
(27)	* (13)(25)
(5)	v5
(14)	v0
(2)	/ (1)(0)
(24)	v25
(28)	+ (24)(2)
(36)	+ (14)(28)
(37)	+ (5)(36)
(59)	+ (37)(27)
(78)	+ (59)(19)
(80)	* (78)(58)
(16)	v0
(32)	2.062490473662578
(39)	- (32)(5)
(72)	e(39)
(88)	/ (16)(72)
(40)	v23
(76)	5.258449751883912
(90)	- (40)(76)
(91)	+ (11)(90)
(99)	- (91)(88)
(139)	/ (80)(99)
