(55)	-3.7418291726662964
(1)	v22
(3)	+ (1)(1)
(4)	abs(3)
(2)	v27
(12)	-2.9072681866523844
(16)	/ (2)(12)
(51)	* (4)(16)
(22)	v19
(0)	v9
(6)	v6
(7)	+ (0)(6)
(14)	v16
(24)	- (14)(7)
(38)	- (22)(24)
(27)	-5.626762325276955
(19)	14.436679854050546
(10)	v17
(11)	cos(10)
(15)	v0
(21)	- (11)(15)
(17)	-8.573147857006242
(25)	sin(14)
(35)	+ (17)(25)
(36)	+ (35)(21)
(39)	+ (36)(19)
(40)	/ (27)(39)
(56)	* (38)(40)
(86)	+ (51)(56)
(41)	v11
(45)	sin(41)
(52)	v18
(89)	+ (45)(52)
(92)	- (86)(89)
(139)	/ (92)(55)
