(1)	4.484551382924202
(48)	v23
(36)	v19
(42)	v25
(49)	- (36)(42)
(52)	v22
(80)	+ (52)(49)
(118)	+ (80)(48)
(128)	/ (118)(1)
(41)	10.391523159745969
(0)	v23
(2)	-1.6870630194726566
(3)	/ (2)(0)
(19)	cos(3)
(34)	abs(19)
(7)	v27
(6)	v16
(15)	e(6)
(21)	4.853476018069589
(24)	+ (21)(15)
(60)	- (24)(7)
(79)	+ (34)(60)
(86)	/ (41)(79)
(106)	cos(86)
(14)	4.776129693717589
(10)	v6
(16)	v11
(30)	+ (10)(16)
(11)	e(6)
(12)	/ (11)(1)
(25)	e(12)
(27)	v20
(29)	sin(27)
(37)	* (11)(29)
(71)	/ (37)(25)
(73)	+ (30)(71)
(110)	/ (73)(14)
(133)	- (110)(106)
(139)	+ (133)(128)
