(24)	-2.751124887907114
(0)	v0
(9)	cos(0)
(10)	-2.0159233497163562
(12)	v11
(18)	+ (12)(10)
(28)	/ (9)(18)
(40)	- (28)(24)
(1)	v14
(4)	+ (1)(0)
(5)	-13.434334950657494
(7)	tan(5)
(11)	12.283848839938194
(13)	- (11)(11)
(29)	- (13)(0)
(46)	sin(29)
(54)	/ (46)(7)
(67)	v27
(70)	- (54)(67)
(22)	18.996164042697366
(27)	* (11)(22)
(42)	/ (1)(27)
(47)	+ (42)(10)
(21)	+ (10)(12)
(34)	v26
(37)	* (34)(21)
(23)	8.832765431124301
(41)	sin(23)
(51)	* (41)(37)
(83)	/ (51)(47)
(97)	v28
(108)	- (83)(97)
(118)	- (108)(70)
(132)	+ (118)(4)
(139)	/ (132)(40)
