(7)	-3.6443456895071833
(3)	v23
(4)	v6
(10)	* (4)(3)
(17)	- (10)(7)
(21)	cos(4)
(26)	- (17)(21)
(16)	v14
(8)	v27
(18)	e(8)
(41)	- (16)(18)
(43)	+ (41)(26)
(1)	v27
(12)	v10
(13)	+ (12)(1)
(6)	0.8311751571963875
(14)	* (10)(1)
(15)	+ (6)(14)
(22)	/ (15)(13)
(24)	cos(22)
(9)	v27
(38)	+ (17)(9)
(56)	+ (24)(38)
(58)	/ (43)(56)
(59)	v14
(27)	abs(7)
(20)	v28
(28)	e(20)
(33)	+ (28)(27)
(40)	e(33)
(2)	-16.62907447197034
(0)	v20
(11)	/ (1)(0)
(49)	+ (2)(11)
(67)	tan(49)
(82)	+ (40)(67)
(30)	tan(24)
(35)	- (2)(30)
(60)	tan(35)
(87)	+ (49)(60)
(92)	- (82)(87)
(48)	-0.26468006737284
(94)	/ (35)(48)
(118)	/ (94)(92)
(122)	+ (118)(59)
(139)	- (122)(58)
