(1)	v24
(5)	2.8896524814711277
(7)	/ (1)(5)
(13)	tan(7)
(55)	0.30632362420931614
(62)	v16
(63)	* (62)(55)
(85)	e(63)
(2)	abs(1)
(4)	cos(1)
(6)	- (4)(1)
(8)	+ (2)(6)
(16)	+ (8)(2)
(14)	v7
(22)	e(14)
(33)	+ (22)(16)
(50)	v5
(0)	-11.772191331468553
(9)	* (5)(0)
(10)	abs(9)
(19)	tan(10)
(25)	e(19)
(34)	+ (16)(25)
(21)	v26
(31)	v19
(39)	* (31)(21)
(40)	* (39)(25)
(43)	+ (34)(40)
(35)	v25
(3)	v3
(36)	* (3)(25)
(47)	- (35)(36)
(24)	9.785550314547908
(41)	v4
(48)	* (16)(41)
(51)	/ (48)(24)
(60)	+ (21)(51)
(64)	+ (60)(47)
(74)	- (64)(43)
(78)	- (50)(74)
(87)	/ (78)(33)
(90)	- (87)(85)
(139)	- (13)(90)
