(5)	-13.09701399747086
(3)	v13
(7)	sin(3)
(14)	- (5)(7)
(17)	v20
(23)	/ (14)(17)
(11)	v17
(19)	+ (14)(11)
(56)	/ (17)(19)
(57)	* (23)(56)
(15)	v23
(41)	tan(15)
(2)	v12
(6)	* (5)(2)
(18)	- (2)(6)
(13)	0.5183808225303999
(20)	tan(13)
(35)	e(20)
(42)	+ (18)(35)
(54)	/ (41)(42)
(61)	e(54)
(62)	v25
(68)	- (62)(61)
(82)	cos(68)
(67)	-15.900255117284585
(70)	tan(67)
(85)	* (14)(70)
(86)	- (85)(82)
(0)	3.2026190175335714
(16)	- (6)(0)
(1)	v6
(22)	- (1)(6)
(27)	v15
(38)	+ (27)(22)
(8)	v13
(21)	* (2)(20)
(24)	- (21)(8)
(28)	-3.690872732917377
(53)	/ (28)(23)
(58)	+ (53)(24)
(71)	- (58)(38)
(98)	cos(67)
(105)	+ (98)(71)
(116)	- (16)(105)
(121)	/ (116)(86)
(139)	+ (57)(121)
