(82)	1.93238196685936
(11)	-2.352001690333335
(22)	cos(11)
(14)	-0.9259956576514874
(48)	tan(14)
(1)	v26
(4)	sin(1)
(40)	v9
(53)	- (4)(40)
(58)	e(53)
(70)	+ (58)(48)
(84)	abs(70)
(87)	- (22)(84)
(106)	- (87)(82)
(68)	v21
(3)	v13
(5)	cos(4)
(8)	sin(5)
(16)	* (8)(3)
(27)	v20
(46)	abs(4)
(55)	cos(11)
(60)	/ (46)(55)
(98)	+ (27)(60)
(103)	- (98)(16)
(112)	+ (103)(68)
(113)	/ (112)(106)
(23)	1.9621349111760935
(24)	+ (23)(5)
(0)	v12
(50)	cos(0)
(34)	v3
(6)	v1
(7)	v6
(13)	+ (7)(3)
(19)	+ (6)(13)
(65)	v15
(66)	+ (19)(65)
(77)	- (34)(66)
(33)	v21
(38)	v11
(80)	- (33)(38)
(94)	- (80)(77)
(120)	- (50)(94)
(128)	/ (120)(24)
(139)	- (113)(128)
