(2)	5.266642647456745
(9)	0.40506298311724365
(21)	* (9)(2)
(1)	v5
(4)	+ (1)(2)
(11)	v24
(16)	abs(11)
(24)	sin(16)
(33)	+ (24)(4)
(51)	cos(33)
(68)	v15
(66)	v0
(80)	cos(66)
(85)	- (80)(68)
(83)	v27
(3)	+ (1)(1)
(15)	cos(3)
(25)	- (11)(15)
(26)	+ (2)(25)
(20)	v18
(46)	-18.37178533313572
(54)	/ (20)(46)
(81)	- (26)(54)
(8)	v12
(7)	sin(4)
(13)	v6
(18)	* (13)(7)
(35)	+ (18)(18)
(41)	- (35)(8)
(0)	19.45542088651117
(12)	* (11)(0)
(43)	sin(12)
(91)	+ (41)(43)
(93)	/ (91)(81)
(103)	- (83)(93)
(116)	- (103)(85)
(135)	+ (116)(51)
(139)	/ (135)(21)
