(51)	-13.9826341944012
(84)	-6.627864893750193
(103)	/ (84)(51)
(5)	v28
(10)	sin(5)
(12)	v21
(16)	* (12)(10)
(27)	* (16)(5)
(2)	v19
(0)	v25
(3)	* (0)(0)
(6)	tan(3)
(13)	+ (6)(6)
(31)	+ (2)(13)
(32)	/ (27)(31)
(21)	2.691083022044971
(24)	v0
(47)	+ (24)(21)
(49)	+ (32)(47)
(72)	cos(49)
(78)	v4
(88)	+ (72)(78)
(40)	v15
(34)	v7
(41)	sin(34)
(57)	+ (41)(40)
(44)	-8.024621419357171
(7)	v27
(1)	v5
(4)	cos(1)
(14)	- (7)(4)
(19)	* (7)(14)
(20)	e(19)
(55)	e(20)
(79)	/ (55)(44)
(107)	e(79)
(113)	+ (57)(107)
(126)	+ (113)(88)
(139)	* (126)(103)
