(0)	v9
(11)	cos(0)
(12)	cos(11)
(18)	v0
(19)	cos(18)
(20)	- (12)(19)
(3)	sin(0)
(6)	-2.3594165351441703
(13)	- (6)(3)
(45)	/ (20)(13)
(49)	+ (20)(45)
(52)	17.077910573277265
(9)	11.960676072924386
(53)	sin(9)
(81)	cos(53)
(85)	- (81)(52)
(113)	sin(85)
(17)	v15
(10)	10.585636629726181
(25)	v5
(27)	abs(25)
(1)	v10
(2)	14.579268148065395
(4)	/ (0)(2)
(5)	v5
(8)	- (5)(4)
(36)	- (1)(8)
(39)	e(36)
(56)	* (39)(27)
(65)	/ (56)(10)
(70)	- (17)(65)
(116)	v27
(125)	+ (116)(70)
(126)	* (113)(125)
(139)	+ (126)(49)
