(1)	v5
(2)	cos(1)
(19)	cos(2)
(0)	-1.9542429604032243
(3)	+ (0)(2)
(9)	v13
(12)	* (3)(9)
(13)	sin(12)
(20)	abs(1)
(39)	* (20)(13)
(44)	13.136532745060265
(56)	/ (39)(44)
(27)	-1.3752094958086047
(7)	v27
(8)	+ (7)(1)
(34)	cos(20)
(45)	- (34)(8)
(54)	/ (45)(27)
(26)	v0
(30)	cos(26)
(5)	/ (0)(2)
(32)	/ (7)(5)
(38)	+ (30)(32)
(40)	/ (38)(3)
(66)	+ (40)(8)
(69)	- (66)(54)
(73)	+ (69)(56)
(21)	6.522465772184674
(37)	tan(21)
(47)	v15
(59)	* (37)(47)
(25)	sin(1)
(10)	cos(1)
(14)	v23
(16)	- (14)(10)
(41)	sin(16)
(50)	e(2)
(63)	* (50)(41)
(24)	cos(5)
(29)	+ (13)(20)
(36)	* (29)(24)
(74)	cos(36)
(78)	e(74)
(83)	- (63)(78)
(84)	- (25)(83)
(90)	* (84)(59)
(118)	+ (73)(90)
(139)	* (19)(118)
