(11)	v21
(0)	-3.3843381284604277
(2)	- (0)(0)
(13)	abs(2)
(4)	v2
(1)	v16
(3)	cos(2)
(6)	* (3)(1)
(9)	* (6)(4)
(14)	e(9)
(22)	+ (13)(14)
(34)	/ (11)(22)
(43)	cos(34)
(18)	sin(3)
(35)	-4.334103039930497
(52)	/ (35)(18)
(53)	/ (43)(52)
(72)	e(53)
(16)	abs(4)
(5)	v28
(10)	+ (6)(5)
(38)	e(10)
(45)	-6.144828001868472
(47)	v10
(48)	+ (45)(47)
(55)	- (38)(48)
(56)	+ (16)(55)
(63)	abs(56)
(68)	-2.367968470779303
(84)	/ (68)(63)
(7)	v20
(12)	+ (10)(7)
(15)	/ (12)(11)
(25)	* (0)(11)
(31)	v10
(39)	/ (31)(25)
(44)	- (39)(15)
(51)	2.0891924599500236
(85)	+ (44)(51)
(96)	* (84)(85)
(103)	+ (72)(96)
(139)	* (11)(103)
