(4)	v28
(8)	v5
(9)	+ (8)(4)
(10)	abs(9)
(13)	v21
(26)	e(13)
(21)	v3
(24)	cos(21)
(31)	/ (4)(24)
(36)	abs(31)
(39)	+ (26)(36)
(42)	/ (10)(39)
(53)	1.8887408243400188
(125)	+ (53)(42)
(12)	v21
(1)	1.4372584464578786
(33)	/ (9)(1)
(49)	- (33)(1)
(18)	-4.716116336739308
(41)	v20
(50)	+ (18)(41)
(17)	10.040182024090342
(22)	+ (17)(21)
(2)	v2
(14)	+ (10)(2)
(27)	v25
(43)	- (14)(27)
(55)	- (43)(22)
(63)	/ (55)(50)
(76)	+ (63)(49)
(85)	+ (12)(76)
(75)	3.0950800407180843
(90)	v0
(94)	+ (90)(75)
(105)	cos(94)
(107)	cos(105)
(138)	- (85)(107)
(139)	/ (138)(125)
