(94)	-4.871602752127542
(119)	abs(94)
(9)	v21
(36)	v20
(45)	+ (36)(9)
(51)	v28
(62)	+ (51)(45)
(0)	v0
(4)	sin(0)
(5)	/ (4)(4)
(3)	v21
(8)	tan(3)
(10)	+ (5)(8)
(11)	e(4)
(14)	/ (10)(11)
(7)	+ (5)(4)
(16)	+ (4)(7)
(20)	/ (14)(16)
(34)	cos(20)
(43)	v5
(72)	+ (43)(34)
(89)	+ (72)(62)
(25)	-4.263375589571542
(27)	v21
(29)	+ (27)(25)
(1)	v2
(6)	cos(1)
(12)	-2.907518386867295
(21)	- (12)(6)
(22)	v25
(40)	* (21)(22)
(76)	/ (40)(29)
(18)	tan(4)
(23)	* (4)(18)
(85)	abs(23)
(104)	- (76)(85)
(110)	+ (104)(9)
(135)	+ (110)(89)
(139)	/ (135)(119)
