(1)	v0
(7)	v5
(9)	v21
(13)	+ (7)(9)
(17)	+ (13)(13)
(10)	v25
(11)	-0.574275980943149
(16)	- (7)(11)
(23)	- (10)(16)
(39)	+ (17)(23)
(42)	+ (1)(39)
(8)	-4.470223298939384
(0)	-5.007586922138753
(2)	+ (1)(1)
(15)	/ (0)(2)
(20)	/ (8)(15)
(21)	cos(20)
(14)	v28
(27)	v20
(34)	+ (14)(27)
(51)	+ (21)(34)
(84)	+ (42)(51)
(6)	* (1)(2)
(3)	v5
(12)	+ (3)(9)
(18)	2.5372918630641763
(22)	- (18)(12)
(35)	+ (6)(22)
(19)	9.005720304168477
(40)	-7.735964500134177
(25)	v2
(44)	sin(25)
(50)	* (44)(40)
(52)	tan(50)
(56)	- (52)(19)
(64)	/ (35)(56)
(93)	4.748238515044783
(126)	- (93)(64)
(139)	/ (84)(126)
