(103)	-5.839064591171038
(104)	sin(103)
(1)	v26
(0)	v21
(3)	- (1)(0)
(7)	- (1)(3)
(5)	v0
(8)	* (7)(5)
(19)	-4.634910242577686
(22)	/ (8)(19)
(60)	- (22)(7)
(37)	v20
(36)	v25
(49)	sin(36)
(58)	e(49)
(31)	v4
(45)	sin(36)
(46)	abs(45)
(62)	- (46)(31)
(71)	- (62)(58)
(11)	v28
(21)	18.300407776367074
(23)	tan(21)
(53)	+ (11)(23)
(6)	v8
(12)	v15
(15)	- (6)(12)
(27)	-1.9280816341309475
(30)	/ (15)(27)
(9)	2.082492779043438
(13)	tan(9)
(38)	v24
(39)	/ (38)(13)
(50)	- (39)(30)
(87)	e(50)
(92)	* (87)(53)
(106)	- (92)(71)
(112)	+ (106)(37)
(115)	* (104)(112)
(133)	- (115)(60)
(139)	* (133)(104)
