(2)	v16
(6)	sin(2)
(1)	v21
(10)	v20
(17)	sin(10)
(20)	+ (17)(1)
(23)	+ (6)(20)
(4)	2.305016007443026
(11)	/ (10)(4)
(12)	* (11)(11)
(27)	v28
(30)	+ (27)(12)
(36)	/ (30)(23)
(5)	v28
(7)	v17
(18)	sin(7)
(25)	- (18)(5)
(28)	-8.5461414338724
(35)	/ (25)(28)
(37)	e(35)
(47)	+ (37)(36)
(26)	v5
(40)	cos(26)
(3)	e(1)
(14)	abs(12)
(15)	+ (14)(3)
(60)	v28
(63)	e(60)
(76)	/ (15)(63)
(102)	/ (40)(76)
(52)	5.906331528778608
(58)	tan(52)
(67)	abs(58)
(70)	cos(67)
(107)	e(70)
(114)	+ (107)(102)
(117)	/ (47)(114)
(139)	* (117)(23)
