(7)	-17.771899800589214
(11)	cos(7)
(12)	v8
(18)	/ (12)(11)
(25)	v11
(29)	v24
(37)	+ (29)(25)
(44)	- (37)(18)
(10)	-0.8112149437893521
(2)	v21
(3)	v22
(4)	+ (3)(2)
(1)	v17
(5)	+ (1)(1)
(16)	+ (4)(5)
(46)	v13
(47)	+ (46)(16)
(56)	/ (47)(10)
(61)	- (56)(44)
(105)	17.48599966990126
(123)	cos(105)
(39)	sin(29)
(52)	e(39)
(15)	5.301067434002469
(36)	v26
(38)	/ (36)(15)
(8)	0.031941293910414004
(9)	+ (2)(8)
(13)	- (9)(7)
(48)	cos(13)
(59)	* (48)(38)
(77)	/ (59)(61)
(104)	/ (77)(52)
(127)	abs(104)
(130)	- (127)(123)
(139)	* (61)(130)
