(17)	v22
(1)	v4
(4)	- (1)(1)
(6)	+ (1)(4)
(9)	v24
(21)	- (6)(9)
(3)	v8
(8)	e(4)
(31)	- (3)(8)
(43)	- (21)(31)
(53)	+ (43)(17)
(11)	v15
(13)	- (3)(11)
(14)	- (9)(13)
(16)	v21
(24)	+ (16)(14)
(7)	v17
(28)	- (1)(16)
(30)	cos(28)
(37)	- (7)(30)
(39)	+ (24)(37)
(36)	v20
(59)	+ (36)(39)
(62)	+ (39)(59)
(70)	+ (53)(62)
(32)	7.575481953565074
(52)	cos(32)
(15)	18.638297338745915
(19)	cos(15)
(41)	sin(19)
(10)	6.511425791783395
(20)	e(14)
(40)	cos(20)
(42)	+ (40)(10)
(65)	/ (41)(42)
(98)	- (52)(65)
(139)	* (70)(98)
