(0)	v5
(7)	sin(0)
(8)	sin(7)
(1)	5.328347296972996
(2)	cos(1)
(14)	- (2)(2)
(16)	+ (14)(8)
(48)	2.385619995163019
(3)	abs(2)
(6)	* (3)(0)
(10)	v18
(26)	- (6)(10)
(18)	v17
(13)	cos(10)
(19)	cos(13)
(20)	e(19)
(36)	+ (20)(18)
(40)	* (36)(3)
(50)	cos(40)
(51)	+ (50)(14)
(53)	- (51)(26)
(61)	/ (53)(48)
(5)	v24
(15)	tan(5)
(25)	cos(15)
(22)	-17.542522523767147
(30)	tan(22)
(32)	- (30)(25)
(63)	v1
(21)	v14
(44)	- (2)(21)
(64)	+ (44)(5)
(72)	- (63)(64)
(85)	/ (72)(32)
(98)	sin(85)
(115)	+ (98)(61)
(139)	+ (16)(115)
