(17)	v22
(20)	cos(17)
(1)	-13.376558084052977
(6)	+ (1)(1)
(21)	v18
(22)	+ (20)(21)
(24)	/ (6)(22)
(30)	/ (20)(24)
(40)	abs(30)
(62)	18.560354500789884
(80)	sin(62)
(90)	- (40)(80)
(16)	v11
(39)	v5
(42)	- (16)(39)
(68)	v7
(33)	-1.4845521518467777
(4)	v23
(8)	abs(4)
(25)	sin(8)
(12)	v25
(14)	* (12)(8)
(27)	- (22)(14)
(34)	- (27)(25)
(44)	/ (34)(33)
(0)	v0
(2)	+ (0)(0)
(9)	v17
(5)	-1.7098780128671152
(31)	v21
(45)	v8
(52)	+ (31)(45)
(57)	/ (52)(5)
(58)	+ (57)(9)
(97)	- (2)(58)
(108)	+ (44)(97)
(126)	+ (68)(108)
(138)	+ (42)(126)
(139)	* (90)(138)
