(56)	-2.1142862351406357
(3)	-0.9642396187972437
(6)	v21
(8)	+ (6)(3)
(4)	v0
(12)	e(4)
(19)	- (8)(12)
(1)	-6.350867507547813
(13)	/ (4)(1)
(24)	tan(13)
(25)	+ (19)(24)
(17)	-2.5831979863117667
(33)	v7
(35)	+ (17)(33)
(38)	/ (25)(35)
(49)	cos(38)
(61)	sin(49)
(71)	- (56)(61)
(30)	v17
(31)	abs(24)
(47)	- (31)(33)
(55)	+ (47)(30)
(7)	-13.963348935276851
(9)	+ (7)(3)
(48)	sin(9)
(2)	-1.5602880530963539
(14)	/ (4)(2)
(23)	- (14)(4)
(0)	v25
(16)	v11
(53)	+ (0)(16)
(60)	- (53)(23)
(79)	* (48)(60)
(93)	+ (55)(79)
(139)	/ (93)(71)
