(13)	3.6098205217376353
(39)	6.98323175015571
(9)	v0
(16)	+ (9)(13)
(21)	v11
(0)	6.283835696033236
(2)	v7
(6)	v25
(1)	4.7424346032242255
(5)	/ (2)(1)
(7)	e(5)
(15)	/ (6)(7)
(19)	+ (2)(15)
(30)	- (19)(0)
(36)	+ (21)(30)
(47)	/ (16)(36)
(38)	v17
(44)	v25
(46)	- (38)(44)
(28)	+ (7)(9)
(18)	v7
(26)	- (0)(18)
(58)	3.325068133628509
(62)	+ (58)(26)
(66)	- (62)(28)
(67)	+ (46)(66)
(71)	+ (47)(67)
(34)	-10.776439618566588
(10)	v8
(12)	sin(10)
(25)	+ (12)(10)
(54)	sin(25)
(56)	cos(54)
(57)	cos(56)
(76)	* (57)(30)
(115)	+ (76)(34)
(116)	/ (71)(115)
(118)	* (116)(39)
(139)	+ (118)(13)
