(24)	2.585246877382321
(9)	-6.297400328414678
(2)	2.9426147717080653
(3)	v11
(6)	/ (3)(2)
(4)	v18
(7)	/ (4)(3)
(19)	* (6)(7)
(34)	- (19)(9)
(39)	- (34)(24)
(17)	6.139512482024983
(11)	18.179408595107304
(18)	abs(11)
(1)	v7
(25)	sin(1)
(32)	+ (25)(18)
(33)	+ (32)(3)
(70)	sin(33)
(77)	- (17)(70)
(89)	/ (39)(77)
(48)	-2.001107965555601
(20)	v17
(41)	cos(7)
(52)	* (41)(20)
(46)	v25
(0)	v21
(14)	- (4)(1)
(40)	+ (20)(14)
(49)	- (40)(0)
(54)	- (46)(49)
(57)	- (52)(54)
(58)	/ (57)(48)
(60)	tan(6)
(64)	+ (60)(58)
(67)	v0
(96)	+ (64)(67)
(139)	* (96)(89)
