(23)	v21
(0)	-5.030749962370313
(1)	13.083506576447455
(6)	- (1)(0)
(22)	tan(6)
(24)	8.712944023946196
(33)	+ (22)(24)
(54)	/ (23)(33)
(18)	v6
(2)	-2.570792230605651
(11)	/ (1)(2)
(7)	v18
(12)	v9
(13)	- (7)(12)
(19)	+ (11)(13)
(42)	/ (18)(19)
(4)	e(1)
(14)	* (2)(4)
(29)	e(14)
(16)	v24
(25)	- (16)(23)
(9)	v23
(27)	- (12)(9)
(32)	- (25)(27)
(39)	- (29)(32)
(47)	/ (39)(0)
(55)	+ (47)(42)
(63)	- (54)(55)
(3)	6.634015074721077
(50)	tan(3)
(17)	-4.832566573785888
(60)	sin(17)
(45)	v1
(68)	v15
(72)	+ (45)(68)
(83)	* (72)(60)
(120)	* (50)(83)
(139)	+ (63)(120)
