(4)	v5
(5)	v5
(17)	/ (5)(4)
(26)	tan(17)
(38)	e(26)
(43)	v5
(45)	/ (43)(38)
(3)	v21
(31)	v10
(52)	sin(31)
(64)	/ (52)(3)
(85)	sin(64)
(130)	* (85)(45)
(20)	v6
(1)	-11.279105767016354
(14)	cos(1)
(21)	/ (14)(5)
(30)	cos(21)
(11)	-4.600536615090336
(12)	/ (11)(3)
(23)	sin(12)
(36)	cos(23)
(46)	e(36)
(48)	- (30)(46)
(50)	/ (20)(48)
(73)	- (3)(50)
(25)	v1
(2)	v15
(7)	v12
(13)	- (7)(2)
(19)	v9
(28)	- (13)(19)
(34)	sin(11)
(40)	* (28)(34)
(87)	- (40)(25)
(104)	- (73)(87)
(118)	3.4911660580854473
(131)	/ (104)(118)
(139)	+ (131)(130)
