(18)	12.72064466651392
(0)	v21
(4)	v14
(26)	- (4)(0)
(30)	+ (26)(18)
(33)	4.498685529065412
(52)	/ (33)(30)
(2)	-2.3548297312358493
(5)	+ (2)(4)
(19)	cos(5)
(12)	v2
(32)	- (12)(0)
(35)	e(32)
(75)	sin(35)
(81)	* (19)(75)
(47)	v9
(11)	v12
(6)	-2.5524662803298384
(22)	cos(6)
(41)	v15
(43)	+ (41)(0)
(46)	/ (43)(22)
(60)	+ (11)(46)
(28)	2.114447533806299
(13)	v6
(7)	abs(5)
(16)	/ (7)(12)
(17)	sin(16)
(25)	+ (17)(13)
(34)	cos(25)
(42)	+ (13)(34)
(66)	/ (42)(28)
(84)	- (60)(66)
(105)	- (84)(47)
(124)	- (81)(105)
(139)	* (52)(124)
