(15)	8.665574082636908
(20)	v16
(39)	/ (20)(15)
(18)	v23
(1)	v15
(5)	v21
(8)	+ (5)(1)
(21)	cos(8)
(28)	+ (21)(18)
(2)	5.274000770345971
(9)	tan(2)
(10)	* (9)(8)
(12)	1.8571314933697103
(32)	* (10)(12)
(33)	+ (32)(28)
(6)	v6
(11)	v12
(16)	v9
(25)	- (16)(11)
(27)	+ (25)(6)
(54)	v1
(59)	+ (27)(54)
(69)	+ (59)(27)
(70)	- (69)(33)
(30)	-10.396405000644592
(40)	9.677116241950397
(43)	* (30)(40)
(50)	7.174287074571151
(65)	/ (50)(43)
(4)	sin(1)
(14)	+ (4)(4)
(63)	- (14)(43)
(83)	- (43)(63)
(97)	/ (65)(83)
(100)	/ (70)(97)
(105)	-9.981194064865822
(106)	e(105)
(120)	* (106)(100)
(139)	+ (39)(120)
