(97)	0.3646516418020731
(3)	v6
(15)	-1.8555360621063173
(16)	/ (3)(15)
(1)	v12
(0)	v10
(11)	-2.0180191601382944
(12)	/ (0)(11)
(28)	+ (1)(12)
(2)	- (1)(1)
(8)	e(2)
(13)	v15
(30)	- (13)(8)
(9)	v8
(10)	- (9)(1)
(43)	cos(10)
(34)	cos(13)
(35)	v1
(36)	sin(30)
(40)	- (36)(35)
(45)	+ (34)(40)
(47)	* (45)(43)
(49)	- (47)(30)
(5)	-9.845316626887598
(17)	/ (11)(5)
(44)	cos(17)
(52)	/ (8)(44)
(53)	/ (49)(52)
(56)	+ (28)(53)
(85)	+ (56)(16)
(4)	v21
(6)	1.1066855619240137
(7)	+ (6)(4)
(27)	v9
(46)	sin(27)
(93)	+ (7)(46)
(113)	- (93)(85)
(139)	* (113)(97)
