(29)	2.4308412864417477
(32)	cos(29)
(2)	v25
(3)	e(2)
(4)	sin(3)
(7)	cos(4)
(21)	v26
(24)	* (21)(7)
(28)	v17
(34)	v15
(46)	+ (34)(28)
(70)	+ (24)(46)
(0)	v19
(1)	-10.339853046601807
(5)	+ (2)(1)
(6)	/ (1)(5)
(10)	v27
(12)	* (4)(10)
(14)	cos(12)
(16)	- (6)(14)
(22)	- (16)(0)
(39)	sin(22)
(8)	cos(0)
(19)	+ (16)(2)
(20)	sin(19)
(35)	-0.9733799414585818
(44)	/ (35)(20)
(49)	* (34)(44)
(54)	/ (49)(8)
(64)	/ (34)(54)
(69)	e(64)
(72)	/ (39)(69)
(83)	+ (72)(70)
(86)	-4.177945843963515
(100)	tan(86)
(138)	/ (83)(100)
(139)	* (138)(32)
