(16)	-0.6959820923972089
(5)	2.3173287448675666
(11)	v13
(17)	abs(5)
(24)	+ (17)(11)
(36)	-15.120663882883555
(58)	/ (24)(36)
(31)	v26
(45)	/ (31)(17)
(60)	- (16)(45)
(19)	v17
(3)	v0
(12)	sin(3)
(0)	v19
(9)	-14.671234758277368
(22)	+ (9)(0)
(23)	v20
(38)	- (23)(22)
(42)	- (38)(12)
(57)	cos(42)
(63)	- (57)(19)
(66)	+ (60)(63)
(71)	+ (66)(58)
(4)	v15
(2)	3.793559908512478
(7)	- (3)(2)
(8)	9.617418957038506
(1)	v1
(6)	abs(1)
(13)	+ (1)(6)
(14)	- (8)(13)
(27)	/ (7)(14)
(73)	- (27)(4)
(97)	+ (73)(71)
(121)	/ (97)(5)
(139)	- (16)(121)
