(23)	v17
(0)	17.500239623806557
(5)	cos(0)
(7)	e(5)
(11)	e(7)
(33)	v19
(49)	/ (33)(11)
(75)	- (23)(49)
(12)	v15
(3)	v14
(8)	-3.2335463311724695
(9)	/ (3)(8)
(39)	- (9)(23)
(46)	+ (39)(12)
(52)	v26
(56)	+ (46)(52)
(6)	v5
(17)	/ (5)(6)
(57)	sin(17)
(21)	* (11)(12)
(24)	sin(21)
(47)	/ (24)(7)
(48)	sin(47)
(63)	/ (9)(47)
(35)	cos(17)
(69)	e(35)
(73)	+ (63)(69)
(81)	/ (48)(73)
(101)	* (81)(57)
(105)	- (101)(56)
(28)	8.123782519854501
(85)	-13.83489563430679
(99)	+ (85)(28)
(118)	sin(99)
(123)	/ (118)(105)
(132)	/ (5)(123)
(139)	- (75)(132)
