(0)	v1
(12)	v7
(59)	+ (12)(0)
(14)	abs(0)
(18)	sin(14)
(5)	v5
(6)	e(5)
(7)	/ (6)(5)
(21)	sin(7)
(25)	+ (21)(18)
(34)	-1.8692702948779
(55)	/ (25)(34)
(1)	v6
(2)	+ (1)(1)
(4)	sin(2)
(8)	-4.582974771663366
(13)	/ (8)(4)
(3)	abs(2)
(17)	/ (3)(7)
(23)	/ (1)(17)
(30)	- (13)(23)
(33)	/ (21)(30)
(46)	-17.294123381642507
(54)	e(46)
(19)	abs(17)
(20)	e(4)
(31)	* (19)(20)
(36)	v28
(43)	- (36)(31)
(42)	v8
(53)	e(42)
(56)	+ (43)(53)
(58)	- (54)(56)
(60)	* (58)(33)
(70)	+ (55)(60)
(80)	+ (70)(59)
(130)	2.308868759385195
(139)	/ (80)(130)
