(20)	v28
(5)	v19
(12)	v6
(15)	- (5)(12)
(46)	v21
(50)	+ (46)(15)
(55)	+ (50)(20)
(38)	-1.396897818105689
(48)	v27
(63)	- (55)(48)
(77)	/ (63)(38)
(78)	+ (55)(77)
(0)	v17
(2)	+ (0)(0)
(8)	* (2)(2)
(18)	/ (8)(2)
(3)	v26
(13)	- (3)(0)
(14)	sin(3)
(22)	+ (13)(14)
(25)	sin(22)
(32)	- (25)(18)
(9)	-12.025012578759045
(19)	- (3)(13)
(49)	- (19)(9)
(59)	/ (32)(49)
(28)	v12
(24)	1.9365969050761933
(26)	tan(24)
(17)	14.439281573372888
(27)	cos(17)
(31)	+ (13)(27)
(36)	cos(31)
(37)	+ (26)(36)
(57)	/ (28)(37)
(71)	v13
(105)	- (71)(57)
(41)	v11
(51)	sin(41)
(67)	cos(51)
(109)	e(67)
(110)	/ (67)(109)
(117)	* (105)(110)
(123)	+ (117)(59)
(139)	- (78)(123)
