(23)	-2.376647521640571
(41)	v27
(53)	/ (41)(23)
(1)	-7.027579515991608
(9)	cos(1)
(0)	v3
(2)	+ (1)(0)
(3)	v0
(16)	+ (2)(3)
(17)	/ (9)(16)
(25)	e(17)
(30)	v21
(7)	v1
(15)	v13
(29)	- (15)(7)
(10)	3.5286983261166363
(5)	v28
(12)	v6
(18)	- (12)(5)
(36)	+ (10)(18)
(42)	+ (29)(36)
(51)	- (30)(42)
(4)	tan(1)
(28)	v17
(85)	/ (28)(4)
(92)	- (85)(51)
(71)	3.6644598842970346
(13)	-2.173968234187633
(31)	v7
(24)	v10
(44)	- (24)(41)
(49)	abs(44)
(56)	+ (31)(49)
(58)	v25
(73)	- (56)(58)
(90)	/ (73)(13)
(106)	- (90)(71)
(111)	/ (92)(106)
(126)	+ (25)(111)
(139)	- (126)(53)
