(23)	-4.361125629484576
(11)	v27
(17)	v6
(19)	+ (11)(17)
(30)	v21
(47)	* (30)(19)
(18)	v15
(2)	-1.5278507894434696
(13)	v5
(14)	/ (13)(2)
(25)	+ (14)(23)
(29)	+ (18)(25)
(49)	- (29)(47)
(52)	/ (47)(49)
(1)	v11
(7)	abs(1)
(33)	v15
(34)	cos(33)
(54)	* (7)(34)
(80)	+ (52)(54)
(97)	/ (80)(23)
(4)	v22
(0)	16.06952259259546
(3)	sin(0)
(5)	+ (3)(1)
(20)	v0
(22)	- (5)(20)
(51)	- (4)(22)
(104)	/ (51)(25)
(35)	v9
(21)	sin(0)
(24)	/ (18)(21)
(39)	- (24)(30)
(65)	- (19)(39)
(81)	+ (35)(65)
(99)	5.920009042506955
(130)	/ (81)(99)
(131)	+ (104)(130)
(139)	- (131)(97)
