(16)	v0
(21)	10.520773209494365
(33)	+ (21)(16)
(7)	-10.37658672409274
(32)	sin(7)
(34)	cos(32)
(3)	-13.70266342598018
(19)	+ (7)(3)
(0)	v1
(1)	8.750827782169196
(2)	+ (0)(1)
(41)	+ (34)(2)
(43)	* (19)(41)
(45)	/ (3)(43)
(10)	v21
(15)	v15
(22)	+ (15)(10)
(50)	* (34)(22)
(70)	* (50)(45)
(90)	+ (34)(70)
(5)	v6
(24)	6.398690012808753
(25)	+ (24)(5)
(6)	v22
(8)	+ (6)(5)
(9)	+ (3)(0)
(11)	- (9)(8)
(12)	v0
(20)	- (11)(12)
(23)	0.8205883220192369
(28)	/ (23)(20)
(92)	* (28)(25)
(96)	e(92)
(116)	- (90)(96)
(139)	* (116)(33)
