(2)	v28
(3)	8.470020594769615
(7)	v9
(10)	cos(3)
(12)	+ (7)(10)
(13)	/ (12)(3)
(15)	* (13)(2)
(16)	v6
(71)	- (16)(15)
(41)	-1.0413441351625643
(28)	v21
(25)	-1.3288248510517384
(45)	v15
(52)	* (25)(45)
(4)	v6
(0)	v22
(1)	v1
(27)	- (1)(0)
(23)	v24
(32)	- (23)(16)
(39)	- (32)(27)
(53)	+ (4)(39)
(21)	v5
(26)	e(21)
(5)	cos(0)
(9)	abs(5)
(33)	sin(9)
(48)	* (33)(26)
(55)	- (41)(48)
(58)	/ (53)(55)
(79)	- (58)(52)
(81)	+ (79)(28)
(84)	/ (81)(41)
(100)	- (71)(84)
(123)	0.36357580648126486
(139)	* (123)(100)
