(0)	-1.3414689489533558
(4)	sin(0)
(11)	cos(4)
(15)	-5.667805148712768
(2)	/ (0)(0)
(9)	v1
(13)	- (2)(9)
(18)	sin(13)
(32)	+ (15)(18)
(19)	abs(4)
(37)	e(19)
(75)	+ (37)(32)
(5)	v21
(41)	sin(5)
(53)	v6
(85)	- (53)(41)
(89)	/ (85)(75)
(24)	v15
(1)	v22
(8)	/ (1)(0)
(10)	sin(8)
(12)	tan(10)
(21)	v0
(23)	- (12)(21)
(6)	0.3504800208721015
(14)	cos(6)
(26)	* (13)(14)
(30)	sin(18)
(64)	- (26)(30)
(68)	- (64)(23)
(47)	sin(23)
(90)	3.766686463426293
(91)	- (90)(47)
(93)	/ (68)(91)
(112)	- (24)(93)
(117)	+ (112)(53)
(133)	+ (117)(89)
(139)	* (11)(133)
