(0)	v0
(8)	5.950832723116889
(9)	tan(8)
(17)	* (9)(0)
(1)	v6
(12)	v15
(13)	+ (1)(12)
(6)	v21
(18)	sin(6)
(24)	+ (13)(18)
(47)	+ (17)(24)
(15)	v21
(28)	8.333562245200078
(31)	* (15)(28)
(37)	/ (31)(1)
(41)	sin(37)
(50)	abs(41)
(23)	+ (9)(6)
(27)	11.17114224782474
(30)	+ (27)(23)
(60)	/ (23)(30)
(87)	* (60)(50)
(19)	- (15)(8)
(3)	v9
(5)	tan(3)
(10)	sin(5)
(11)	- (10)(9)
(26)	v9
(34)	- (11)(26)
(38)	13.916226992285566
(16)	sin(1)
(20)	cos(16)
(7)	/ (1)(6)
(14)	+ (6)(7)
(22)	* (14)(15)
(25)	* (22)(20)
(43)	- (3)(25)
(59)	sin(43)
(61)	- (38)(59)
(101)	- (34)(61)
(105)	/ (19)(101)
(113)	+ (87)(105)
(139)	* (113)(47)
