(12)	v6
(0)	2.695980054300122
(7)	v26
(16)	cos(7)
(33)	+ (16)(0)
(43)	/ (12)(33)
(36)	-2.0309641020518434
(3)	v0
(4)	/ (3)(0)
(34)	v15
(44)	- (4)(34)
(54)	/ (44)(36)
(100)	+ (54)(43)
(49)	-9.232132092487525
(22)	v19
(73)	* (22)(16)
(86)	+ (73)(49)
(65)	2.4143765720249313
(40)	v22
(2)	v21
(14)	sin(2)
(15)	v9
(23)	+ (14)(15)
(21)	- (15)(14)
(32)	abs(21)
(39)	- (32)(23)
(17)	-1.4605971671869966
(1)	-5.136189286943589
(5)	e(1)
(6)	* (5)(2)
(8)	/ (3)(7)
(9)	e(2)
(13)	* (9)(2)
(18)	- (8)(13)
(20)	v18
(27)	* (18)(20)
(41)	/ (1)(27)
(45)	* (41)(6)
(50)	- (45)(17)
(29)	v11
(46)	- (0)(29)
(47)	v10
(58)	+ (46)(47)
(62)	- (58)(33)
(64)	/ (62)(50)
(70)	+ (64)(39)
(76)	+ (40)(70)
(92)	* (65)(76)
(107)	/ (92)(86)
(139)	+ (100)(107)
