(101)	v27
(59)	8.964947141634134
(0)	v20
(6)	cos(0)
(7)	cos(6)
(44)	cos(7)
(58)	e(44)
(48)	-8.170537267607827
(51)	v14
(61)	+ (48)(51)
(62)	sin(61)
(63)	- (58)(62)
(64)	/ (63)(59)
(38)	v12
(10)	v10
(3)	v27
(14)	v14
(24)	- (14)(3)
(43)	+ (10)(24)
(91)	- (43)(38)
(5)	v13
(13)	v17
(49)	- (13)(5)
(1)	0.9271366080451884
(4)	* (1)(3)
(2)	v22
(26)	cos(2)
(15)	7.773934501067636
(12)	v9
(16)	+ (12)(15)
(23)	+ (16)(15)
(31)	sin(23)
(46)	* (26)(31)
(53)	+ (46)(4)
(104)	- (49)(53)
(111)	+ (91)(104)
(132)	* (111)(64)
(139)	+ (101)(132)
