(1)	3.668241541311936
(2)	sin(1)
(9)	-13.9845767720026
(16)	e(9)
(23)	sin(2)
(36)	v12
(52)	* (36)(23)
(54)	/ (16)(52)
(60)	+ (2)(54)
(63)	5.606105095806168
(89)	-7.482837836255225
(110)	+ (89)(63)
(5)	v26
(7)	sin(5)
(14)	v27
(15)	- (7)(14)
(32)	sin(15)
(25)	v3
(58)	+ (25)(52)
(76)	* (58)(32)
(34)	v24
(57)	v18
(72)	- (57)(32)
(100)	- (72)(34)
(11)	v18
(3)	cos(1)
(8)	v1
(10)	* (3)(8)
(21)	cos(16)
(37)	* (21)(10)
(55)	v17
(67)	- (37)(55)
(97)	- (67)(11)
(106)	+ (58)(97)
(120)	- (100)(106)
(124)	- (32)(120)
(125)	- (76)(124)
(133)	/ (125)(110)
(139)	* (133)(60)
