(41)	-9.3868701434499
(7)	v3
(24)	10.427339093366239
(43)	+ (7)(24)
(54)	/ (43)(41)
(111)	e(54)
(11)	v27
(4)	v21
(0)	v17
(1)	-7.710770194270067
(2)	- (1)(0)
(8)	- (2)(7)
(14)	- (4)(8)
(17)	sin(14)
(28)	+ (11)(17)
(9)	v7
(3)	cos(2)
(19)	+ (9)(3)
(23)	sin(19)
(5)	abs(0)
(6)	- (5)(4)
(18)	v18
(26)	- (18)(6)
(34)	cos(26)
(22)	v3
(25)	v19
(39)	- (25)(22)
(42)	+ (39)(34)
(44)	* (23)(42)
(33)	v26
(16)	- (7)(0)
(37)	- (16)(18)
(48)	+ (37)(33)
(50)	+ (44)(48)
(55)	- (50)(9)
(133)	- (28)(55)
(139)	* (111)(133)
