(16)	v18
(46)	v17
(52)	cos(46)
(59)	cos(52)
(1)	-3.639253770624002
(2)	e(1)
(6)	+ (2)(1)
(10)	v18
(17)	v20
(31)	- (10)(17)
(32)	+ (31)(6)
(38)	v24
(44)	+ (32)(38)
(19)	0.4363877305219219
(27)	abs(6)
(54)	- (19)(27)
(57)	/ (44)(54)
(37)	-2.039791720214751
(7)	v26
(9)	v6
(13)	13.627745892324882
(14)	+ (9)(13)
(29)	+ (14)(7)
(0)	v1
(5)	v3
(35)	- (0)(5)
(3)	-1.9204851402990855
(4)	v27
(8)	- (2)(4)
(12)	+ (8)(2)
(15)	* (3)(12)
(20)	-12.110408979939166
(36)	- (15)(20)
(45)	+ (36)(35)
(51)	- (29)(45)
(56)	/ (51)(37)
(53)	-9.955375970378286
(58)	sin(53)
(60)	* (58)(56)
(67)	+ (57)(60)
(70)	- (67)(59)
(139)	+ (70)(16)
