(12)	v24
(5)	v18
(13)	- (5)(12)
(17)	* (13)(12)
(21)	12.937479090487464
(50)	- (17)(21)
(2)	3.843468943327636
(7)	e(2)
(29)	v11
(9)	12.863105479427539
(11)	v5
(22)	+ (11)(9)
(35)	v3
(16)	v27
(1)	v11
(18)	-6.897218329951581
(25)	/ (1)(18)
(37)	+ (16)(25)
(38)	- (37)(35)
(46)	- (38)(22)
(49)	+ (46)(29)
(53)	/ (7)(49)
(103)	/ (53)(50)
(30)	v1
(3)	v17
(4)	v15
(8)	* (3)(4)
(10)	sin(8)
(0)	v26
(14)	- (0)(5)
(19)	- (14)(13)
(39)	- (19)(3)
(43)	+ (39)(10)
(69)	- (38)(43)
(82)	+ (69)(30)
(104)	+ (1)(82)
(139)	* (103)(104)
