(0)	-6.342461754532387
(6)	16.514896633609936
(7)	- (6)(0)
(1)	v22
(2)	-2.641082411843904
(3)	* (1)(2)
(9)	abs(3)
(10)	sin(9)
(17)	+ (10)(7)
(19)	3.8263532011404564
(31)	abs(19)
(93)	/ (31)(17)
(5)	v25
(13)	+ (3)(1)
(22)	sin(13)
(25)	* (5)(22)
(35)	v19
(74)	- (25)(35)
(8)	v1
(11)	v11
(14)	+ (11)(5)
(32)	+ (8)(14)
(39)	v28
(40)	+ (39)(32)
(15)	v10
(16)	v22
(21)	v7
(27)	+ (16)(21)
(28)	- (21)(6)
(61)	cos(28)
(65)	cos(61)
(72)	/ (27)(65)
(75)	+ (72)(15)
(88)	+ (75)(40)
(118)	+ (88)(74)
(139)	* (93)(118)
