(0)	v27
(2)	-2.0772047983062656
(3)	* (0)(2)
(7)	v25
(10)	+ (7)(3)
(1)	v18
(11)	- (1)(2)
(15)	- (11)(10)
(35)	v8
(43)	+ (35)(15)
(27)	v20
(31)	v27
(36)	- (27)(31)
(49)	-1.781663921919744
(67)	+ (36)(49)
(69)	+ (43)(67)
(6)	+ (0)(3)
(20)	v14
(28)	* (20)(6)
(30)	-12.789700160664076
(39)	- (30)(28)
(45)	v4
(56)	+ (39)(45)
(46)	-5.797739098147119
(81)	v22
(86)	sin(81)
(4)	v10
(9)	- (6)(2)
(12)	* (9)(4)
(17)	cos(12)
(58)	e(17)
(29)	4.39389287516363
(70)	+ (29)(67)
(74)	+ (70)(17)
(78)	/ (58)(74)
(95)	e(78)
(102)	+ (95)(86)
(112)	+ (102)(46)
(118)	/ (112)(56)
(139)	* (69)(118)
