(27)	11.455696431549754
(36)	v27
(37)	+ (36)(27)
(10)	-1.8102168860403758
(24)	-5.40584562049558
(28)	- (10)(24)
(12)	v20
(26)	v18
(29)	v8
(30)	+ (26)(29)
(40)	+ (30)(12)
(59)	* (28)(40)
(2)	v25
(13)	v5
(18)	+ (2)(13)
(1)	v1
(6)	v27
(7)	* (6)(1)
(22)	- (7)(2)
(23)	- (22)(18)
(3)	v22
(9)	1.310803334045417
(14)	* (3)(9)
(35)	+ (14)(24)
(38)	cos(37)
(39)	* (38)(35)
(43)	- (39)(23)
(15)	v25
(17)	v21
(0)	v8
(4)	cos(0)
(8)	v11
(45)	- (8)(4)
(78)	+ (17)(45)
(88)	- (15)(78)
(103)	+ (43)(88)
(114)	- (59)(103)
(139)	/ (114)(37)
