(38)	-16.01490160300348
(63)	sin(38)
(14)	v27
(1)	v1
(7)	cos(1)
(0)	v13
(5)	0.4890770163586282
(11)	- (5)(0)
(15)	+ (11)(7)
(21)	sin(15)
(24)	cos(21)
(27)	+ (14)(24)
(29)	sin(27)
(9)	v8
(6)	v18
(19)	v25
(22)	- (19)(6)
(25)	+ (22)(11)
(48)	- (25)(9)
(66)	- (29)(48)
(31)	-2.7946193128625154
(8)	-0.9154109065270042
(17)	e(8)
(4)	e(0)
(10)	+ (6)(4)
(26)	- (10)(1)
(32)	- (26)(17)
(34)	/ (32)(31)
(56)	v20
(72)	+ (34)(56)
(59)	v17
(35)	v23
(2)	v21
(3)	/ (2)(1)
(13)	/ (3)(5)
(23)	e(13)
(40)	e(23)
(70)	/ (35)(40)
(77)	- (5)(70)
(79)	+ (77)(59)
(86)	+ (72)(79)
(87)	+ (86)(66)
(139)	* (87)(63)
