(1)	-4.651048583557413
(3)	4.663191364721044
(4)	+ (1)(3)
(7)	+ (4)(4)
(17)	tan(7)
(19)	v25
(20)	v17
(31)	+ (19)(20)
(40)	e(31)
(53)	/ (17)(40)
(47)	v8
(45)	v20
(2)	v5
(27)	cos(2)
(30)	+ (1)(27)
(21)	v22
(22)	- (21)(3)
(5)	v1
(18)	v5
(25)	- (5)(18)
(32)	- (25)(22)
(39)	/ (30)(32)
(14)	v18
(6)	v27
(9)	-3.7797832200640897
(11)	- (9)(6)
(13)	sin(11)
(15)	tan(13)
(24)	+ (15)(14)
(35)	- (17)(24)
(49)	+ (35)(19)
(60)	/ (49)(39)
(61)	+ (45)(60)
(8)	v11
(16)	+ (8)(9)
(23)	-14.419440862014659
(26)	- (16)(23)
(34)	+ (8)(9)
(37)	v11
(48)	+ (34)(37)
(65)	/ (48)(26)
(85)	+ (65)(61)
(50)	v23
(89)	sin(50)
(94)	- (85)(89)
(103)	+ (47)(94)
(28)	tan(4)
(43)	* (19)(1)
(51)	cos(25)
(58)	+ (23)(51)
(71)	- (43)(58)
(96)	* (71)(28)
(110)	0.5169911407570495
(111)	- (110)(96)
(112)	* (111)(103)
(139)	- (112)(53)
