(61)	4.937366122293334
(21)	v8
(14)	v20
(43)	sin(14)
(1)	v26
(7)	sin(1)
(38)	cos(7)
(11)	v17
(15)	v2
(29)	- (15)(11)
(20)	v25
(10)	v27
(5)	v18
(3)	v1
(0)	15.466555515933848
(2)	abs(0)
(4)	/ (1)(2)
(6)	/ (4)(5)
(9)	- (6)(3)
(12)	sin(9)
(13)	- (12)(5)
(24)	- (13)(10)
(31)	+ (24)(20)
(34)	+ (31)(29)
(45)	- (7)(34)
(46)	* (38)(45)
(63)	+ (46)(43)
(72)	+ (21)(63)
(18)	v24
(19)	abs(18)
(16)	* (14)(6)
(22)	/ (16)(18)
(40)	cos(22)
(41)	- (40)(19)
(56)	14.230055218043177
(75)	+ (41)(56)
(80)	/ (72)(75)
(139)	* (61)(80)
