(6)	v17
(0)	v15
(16)	- (6)(0)
(18)	v4
(31)	+ (16)(18)
(2)	-2.7835446806758384
(3)	v9
(9)	sin(3)
(11)	- (2)(9)
(10)	v18
(17)	e(10)
(39)	- (11)(17)
(41)	/ (31)(39)
(53)	+ (41)(6)
(1)	v1
(26)	v28
(35)	+ (26)(3)
(36)	+ (35)(1)
(5)	tan(0)
(8)	tan(5)
(14)	abs(8)
(19)	sin(14)
(43)	-3.6183287636273995
(56)	- (19)(43)
(108)	/ (36)(56)
(113)	+ (108)(53)
(20)	-7.528650827857977
(4)	v25
(21)	/ (4)(0)
(34)	cos(21)
(40)	/ (34)(20)
(76)	e(40)
(68)	v22
(23)	-4.4519032146211135
(24)	v4
(38)	- (23)(24)
(60)	abs(24)
(64)	- (20)(60)
(84)	/ (64)(38)
(111)	/ (68)(84)
(114)	+ (111)(0)
(123)	* (114)(76)
(139)	- (113)(123)
