(0)	v22
(8)	4.813069313512667
(1)	v15
(2)	* (1)(0)
(10)	v9
(16)	- (10)(2)
(17)	/ (16)(8)
(31)	- (0)(17)
(6)	v14
(5)	16.964476583866485
(11)	cos(5)
(19)	- (6)(11)
(25)	sin(19)
(49)	cos(25)
(20)	-0.46618755746188256
(46)	v28
(48)	* (20)(46)
(12)	v16
(7)	-3.0137228508797875
(22)	+ (8)(7)
(23)	- (12)(22)
(15)	v17
(28)	/ (20)(15)
(32)	- (23)(28)
(45)	/ (8)(15)
(57)	/ (32)(45)
(63)	- (57)(48)
(70)	* (63)(49)
(41)	v17
(3)	sin(1)
(13)	- (0)(3)
(18)	v4
(53)	- (18)(13)
(71)	* (11)(53)
(76)	+ (41)(71)
(85)	+ (76)(70)
(139)	- (85)(31)
