(18)	v9
(2)	-3.8043724722385974
(42)	abs(2)
(69)	/ (18)(42)
(12)	-12.393292215413583
(1)	v22
(4)	cos(1)
(10)	v1
(15)	+ (10)(4)
(22)	sin(15)
(37)	+ (12)(22)
(52)	-6.699832453321935
(55)	v15
(64)	+ (55)(52)
(70)	/ (37)(64)
(76)	- (69)(70)
(45)	v4
(0)	8.759316365783985
(6)	v11
(13)	* (6)(10)
(17)	+ (13)(0)
(3)	4.981104132836506
(7)	1.120187925637353
(9)	* (7)(1)
(23)	+ (9)(3)
(38)	v28
(39)	- (23)(38)
(51)	/ (39)(17)
(79)	* (51)(45)
(5)	v17
(25)	abs(15)
(35)	- (25)(2)
(16)	v17
(21)	v14
(47)	+ (16)(21)
(49)	/ (47)(35)
(63)	- (49)(5)
(77)	/ (0)(39)
(102)	- (63)(77)
(115)	+ (102)(79)
(139)	- (76)(115)
