(1)	12.58521098164615
(10)	9.521127501901919
(33)	- (1)(10)
(0)	v15
(3)	sin(0)
(4)	+ (3)(1)
(14)	cos(3)
(11)	v6
(19)	- (14)(11)
(22)	cos(19)
(26)	* (22)(14)
(32)	+ (26)(4)
(43)	v9
(54)	+ (32)(43)
(60)	/ (54)(33)
(95)	-11.304264496928852
(44)	v7
(53)	11.570809329635352
(58)	- (53)(44)
(5)	v0
(18)	abs(5)
(24)	- (11)(18)
(25)	v2
(38)	+ (25)(24)
(6)	v1
(9)	e(6)
(7)	v3
(8)	* (7)(5)
(13)	e(8)
(15)	/ (9)(13)
(29)	abs(15)
(35)	+ (29)(14)
(42)	+ (35)(4)
(59)	+ (38)(42)
(62)	/ (59)(58)
(98)	-1.4333929860781147
(100)	- (62)(98)
(101)	/ (95)(100)
(45)	v8
(50)	/ (45)(4)
(47)	-1.1995649279211946
(97)	e(47)
(105)	/ (50)(97)
(117)	- (101)(105)
(139)	+ (60)(117)
