(18)	v18
(1)	-7.368649384440458
(28)	v5
(32)	/ (1)(28)
(44)	/ (18)(32)
(23)	v7
(30)	-1.1861680549730664
(37)	/ (23)(30)
(49)	v9
(53)	- (49)(37)
(111)	+ (44)(53)
(5)	v6
(3)	v1
(6)	v11
(8)	+ (3)(6)
(22)	+ (5)(8)
(14)	1.9786508541750578
(17)	tan(14)
(24)	cos(17)
(25)	/ (24)(22)
(0)	v9
(38)	+ (23)(0)
(2)	abs(0)
(29)	v3
(39)	* (2)(29)
(54)	+ (38)(39)
(61)	* (54)(25)
(75)	abs(61)
(12)	-9.940212818191121
(15)	/ (12)(3)
(35)	cos(15)
(57)	cos(35)
(52)	15.84497543406438
(72)	* (61)(52)
(76)	e(72)
(86)	+ (57)(76)
(131)	+ (86)(75)
(139)	/ (111)(131)
