(88)	-4.2199671654824655
(28)	v27
(8)	v9
(27)	v2
(39)	+ (8)(27)
(55)	+ (28)(39)
(26)	v6
(57)	v8
(63)	- (57)(26)
(64)	- (63)(55)
(10)	v1
(53)	v0
(58)	- (53)(10)
(67)	sin(58)
(70)	+ (64)(67)
(3)	v18
(7)	7.740011082559075
(22)	abs(7)
(66)	+ (8)(22)
(74)	cos(66)
(91)	- (3)(74)
(95)	- (70)(91)
(108)	/ (95)(88)
(30)	-9.765363954744931
(76)	e(30)
(11)	v9
(0)	v0
(1)	v23
(2)	+ (1)(0)
(12)	-13.275070084803783
(16)	+ (0)(12)
(19)	- (2)(16)
(43)	abs(19)
(62)	* (43)(11)
(103)	/ (3)(62)
(123)	/ (76)(103)
(139)	+ (123)(108)
