(23)	0.4997546540828637
(1)	v0
(3)	2.9818145017465767
(4)	v8
(6)	+ (4)(3)
(7)	1.4827201611588983
(5)	e(1)
(9)	+ (5)(3)
(13)	* (7)(9)
(16)	/ (6)(13)
(10)	* (1)(1)
(12)	+ (9)(10)
(15)	abs(12)
(21)	-7.96523134295728
(26)	/ (21)(15)
(44)	- (26)(16)
(43)	v16
(22)	-9.609775899544818
(14)	v4
(25)	sin(1)
(31)	- (25)(14)
(47)	abs(31)
(24)	v28
(17)	* (14)(4)
(28)	cos(17)
(32)	+ (24)(28)
(33)	v19
(35)	v8
(46)	+ (35)(12)
(53)	+ (33)(46)
(58)	- (53)(32)
(67)	+ (58)(47)
(70)	/ (22)(67)
(78)	+ (70)(43)
(80)	- (44)(78)
(89)	- (1)(80)
(139)	* (23)(89)
