(7)	v12
(4)	v18
(8)	e(4)
(9)	+ (7)(8)
(28)	sin(9)
(0)	-2.0655054169011358
(3)	v14
(10)	+ (0)(3)
(11)	cos(10)
(37)	-2.5510753324346105
(44)	/ (11)(37)
(46)	* (28)(44)
(61)	e(46)
(71)	0.40519675921497367
(85)	* (71)(61)
(43)	v0
(47)	/ (43)(0)
(48)	abs(0)
(49)	* (48)(47)
(1)	v19
(6)	v8
(13)	+ (1)(6)
(21)	v28
(38)	v16
(2)	/ (1)(0)
(5)	abs(2)
(12)	v14
(14)	+ (12)(5)
(18)	- (1)(14)
(15)	- (1)(9)
(23)	cos(15)
(36)	/ (0)(23)
(55)	/ (18)(36)
(87)	- (55)(38)
(95)	+ (21)(87)
(128)	- (13)(95)
(134)	- (128)(49)
(139)	* (134)(85)
