(21)	v28
(1)	15.218636431851323
(2)	abs(1)
(3)	-10.059063198464742
(4)	/ (3)(2)
(16)	v0
(26)	/ (16)(4)
(28)	+ (21)(26)
(19)	v19
(33)	/ (19)(4)
(36)	+ (33)(28)
(7)	7.868427094583936
(8)	* (3)(1)
(9)	sin(8)
(25)	- (7)(9)
(35)	v9
(43)	cos(35)
(44)	/ (43)(25)
(78)	+ (36)(44)
(20)	-0.6365081502494299
(12)	v2
(13)	sin(12)
(22)	e(13)
(41)	v25
(47)	- (7)(41)
(17)	v28
(10)	v26
(32)	sin(10)
(50)	+ (17)(32)
(51)	- (50)(47)
(71)	/ (22)(51)
(85)	- (20)(71)
(93)	* (78)(85)
(54)	v8
(15)	v18
(66)	* (25)(15)
(65)	v16
(42)	/ (35)(7)
(38)	3.174466468202329
(48)	* (13)(38)
(77)	+ (42)(48)
(88)	+ (77)(2)
(109)	+ (65)(88)
(122)	/ (66)(109)
(127)	- (54)(122)
(139)	+ (127)(93)
