(70)	v8
(5)	v19
(0)	v4
(1)	-5.331529038781264
(2)	- (1)(0)
(3)	e(2)
(6)	* (5)(3)
(8)	- (5)(6)
(9)	v26
(10)	v20
(11)	- (9)(10)
(18)	/ (11)(1)
(28)	v0
(29)	v28
(43)	- (28)(29)
(67)	+ (43)(18)
(72)	+ (67)(8)
(86)	+ (70)(72)
(37)	-1.9175197455845492
(23)	v19
(50)	v18
(68)	- (50)(23)
(20)	-7.463984762820083
(4)	v0
(7)	-12.240540704828117
(17)	- (2)(0)
(19)	+ (17)(7)
(22)	+ (19)(4)
(26)	+ (23)(22)
(30)	+ (20)(26)
(31)	abs(30)
(36)	cos(31)
(65)	v8
(69)	- (65)(36)
(81)	- (69)(68)
(107)	/ (81)(37)
(116)	- (107)(86)
(127)	-1.7652418527300853
(139)	/ (116)(127)
