(23)	-4.326059658373712
(1)	-15.482447717768789
(6)	v0
(9)	- (6)(1)
(0)	v18
(13)	sin(0)
(40)	- (13)(9)
(55)	sin(40)
(59)	- (55)(23)
(63)	v25
(15)	-6.8341339633555656
(3)	v18
(28)	sin(3)
(34)	+ (15)(28)
(12)	0.8496515400488605
(5)	v13
(10)	v18
(19)	+ (10)(5)
(46)	/ (19)(12)
(47)	sin(46)
(50)	- (47)(34)
(68)	cos(50)
(71)	* (63)(68)
(79)	+ (71)(59)
(20)	v10
(14)	v22
(16)	-12.165592030618498
(27)	- (14)(16)
(31)	- (20)(27)
(32)	- (3)(19)
(26)	v23
(43)	5.946135692186907
(44)	+ (43)(26)
(48)	+ (44)(32)
(87)	/ (31)(48)
(117)	/ (79)(87)
(81)	9.538490263462322
(8)	+ (6)(1)
(35)	v26
(70)	e(35)
(85)	5.843095306219922
(94)	- (70)(85)
(99)	+ (94)(8)
(118)	/ (99)(81)
(139)	- (118)(117)
