(7)	v3
(9)	3.1870506309737756
(10)	- (9)(7)
(18)	v21
(21)	+ (18)(10)
(3)	v0
(12)	v25
(15)	abs(12)
(24)	* (15)(3)
(2)	-18.82334101208224
(5)	/ (3)(2)
(25)	13.539552055715859
(26)	* (25)(5)
(48)	- (24)(26)
(72)	/ (48)(21)
(34)	0.5173594818731431
(1)	v25
(11)	v26
(13)	+ (11)(1)
(28)	v10
(40)	+ (28)(13)
(43)	* (40)(34)
(84)	sin(43)
(89)	+ (72)(84)
(0)	-5.34944277590232
(4)	- (0)(3)
(14)	3.1385588797203994
(6)	cos(1)
(20)	* (0)(6)
(23)	cos(20)
(16)	v19
(17)	e(16)
(22)	* (18)(17)
(30)	cos(22)
(37)	+ (30)(23)
(53)	- (14)(37)
(88)	v13
(99)	* (88)(53)
(113)	/ (99)(4)
(139)	+ (89)(113)
