(43)	-2.9085360362593846
(49)	v25
(28)	v28
(33)	v26
(52)	- (28)(33)
(61)	- (52)(49)
(62)	/ (61)(43)
(4)	-4.255023505154195
(6)	-3.073710183888224
(7)	/ (4)(6)
(25)	tan(4)
(38)	- (25)(7)
(64)	cos(52)
(77)	/ (64)(38)
(82)	+ (62)(77)
(89)	sin(82)
(1)	v6
(8)	+ (6)(1)
(9)	e(8)
(11)	v0
(96)	+ (9)(11)
(50)	- (49)(43)
(10)	v18
(23)	abs(10)
(44)	- (28)(23)
(51)	- (49)(44)
(57)	+ (50)(51)
(60)	cos(57)
(98)	+ (25)(60)
(100)	/ (96)(98)
(102)	- (89)(100)
(19)	v10
(14)	v13
(20)	- (14)(9)
(34)	- (19)(20)
(70)	v7
(72)	+ (38)(70)
(113)	abs(72)
(138)	/ (34)(113)
(139)	+ (138)(102)
