(97)	-19.99454286556986
(100)	cos(97)
(1)	v18
(2)	v0
(15)	- (2)(1)
(24)	sin(15)
(11)	v22
(13)	19.959797343482876
(20)	- (13)(11)
(26)	sin(20)
(31)	e(26)
(37)	* (31)(24)
(7)	abs(2)
(32)	- (7)(13)
(55)	cos(32)
(74)	- (37)(55)
(69)	v13
(21)	v3
(0)	v19
(3)	-0.9868932062177826
(6)	+ (0)(3)
(8)	sin(6)
(9)	cos(1)
(25)	+ (9)(8)
(28)	- (25)(21)
(41)	abs(28)
(70)	v8
(77)	+ (41)(70)
(95)	- (69)(77)
(19)	v10
(4)	tan(0)
(16)	sin(4)
(38)	cos(16)
(65)	v26
(89)	* (65)(38)
(102)	+ (19)(89)
(111)	- (102)(95)
(121)	+ (74)(111)
(139)	* (100)(121)
