(19)	v1
(27)	3.766545675523343
(0)	v26
(5)	sin(0)
(3)	v27
(6)	cos(3)
(9)	* (6)(5)
(11)	/ (9)(5)
(12)	* (11)(0)
(45)	sin(12)
(46)	+ (45)(27)
(49)	- (19)(46)
(17)	v15
(4)	v0
(18)	* (4)(6)
(31)	- (17)(18)
(30)	v24
(48)	* (11)(30)
(52)	- (48)(18)
(85)	+ (52)(31)
(105)	/ (85)(49)
(35)	v19
(1)	v16
(2)	/ (0)(1)
(14)	abs(2)
(15)	e(14)
(36)	- (3)(15)
(7)	v5
(8)	+ (1)(7)
(37)	+ (8)(9)
(39)	- (15)(37)
(51)	+ (39)(36)
(67)	v21
(79)	- (51)(67)
(84)	- (79)(35)
(73)	6.045609677619687
(106)	tan(73)
(110)	* (106)(84)
(139)	- (110)(105)
