(1)	15.380875406772844
(48)	tan(1)
(8)	v6
(5)	v26
(14)	v27
(18)	sin(14)
(37)	cos(18)
(52)	* (37)(5)
(53)	- (52)(8)
(58)	* (53)(48)
(3)	4.721903434881188
(0)	v10
(4)	v18
(6)	cos(4)
(7)	- (6)(0)
(25)	sin(7)
(26)	1.473230857893462
(29)	- (25)(26)
(45)	+ (29)(3)
(57)	v0
(47)	v21
(54)	v19
(59)	+ (54)(47)
(60)	- (59)(57)
(68)	/ (60)(45)
(10)	v16
(16)	sin(3)
(23)	* (10)(16)
(13)	abs(8)
(21)	sin(13)
(27)	sin(21)
(34)	- (23)(27)
(38)	v15
(50)	- (34)(38)
(61)	+ (25)(50)
(69)	* (61)(48)
(94)	+ (68)(69)
(139)	- (94)(58)
