(12)	3.134031871279653
(18)	v17
(23)	v3
(31)	- (18)(23)
(24)	v7
(1)	v15
(2)	v12
(8)	- (2)(1)
(16)	- (8)(12)
(0)	v10
(17)	/ (12)(0)
(27)	/ (8)(17)
(28)	v28
(38)	+ (28)(27)
(44)	/ (38)(16)
(47)	e(44)
(48)	* (24)(47)
(49)	+ (31)(48)
(76)	/ (49)(12)
(3)	v8
(14)	v28
(21)	+ (14)(3)
(39)	2.1212431218327126
(82)	/ (21)(39)
(85)	+ (76)(82)
(20)	v25
(10)	v4
(22)	sin(10)
(61)	+ (20)(22)
(6)	-4.406188597456108
(4)	v24
(11)	3.5011454852426773
(19)	+ (11)(4)
(32)	- (1)(19)
(63)	cos(32)
(90)	+ (6)(63)
(92)	/ (61)(90)
(98)	sin(92)
(139)	+ (98)(85)
