(27)	v7
(30)	v17
(33)	+ (27)(30)
(34)	3.037655888929514
(76)	/ (33)(34)
(3)	v3
(1)	v28
(11)	v8
(14)	+ (11)(11)
(15)	+ (14)(1)
(20)	- (3)(15)
(8)	v25
(2)	8.333894408200052
(6)	/ (2)(3)
(7)	e(3)
(9)	/ (7)(6)
(12)	+ (9)(8)
(39)	- (1)(12)
(90)	- (20)(39)
(0)	v24
(5)	* (0)(0)
(22)	abs(5)
(52)	abs(22)
(16)	-0.43672193618110455
(10)	-8.761264940493984
(17)	* (10)(5)
(24)	cos(17)
(44)	7.866788649341586
(51)	+ (44)(24)
(56)	cos(11)
(70)	- (56)(51)
(84)	* (16)(70)
(122)	+ (52)(84)
(131)	/ (90)(122)
(139)	- (76)(131)
