(79)	-5.287469141569998
(53)	-17.020893536727662
(54)	v6
(81)	- (53)(54)
(97)	/ (79)(81)
(10)	v6
(11)	sin(10)
(14)	v17
(18)	* (14)(11)
(1)	17.771323221398895
(13)	14.663975705478094
(20)	- (13)(1)
(34)	+ (20)(18)
(49)	cos(34)
(50)	v25
(55)	* (49)(50)
(80)	4.304896607554923
(92)	sin(80)
(26)	v27
(52)	sin(26)
(31)	v17
(0)	v7
(5)	v8
(9)	+ (5)(0)
(3)	e(1)
(4)	cos(3)
(12)	v26
(15)	+ (12)(4)
(17)	cos(15)
(19)	- (17)(9)
(33)	v28
(35)	- (19)(33)
(56)	- (35)(31)
(59)	- (52)(56)
(24)	9.88778062163927
(28)	tan(24)
(71)	v3
(89)	- (71)(28)
(106)	- (89)(59)
(109)	/ (106)(92)
(124)	+ (109)(55)
(139)	* (124)(97)
