(0)	-12.25037617285395
(1)	v3
(2)	+ (1)(0)
(7)	v7
(9)	- (7)(2)
(18)	v17
(22)	+ (9)(18)
(6)	v25
(4)	v28
(12)	sin(4)
(15)	- (12)(6)
(3)	v19
(5)	v26
(8)	+ (3)(5)
(14)	-6.438693798713032
(20)	- (8)(14)
(10)	4.040168468951137
(11)	v18
(13)	+ (10)(11)
(24)	v2
(25)	- (24)(13)
(26)	/ (20)(25)
(34)	/ (15)(26)
(19)	v28
(23)	/ (1)(0)
(27)	- (19)(23)
(45)	v8
(55)	+ (0)(45)
(56)	+ (27)(55)
(60)	- (56)(34)
(75)	+ (60)(22)
(52)	cos(19)
(53)	+ (52)(14)
(28)	-16.65387677103359
(38)	v18
(66)	- (28)(38)
(89)	/ (53)(66)
(139)	* (89)(75)
