(4)	v3
(1)	4.406771221495735
(5)	tan(1)
(6)	/ (4)(5)
(51)	-2.058689476388132
(14)	v8
(3)	v7
(15)	* (6)(3)
(25)	cos(15)
(32)	v28
(65)	* (32)(25)
(74)	+ (65)(14)
(82)	/ (74)(51)
(8)	-1.0799121111508185
(9)	cos(5)
(17)	+ (6)(9)
(18)	cos(17)
(24)	+ (8)(18)
(29)	+ (24)(1)
(16)	v6
(33)	cos(16)
(43)	- (33)(29)
(28)	v17
(52)	* (28)(8)
(60)	- (52)(51)
(70)	- (60)(3)
(73)	/ (70)(43)
(45)	cos(25)
(0)	v25
(11)	v4
(37)	sin(11)
(42)	+ (37)(0)
(50)	/ (42)(43)
(58)	- (50)(45)
(93)	e(58)
(110)	+ (93)(73)
(123)	- (110)(82)
(139)	- (123)(6)
