(0)	v21
(19)	6.374152445166324
(8)	v22
(12)	v22
(11)	v13
(14)	sin(11)
(16)	e(14)
(17)	- (16)(12)
(25)	cos(17)
(27)	+ (8)(25)
(28)	/ (27)(19)
(4)	-17.859428559059186
(3)	v21
(5)	+ (4)(3)
(6)	- (5)(4)
(1)	v4
(26)	cos(14)
(33)	* (1)(26)
(34)	- (33)(6)
(32)	sin(16)
(37)	* (32)(34)
(41)	+ (37)(19)
(2)	v13
(9)	cos(2)
(35)	v25
(44)	- (9)(35)
(48)	- (44)(41)
(50)	v28
(53)	+ (50)(48)
(40)	-2.6366099465477433
(13)	v6
(21)	- (6)(13)
(43)	sin(21)
(54)	- (40)(43)
(58)	/ (53)(54)
(92)	/ (34)(58)
(120)	+ (28)(92)
(139)	+ (0)(120)
