(1)	v13
(17)	sin(1)
(19)	v4
(27)	- (17)(19)
(36)	v25
(3)	v22
(4)	v1
(6)	+ (4)(3)
(69)	v21
(74)	+ (69)(6)
(79)	+ (36)(74)
(98)	- (79)(27)
(56)	-16.540252240791155
(10)	v9
(16)	v12
(18)	* (10)(16)
(49)	abs(18)
(2)	9.607961586244443
(25)	/ (4)(2)
(29)	abs(25)
(53)	cos(29)
(91)	+ (53)(49)
(104)	- (56)(91)
(0)	-10.787766401068875
(14)	- (0)(10)
(26)	/ (10)(14)
(44)	v6
(81)	* (26)(44)
(31)	4.672345254870933
(8)	cos(0)
(12)	- (6)(8)
(28)	/ (6)(12)
(5)	abs(3)
(37)	/ (5)(16)
(41)	v14
(43)	- (41)(37)
(46)	- (43)(2)
(52)	-16.252466845744408
(58)	- (46)(52)
(62)	/ (28)(58)
(83)	- (62)(31)
(114)	+ (83)(81)
(127)	/ (114)(104)
(139)	* (98)(127)
