(2)	v21
(1)	v4
(4)	v22
(5)	+ (1)(4)
(8)	+ (2)(5)
(10)	v7
(0)	v14
(6)	-7.54779769818645
(7)	+ (0)(6)
(12)	v13
(18)	cos(12)
(19)	- (18)(7)
(32)	+ (19)(10)
(30)	v21
(13)	4.929449307789561
(24)	/ (2)(13)
(28)	v6
(35)	+ (28)(24)
(41)	- (30)(35)
(42)	cos(41)
(47)	/ (42)(32)
(14)	-3.7148494701838963
(48)	14.99322361583144
(52)	/ (14)(48)
(55)	- (52)(47)
(36)	v13
(40)	v20
(50)	- (40)(36)
(67)	sin(50)
(68)	+ (67)(47)
(15)	v28
(26)	* (1)(15)
(38)	4.617752420469124
(44)	* (8)(38)
(74)	+ (44)(26)
(98)	/ (68)(74)
(107)	- (98)(55)
(139)	* (107)(8)
