(61)	v21
(10)	-2.953404654757186
(4)	v7
(3)	v20
(6)	v4
(7)	cos(6)
(17)	+ (7)(3)
(18)	v13
(19)	* (18)(17)
(44)	/ (19)(4)
(51)	sin(44)
(63)	- (51)(10)
(67)	/ (61)(63)
(5)	v4
(8)	sin(3)
(32)	+ (8)(5)
(41)	v22
(1)	1.3746008785475219
(22)	v25
(34)	- (22)(1)
(35)	e(34)
(20)	v18
(23)	cos(20)
(30)	+ (10)(23)
(47)	+ (30)(23)
(49)	/ (18)(47)
(55)	+ (49)(35)
(86)	+ (41)(55)
(101)	+ (86)(32)
(28)	-2.2803940871707304
(11)	v9
(12)	- (6)(11)
(24)	+ (12)(17)
(42)	cos(1)
(60)	* (24)(42)
(76)	e(60)
(113)	- (76)(28)
(124)	/ (101)(113)
(139)	+ (124)(67)
