(19)	0.34240680576834137
(10)	v5
(50)	* (19)(10)
(7)	-10.890798395998939
(15)	tan(7)
(37)	abs(10)
(53)	* (37)(15)
(57)	/ (50)(53)
(6)	v27
(1)	v20
(20)	e(1)
(26)	/ (20)(6)
(30)	sin(26)
(36)	v25
(58)	+ (30)(36)
(60)	* (57)(58)
(84)	- (19)(60)
(14)	v4
(4)	8.12599983171065
(2)	v20
(11)	v6
(12)	+ (2)(11)
(38)	/ (12)(4)
(0)	v22
(9)	3.1299671147230548
(16)	- (1)(0)
(17)	/ (16)(9)
(24)	+ (0)(17)
(41)	v21
(42)	+ (41)(24)
(13)	v13
(28)	-2.361142336363976
(8)	v7
(18)	/ (6)(8)
(33)	sin(18)
(34)	+ (33)(28)
(43)	/ (13)(34)
(46)	+ (43)(42)
(68)	+ (38)(46)
(89)	+ (14)(68)
(139)	* (84)(89)
