(2)	v21
(5)	-4.869597640283608
(10)	/ (5)(2)
(34)	-4.733685066547801
(16)	v14
(14)	-15.496913474335795
(19)	1.591337724072332
(26)	* (2)(19)
(30)	v4
(36)	- (26)(30)
(47)	- (14)(36)
(53)	+ (16)(47)
(57)	/ (53)(34)
(84)	/ (57)(10)
(7)	/ (2)(2)
(15)	e(7)
(33)	/ (30)(15)
(23)	v13
(12)	3.3509787024911297
(32)	v6
(1)	v23
(6)	* (2)(1)
(0)	v26
(4)	e(0)
(9)	* (4)(0)
(25)	- (9)(6)
(39)	* (25)(25)
(43)	- (39)(32)
(44)	+ (12)(43)
(51)	/ (23)(44)
(55)	- (51)(33)
(71)	- (2)(55)
(3)	5.532653722576491
(18)	v25
(29)	v1
(38)	sin(29)
(40)	+ (38)(18)
(45)	v22
(48)	+ (45)(40)
(94)	/ (48)(3)
(128)	+ (71)(94)
(139)	+ (128)(84)
