(1)	v25
(2)	v21
(3)	+ (2)(2)
(37)	+ (3)(1)
(48)	v22
(28)	v13
(0)	17.775612863549135
(4)	abs(0)
(7)	- (3)(4)
(8)	- (7)(2)
(13)	- (8)(1)
(5)	v27
(17)	tan(5)
(23)	- (13)(17)
(27)	sin(23)
(29)	sin(7)
(31)	* (27)(29)
(6)	v4
(10)	+ (6)(6)
(33)	+ (10)(5)
(50)	+ (31)(33)
(51)	- (50)(28)
(59)	+ (51)(48)
(84)	+ (59)(37)
(16)	16.61812116392413
(15)	v6
(14)	v27
(11)	v5
(18)	* (1)(11)
(19)	- (5)(18)
(21)	- (19)(14)
(36)	* (21)(15)
(41)	/ (36)(33)
(71)	+ (16)(41)
(70)	2.8955399519934417
(107)	abs(70)
(121)	/ (107)(71)
(139)	* (84)(121)
