(9)	v7
(0)	-6.205873863620933
(2)	v24
(3)	-12.456583104154731
(6)	/ (2)(3)
(7)	+ (2)(6)
(10)	/ (7)(0)
(14)	+ (9)(10)
(52)	sin(14)
(12)	cos(0)
(13)	cos(12)
(22)	cos(13)
(43)	v18
(46)	/ (43)(22)
(4)	-17.754115671349812
(19)	v21
(20)	- (4)(19)
(31)	v24
(51)	- (20)(31)
(53)	+ (51)(46)
(61)	- (52)(53)
(44)	v15
(8)	v26
(1)	v6
(23)	+ (4)(8)
(58)	+ (23)(1)
(64)	+ (58)(8)
(84)	+ (44)(64)
(86)	+ (84)(61)
(25)	4.375247478005605
(17)	- (8)(12)
(21)	- (17)(9)
(15)	6.295091616724228
(26)	+ (1)(15)
(33)	/ (21)(26)
(45)	cos(33)
(113)	* (25)(45)
(139)	/ (86)(113)
