(0)	v26
(2)	v9
(3)	- (0)(2)
(14)	sin(3)
(16)	v15
(29)	- (14)(16)
(6)	-8.252045105235384
(7)	* (2)(6)
(8)	19.904168380386494
(11)	- (8)(7)
(15)	cos(11)
(24)	5.194766000885469
(31)	- (24)(15)
(42)	/ (29)(31)
(44)	cos(42)
(51)	cos(44)
(73)	- (51)(42)
(10)	v2
(18)	8.510523567893724
(20)	- (10)(18)
(17)	-18.64682743699366
(19)	abs(17)
(34)	v0
(53)	+ (19)(34)
(62)	cos(11)
(64)	+ (62)(53)
(9)	-2.0317232998670107
(22)	v21
(38)	cos(22)
(23)	v6
(30)	+ (23)(22)
(33)	0.6613918203204285
(4)	cos(3)
(12)	* (9)(0)
(36)	+ (12)(4)
(37)	+ (36)(33)
(55)	- (30)(37)
(56)	- (55)(38)
(67)	/ (56)(9)
(71)	/ (67)(64)
(93)	* (71)(20)
(139)	+ (93)(73)
