(26)	v21
(35)	2.556566869701193
(40)	/ (26)(35)
(16)	v9
(1)	v26
(52)	abs(1)
(56)	- (52)(16)
(61)	+ (40)(56)
(37)	v28
(10)	v4
(0)	v14
(12)	sin(0)
(44)	* (12)(10)
(50)	+ (37)(44)
(4)	-4.131635255098999
(13)	v15
(20)	abs(13)
(23)	abs(20)
(63)	- (4)(23)
(69)	+ (63)(50)
(113)	/ (61)(69)
(5)	/ (4)(0)
(6)	-8.871347936373795
(7)	e(6)
(8)	* (7)(5)
(3)	-0.4995135121405845
(15)	v6
(19)	- (3)(15)
(18)	v13
(29)	sin(18)
(45)	+ (29)(19)
(14)	4.418845442652483
(65)	cos(14)
(80)	* (45)(65)
(22)	abs(4)
(42)	tan(29)
(51)	+ (1)(42)
(28)	v21
(31)	v15
(58)	+ (28)(31)
(82)	+ (51)(58)
(91)	/ (82)(22)
(98)	+ (80)(91)
(127)	+ (8)(98)
(139)	+ (113)(127)
