(46)	v26
(47)	v15
(48)	+ (46)(47)
(53)	-8.015425120847306
(59)	/ (48)(53)
(1)	v1
(0)	v9
(2)	- (0)(0)
(6)	/ (0)(1)
(7)	+ (2)(6)
(8)	* (7)(1)
(15)	v21
(21)	- (15)(8)
(25)	4.699168356541307
(26)	abs(25)
(42)	/ (21)(26)
(68)	e(42)
(78)	- (68)(59)
(4)	-2.625567648902795
(5)	abs(4)
(30)	- (0)(5)
(64)	v6
(80)	+ (30)(64)
(70)	4.0597389450093715
(50)	cos(46)
(34)	2.3699593275059385
(13)	v26
(9)	cos(6)
(14)	abs(9)
(69)	e(14)
(10)	v25
(16)	v19
(22)	v21
(23)	+ (22)(16)
(31)	/ (23)(5)
(37)	* (10)(31)
(11)	e(1)
(38)	sin(11)
(17)	-14.355241843118595
(49)	/ (17)(5)
(63)	- (38)(49)
(74)	+ (37)(63)
(81)	+ (69)(74)
(84)	+ (81)(13)
(90)	+ (34)(84)
(94)	+ (90)(50)
(101)	/ (70)(94)
(111)	* (101)(80)
(139)	+ (111)(78)
