(3)	9.471667720722934
(4)	tan(3)
(43)	1.9468568717708798
(0)	v2
(12)	- (4)(0)
(14)	abs(3)
(19)	+ (14)(12)
(1)	v26
(2)	sin(1)
(7)	v6
(30)	+ (7)(2)
(34)	* (19)(30)
(13)	v20
(15)	+ (0)(13)
(16)	11.913962909835373
(21)	* (15)(16)
(26)	8.47710718677801
(31)	* (26)(1)
(47)	+ (31)(21)
(66)	+ (47)(34)
(98)	/ (66)(43)
(11)	v25
(38)	-10.31736275282209
(62)	+ (11)(38)
(84)	* (62)(4)
(8)	v21
(28)	v2
(70)	- (28)(8)
(5)	- (4)(1)
(17)	* (7)(5)
(22)	v3
(25)	* (22)(17)
(29)	+ (22)(11)
(48)	v24
(75)	* (48)(29)
(79)	- (75)(29)
(86)	- (79)(25)
(96)	- (70)(86)
(99)	/ (96)(84)
(109)	+ (99)(98)
(139)	* (4)(109)
