(22)	-13.062344177935072
(0)	3.0991717042973406
(14)	v24
(28)	- (14)(0)
(46)	v6
(55)	* (46)(28)
(97)	/ (55)(22)
(8)	v21
(16)	v11
(17)	v18
(29)	- (17)(16)
(34)	- (14)(29)
(3)	cos(0)
(5)	abs(3)
(19)	sin(8)
(20)	/ (19)(5)
(36)	v7
(39)	+ (36)(20)
(49)	+ (39)(34)
(56)	+ (8)(49)
(59)	v15
(66)	+ (56)(59)
(82)	0.13666561049314652
(84)	* (82)(66)
(69)	v26
(81)	2.976260600864915
(2)	abs(0)
(7)	v19
(9)	+ (7)(3)
(10)	/ (9)(3)
(13)	- (10)(2)
(63)	-6.542905063355624
(92)	/ (13)(63)
(119)	- (92)(81)
(125)	/ (69)(119)
(129)	- (84)(125)
(139)	+ (129)(97)
