(10)	0.2719288637106878
(21)	sin(10)
(0)	-19.97038443035338
(6)	-6.772843139995604
(8)	e(6)
(9)	v20
(17)	- (10)(9)
(22)	/ (17)(8)
(32)	+ (22)(0)
(54)	* (21)(32)
(5)	v17
(1)	v26
(11)	v20
(16)	- (1)(11)
(13)	v18
(15)	-1.38933275594826
(19)	* (13)(15)
(27)	+ (16)(19)
(20)	v28
(23)	v3
(18)	v1
(24)	sin(18)
(28)	- (23)(24)
(35)	- (20)(28)
(41)	- (27)(35)
(59)	- (5)(41)
(26)	tan(18)
(42)	- (32)(26)
(51)	15.205894880123203
(57)	v12
(69)	* (51)(57)
(71)	+ (42)(69)
(80)	- (71)(17)
(101)	/ (59)(80)
(139)	* (101)(54)
