(31)	13.87042495288415
(41)	cos(31)
(1)	v7
(14)	v17
(18)	+ (1)(14)
(16)	v3
(4)	v6
(7)	v11
(8)	/ (4)(7)
(12)	-6.173212707708018
(13)	- (8)(12)
(19)	v16
(23)	+ (13)(19)
(29)	/ (16)(23)
(17)	tan(4)
(25)	-4.874311614528137
(39)	e(25)
(40)	/ (39)(17)
(44)	+ (29)(40)
(53)	- (18)(44)
(60)	* (53)(41)
(61)	sin(60)
(50)	v26
(64)	-5.279471502420954
(65)	/ (50)(64)
(68)	+ (65)(61)
(86)	tan(68)
(71)	0.37540951399566325
(27)	-2.7036545908828273
(0)	v20
(5)	- (1)(0)
(6)	abs(0)
(35)	+ (6)(5)
(21)	v4
(2)	15.962595169868415
(26)	v19
(28)	+ (26)(2)
(52)	+ (21)(28)
(58)	+ (35)(52)
(62)	/ (58)(27)
(67)	sin(62)
(70)	v18
(76)	+ (67)(70)
(93)	* (76)(71)
(102)	+ (86)(93)
(69)	v28
(15)	* (14)(5)
(42)	- (15)(18)
(77)	cos(42)
(90)	- (27)(77)
(126)	/ (69)(90)
(139)	- (102)(126)
