(6)	v7
(0)	v17
(10)	-15.071422803482175
(12)	- (10)(0)
(34)	v26
(3)	8.48667196508594
(15)	/ (10)(3)
(35)	-11.764210519061491
(47)	- (15)(35)
(55)	- (47)(34)
(57)	/ (12)(55)
(79)	+ (6)(57)
(2)	3.7787275082952334
(7)	sin(2)
(11)	v17
(28)	* (7)(11)
(20)	4.83700168445802
(22)	v25
(37)	- (20)(22)
(1)	3.9095081676334686
(4)	v10
(9)	- (1)(4)
(30)	v6
(39)	+ (9)(30)
(44)	/ (37)(39)
(46)	- (44)(28)
(48)	abs(46)
(14)	v11
(19)	v26
(25)	abs(19)
(27)	- (14)(25)
(33)	- (27)(1)
(5)	v16
(13)	- (6)(5)
(56)	- (48)(22)
(86)	- (13)(56)
(91)	/ (86)(33)
(113)	+ (48)(91)
(139)	+ (113)(79)
