(0)	v25
(2)	v10
(23)	v0
(24)	v6
(32)	- (24)(23)
(37)	- (2)(32)
(46)	- (37)(0)
(56)	3.6976295090272444
(57)	+ (56)(46)
(69)	-1.205327950436775
(82)	/ (69)(57)
(4)	v7
(1)	v26
(3)	cos(2)
(9)	+ (3)(1)
(12)	cos(9)
(53)	v17
(58)	+ (12)(53)
(70)	+ (4)(58)
(22)	-2.907838186371862
(63)	0.03172221077404913
(64)	- (22)(63)
(73)	5.2550551592215555
(76)	/ (73)(64)
(86)	/ (70)(76)
(106)	- (82)(86)
(34)	cos(3)
(31)	cos(0)
(48)	-2.865880039590998
(40)	v23
(8)	cos(1)
(7)	e(2)
(14)	e(7)
(15)	* (14)(1)
(44)	cos(15)
(55)	+ (8)(44)
(90)	* (40)(55)
(100)	+ (90)(48)
(136)	/ (31)(100)
(137)	- (34)(136)
(139)	* (106)(137)
