(3)	-7.3841985744328085
(5)	v22
(8)	/ (5)(3)
(17)	3.772231618119612
(4)	v12
(7)	v2
(22)	- (7)(4)
(27)	v20
(29)	+ (22)(27)
(34)	/ (29)(17)
(10)	-5.846173577292122
(13)	sin(10)
(35)	v27
(46)	* (13)(35)
(23)	-2.09836573164484
(32)	/ (13)(23)
(11)	v17
(60)	/ (11)(10)
(61)	- (32)(60)
(19)	v23
(20)	-13.865048164995052
(36)	/ (20)(19)
(37)	cos(36)
(1)	v11
(2)	18.323728398794962
(24)	cos(2)
(28)	+ (24)(1)
(38)	v4
(39)	+ (28)(38)
(51)	- (37)(39)
(62)	v5
(63)	+ (51)(62)
(76)	sin(63)
(78)	* (61)(76)
(83)	+ (78)(46)
(104)	+ (34)(83)
(139)	- (104)(8)
