(48)	-10.135429228549114
(75)	sin(48)
(67)	-3.4007387710506265
(40)	-2.4904507186624514
(56)	v6
(71)	/ (56)(40)
(78)	+ (67)(71)
(0)	-9.893960199614744
(25)	v9
(26)	+ (25)(0)
(1)	v13
(2)	sin(1)
(3)	-16.479481883898966
(5)	v7
(9)	* (3)(5)
(22)	cos(9)
(36)	- (2)(22)
(37)	sin(36)
(42)	v18
(79)	- (42)(37)
(83)	- (79)(26)
(94)	/ (78)(83)
(102)	/ (75)(94)
(45)	2.4467998909711213
(4)	v10
(10)	+ (5)(4)
(11)	cos(3)
(12)	cos(2)
(13)	- (12)(11)
(14)	/ (10)(13)
(23)	v27
(28)	+ (23)(14)
(62)	-4.72053657151041
(73)	- (62)(28)
(127)	/ (73)(45)
(139)	- (102)(127)
