(0)	v18
(5)	v23
(9)	5.303840487427024
(22)	+ (9)(5)
(30)	* (22)(0)
(29)	12.034483893268238
(10)	v2
(13)	e(10)
(1)	v27
(4)	sin(1)
(14)	- (4)(10)
(18)	* (14)(13)
(3)	v6
(8)	sin(3)
(16)	+ (13)(8)
(21)	/ (5)(16)
(34)	+ (18)(21)
(41)	* (34)(10)
(45)	+ (29)(41)
(47)	/ (30)(45)
(23)	/ (16)(22)
(38)	e(23)
(6)	3.1705324775957493
(33)	v26
(51)	/ (33)(6)
(53)	* (51)(38)
(62)	+ (53)(47)
(71)	sin(62)
(20)	4.423317818221722
(12)	v1
(24)	v17
(73)	- (12)(24)
(111)	+ (14)(73)
(117)	+ (111)(1)
(134)	/ (117)(20)
(139)	+ (71)(134)
