(14)	10.755340630359996
(61)	e(14)
(90)	cos(61)
(13)	-7.361801649815103
(49)	tan(13)
(34)	v26
(7)	v1
(18)	cos(7)
(17)	v14
(20)	e(17)
(22)	+ (18)(20)
(36)	cos(22)
(87)	- (36)(34)
(107)	/ (87)(49)
(11)	v27
(1)	v17
(2)	v2
(3)	v18
(8)	+ (7)(3)
(9)	- (2)(8)
(19)	+ (9)(1)
(27)	- (11)(19)
(5)	v17
(10)	- (1)(5)
(26)	v2
(32)	* (26)(10)
(46)	- (27)(32)
(89)	19.46777339576804
(125)	/ (46)(89)
(15)	8.862649786353906
(56)	+ (34)(15)
(16)	tan(7)
(23)	abs(16)
(91)	tan(23)
(129)	+ (91)(56)
(131)	* (125)(129)
(134)	+ (131)(107)
(139)	* (134)(90)
