(34)	v9
(46)	sin(34)
(55)	3.046175606110779
(79)	+ (55)(46)
(2)	0.970195434419562
(1)	v18
(8)	-4.257519795164747
(9)	+ (1)(8)
(10)	/ (9)(2)
(53)	v27
(4)	v17
(7)	v26
(19)	- (8)(7)
(28)	+ (4)(19)
(65)	v2
(67)	+ (28)(65)
(74)	abs(67)
(82)	+ (53)(74)
(12)	v1
(0)	v5
(5)	e(1)
(13)	abs(5)
(16)	- (13)(4)
(24)	/ (1)(16)
(26)	- (24)(0)
(50)	cos(26)
(52)	* (12)(50)
(20)	13.841624386067565
(25)	e(20)
(32)	abs(25)
(60)	* (55)(32)
(75)	tan(60)
(105)	+ (52)(75)
(119)	+ (105)(82)
(134)	+ (119)(10)
(139)	/ (134)(79)
