(54)	4.911318805445557
(4)	v6
(0)	-14.007683407982615
(5)	cos(0)
(6)	/ (5)(4)
(40)	e(6)
(37)	v27
(58)	cos(37)
(70)	+ (40)(58)
(74)	16.996695485551626
(78)	+ (74)(70)
(79)	/ (54)(78)
(3)	v21
(22)	+ (5)(3)
(8)	v14
(10)	cos(8)
(21)	sin(10)
(25)	e(21)
(16)	v7
(42)	v23
(43)	- (16)(42)
(50)	/ (43)(25)
(11)	19.616259528197034
(45)	/ (22)(11)
(1)	v17
(18)	v14
(19)	- (18)(1)
(23)	v26
(29)	v8
(30)	- (23)(29)
(47)	- (30)(16)
(48)	+ (47)(19)
(51)	- (45)(48)
(67)	+ (51)(50)
(89)	+ (67)(22)
(97)	v9
(109)	+ (89)(97)
(139)	* (79)(109)
