(8)	6.948878295789534
(1)	19.662796399608652
(0)	v15
(2)	/ (0)(1)
(3)	cos(2)
(4)	- (3)(1)
(6)	sin(1)
(14)	- (6)(4)
(21)	v2
(23)	- (21)(14)
(25)	/ (8)(23)
(29)	cos(6)
(37)	sin(29)
(12)	tan(0)
(15)	v1
(28)	* (15)(12)
(31)	tan(28)
(32)	15.611246220516115
(46)	- (31)(32)
(60)	/ (23)(46)
(73)	v21
(82)	/ (73)(60)
(36)	v8
(44)	+ (15)(36)
(68)	v17
(79)	+ (68)(44)
(58)	e(4)
(5)	-1.6083014027394391
(10)	+ (1)(5)
(24)	sin(10)
(59)	v7
(77)	/ (59)(24)
(81)	- (58)(77)
(86)	+ (81)(79)
(72)	v14
(16)	v26
(51)	v23
(62)	+ (16)(51)
(17)	v9
(20)	* (5)(17)
(49)	1.189490880238779
(63)	* (49)(20)
(75)	+ (63)(62)
(85)	v9
(87)	+ (75)(85)
(92)	+ (87)(72)
(102)	- (92)(86)
(106)	- (102)(82)
(118)	* (106)(37)
(139)	* (25)(118)
