(9)	v5
(31)	0.22239801334209375
(17)	-3.0951767366822978
(13)	v24
(4)	v9
(5)	v15
(8)	sin(5)
(12)	tan(8)
(37)	+ (12)(4)
(3)	v8
(16)	cos(9)
(44)	- (3)(16)
(50)	- (37)(44)
(51)	- (13)(50)
(52)	- (17)(51)
(55)	* (31)(52)
(56)	e(55)
(58)	sin(56)
(65)	+ (9)(58)
(32)	cos(8)
(47)	4.9706513851812595
(57)	+ (32)(47)
(11)	3.97009015502541
(19)	v15
(23)	/ (19)(11)
(42)	v22
(61)	* (58)(42)
(62)	+ (61)(23)
(20)	1.9172512179409438
(27)	- (9)(5)
(36)	+ (27)(20)
(39)	sin(36)
(43)	cos(39)
(63)	* (43)(20)
(64)	sin(63)
(69)	- (56)(64)
(71)	+ (62)(69)
(72)	- (65)(71)
(78)	/ (72)(57)
(0)	v1
(2)	e(0)
(22)	+ (2)(20)
(41)	-12.927678632636304
(33)	v16
(34)	v26
(49)	- (34)(36)
(74)	- (49)(33)
(87)	- (41)(74)
(108)	/ (87)(22)
(136)	* (78)(108)
(139)	+ (65)(136)
