(18)	v5
(0)	4.430807418833584
(29)	v26
(31)	sin(29)
(50)	- (31)(0)
(35)	v1
(20)	v25
(6)	v24
(1)	v19
(2)	sin(0)
(3)	* (1)(2)
(7)	v21
(9)	- (3)(7)
(16)	+ (6)(9)
(32)	2.236972131421954
(34)	/ (16)(32)
(41)	* (20)(34)
(43)	+ (35)(41)
(12)	6.961413473302841
(40)	sin(12)
(48)	sin(40)
(54)	* (43)(48)
(80)	+ (54)(0)
(83)	/ (50)(80)
(87)	/ (18)(83)
(33)	v22
(63)	- (35)(34)
(95)	+ (63)(33)
(101)	- (95)(87)
(49)	-2.9019054975596887
(27)	v18
(47)	9.401204957475233
(57)	+ (27)(47)
(15)	* (6)(2)
(90)	+ (18)(15)
(107)	- (90)(57)
(117)	/ (49)(107)
(139)	* (101)(117)
