(29)	19.597543218726166
(36)	-17.6400060635719
(58)	/ (29)(36)
(121)	e(58)
(33)	v1
(6)	v5
(9)	-3.874774676622849
(3)	v23
(11)	abs(3)
(2)	v13
(21)	v14
(22)	* (21)(2)
(26)	- (11)(22)
(34)	/ (26)(9)
(44)	- (6)(34)
(10)	e(6)
(14)	sin(10)
(16)	- (14)(9)
(8)	v24
(20)	sin(8)
(52)	/ (20)(16)
(53)	- (52)(44)
(84)	- (33)(53)
(0)	v22
(5)	2.197525259827348
(28)	/ (5)(0)
(1)	v27
(24)	+ (1)(5)
(37)	v18
(48)	- (37)(24)
(51)	/ (48)(28)
(25)	v21
(61)	e(58)
(105)	* (61)(25)
(111)	- (105)(51)
(128)	+ (84)(111)
(139)	* (128)(121)
