(0)	v5
(21)	6.584415223960075
(9)	14.09491238033597
(12)	3.5650405634172913
(17)	/ (9)(12)
(5)	8.003958423905928
(8)	sin(5)
(18)	cos(8)
(39)	/ (18)(17)
(43)	+ (21)(39)
(27)	v5
(10)	v0
(11)	+ (5)(10)
(30)	abs(11)
(33)	- (30)(27)
(7)	v2
(14)	* (7)(12)
(15)	/ (14)(9)
(22)	tan(15)
(29)	v18
(37)	- (22)(29)
(46)	- (37)(33)
(51)	/ (46)(43)
(56)	e(51)
(3)	v9
(6)	abs(3)
(25)	* (8)(6)
(53)	6.522477928532361
(61)	/ (25)(53)
(62)	+ (61)(56)
(95)	* (0)(62)
(1)	v22
(34)	v1
(4)	v21
(31)	sin(4)
(38)	- (31)(15)
(45)	+ (34)(38)
(65)	+ (1)(45)
(106)	* (65)(56)
(113)	sin(106)
(139)	+ (113)(95)
