(1)	v5
(6)	v22
(15)	+ (6)(1)
(32)	-1.5248357416153056
(26)	v18
(11)	+ (1)(1)
(30)	abs(11)
(31)	/ (26)(30)
(41)	e(31)
(48)	- (41)(32)
(2)	-11.55095173431949
(3)	cos(2)
(0)	v22
(4)	+ (0)(1)
(5)	* (3)(4)
(16)	* (2)(5)
(12)	sin(1)
(37)	/ (5)(12)
(39)	+ (16)(37)
(34)	v24
(42)	+ (39)(34)
(51)	/ (42)(39)
(64)	/ (51)(48)
(65)	* (15)(64)
(14)	v1
(44)	1.9945681843467256
(7)	* (4)(3)
(13)	+ (11)(4)
(10)	v21
(20)	e(10)
(23)	* (20)(13)
(35)	e(23)
(49)	/ (7)(35)
(52)	abs(49)
(57)	+ (44)(52)
(106)	/ (14)(57)
(139)	+ (106)(65)
