(18)	0.3515672460965966
(1)	v1
(7)	v22
(4)	v5
(0)	v21
(5)	e(0)
(8)	+ (4)(5)
(17)	+ (7)(8)
(49)	+ (17)(1)
(2)	v18
(15)	v8
(20)	+ (2)(15)
(6)	8.034991512047082
(10)	+ (6)(8)
(9)	v14
(29)	v26
(30)	- (9)(29)
(36)	sin(30)
(41)	- (36)(10)
(44)	+ (20)(41)
(48)	-10.125502081689621
(59)	/ (44)(48)
(25)	abs(5)
(33)	8.282582800273847
(43)	tan(33)
(53)	- (25)(43)
(11)	7.411678140639147
(14)	+ (11)(1)
(28)	-2.1354833721893627
(47)	- (14)(28)
(61)	sin(47)
(67)	+ (61)(53)
(76)	/ (59)(67)
(81)	* (76)(49)
(139)	- (81)(18)
