(14)	v5
(20)	-8.502156320167437
(0)	v18
(1)	-13.921161136836794
(7)	v6
(8)	- (1)(7)
(13)	9.212747421808515
(21)	/ (13)(8)
(33)	/ (0)(21)
(34)	+ (33)(20)
(35)	+ (34)(14)
(31)	-6.065409771549861
(12)	14.244614239200274
(17)	v1
(36)	+ (17)(12)
(39)	/ (36)(31)
(48)	/ (39)(35)
(3)	v22
(23)	v1
(26)	+ (3)(23)
(15)	sin(14)
(19)	v21
(37)	cos(19)
(45)	* (37)(15)
(40)	v18
(16)	1.8794344819945437
(42)	tan(16)
(47)	/ (40)(42)
(52)	+ (19)(47)
(4)	/ (1)(3)
(22)	v0
(46)	/ (22)(4)
(53)	+ (14)(46)
(60)	+ (52)(53)
(76)	+ (60)(45)
(87)	+ (76)(26)
(139)	* (87)(48)
