(14)	-10.619049751755266
(9)	v15
(22)	abs(9)
(26)	- (22)(14)
(20)	v1
(23)	e(20)
(5)	-0.3193166037891402
(18)	sin(5)
(25)	tan(18)
(30)	sin(5)
(32)	/ (30)(25)
(4)	v21
(27)	10.221902710806383
(38)	+ (27)(4)
(40)	- (38)(32)
(45)	- (23)(40)
(59)	+ (45)(26)
(1)	v5
(0)	0.04946490503253642
(3)	abs(1)
(7)	+ (0)(3)
(10)	- (1)(7)
(13)	2.016231837529663
(15)	- (13)(10)
(2)	v27
(11)	* (5)(2)
(17)	abs(11)
(21)	* (17)(3)
(35)	+ (15)(21)
(56)	+ (5)(30)
(68)	* (35)(56)
(87)	/ (68)(59)
(102)	e(87)
(6)	+ (5)(1)
(16)	v22
(24)	+ (16)(17)
(48)	sin(24)
(28)	v1
(58)	sin(28)
(81)	+ (48)(58)
(104)	sin(81)
(116)	+ (104)(6)
(139)	* (102)(116)
