(4)	3.5876151525664213
(10)	v2
(30)	- (10)(4)
(11)	v1
(17)	v10
(35)	- (17)(11)
(39)	/ (35)(30)
(40)	v17
(1)	v0
(9)	4.247606349836751
(33)	- (9)(1)
(49)	v15
(51)	/ (49)(33)
(56)	+ (51)(40)
(5)	v28
(24)	v16
(26)	- (5)(24)
(65)	sin(26)
(67)	+ (65)(56)
(25)	v8
(2)	/ (1)(1)
(0)	v7
(14)	e(0)
(15)	/ (14)(2)
(16)	-0.6173343948867895
(19)	/ (16)(14)
(23)	- (19)(15)
(6)	v13
(20)	+ (6)(16)
(27)	v17
(31)	sin(27)
(41)	* (20)(31)
(7)	v26
(8)	v23
(28)	- (1)(8)
(42)	- (28)(7)
(44)	- (41)(42)
(74)	/ (44)(23)
(90)	+ (25)(74)
(91)	+ (90)(67)
(108)	+ (91)(39)
(18)	14.930427734167829
(62)	tan(18)
(134)	e(62)
(139)	* (134)(108)
