(22)	-1.4768447242669183
(52)	e(22)
(85)	sin(52)
(0)	v16
(14)	v28
(15)	- (14)(0)
(16)	sin(15)
(7)	v22
(19)	+ (7)(15)
(23)	- (15)(19)
(37)	sin(23)
(17)	v8
(24)	v6
(25)	+ (17)(24)
(33)	v17
(2)	v25
(5)	1.6221039755253805
(8)	* (0)(5)
(20)	sin(8)
(35)	- (20)(2)
(36)	+ (35)(33)
(40)	+ (25)(36)
(45)	+ (40)(37)
(27)	v21
(43)	+ (27)(14)
(1)	-2.16736129839709
(3)	v22
(9)	* (3)(7)
(13)	- (1)(9)
(38)	v0
(44)	/ (38)(13)
(51)	cos(44)
(58)	/ (43)(51)
(64)	+ (45)(58)
(77)	v14
(81)	- (77)(64)
(96)	- (16)(81)
(139)	* (85)(96)
