(3)	v28
(4)	+ (3)(3)
(0)	-10.211899562217193
(2)	v9
(6)	+ (2)(0)
(8)	- (4)(6)
(11)	-8.272195114307568
(15)	/ (11)(8)
(25)	-2.088023869881784
(43)	+ (25)(15)
(1)	v7
(17)	/ (1)(15)
(10)	v20
(18)	3.1414267449768047
(22)	/ (10)(18)
(23)	- (3)(22)
(13)	v6
(27)	/ (13)(25)
(36)	v26
(41)	+ (36)(27)
(61)	- (23)(41)
(14)	1.2175286970441412
(19)	abs(15)
(40)	/ (14)(19)
(9)	v8
(16)	v17
(24)	- (16)(22)
(32)	+ (24)(9)
(28)	v14
(30)	v15
(33)	- (30)(28)
(68)	+ (33)(32)
(69)	/ (68)(40)
(84)	+ (61)(69)
(97)	- (17)(84)
(139)	/ (97)(43)
