(0)	-9.67910567083269
(2)	e(0)
(34)	13.414641733851617
(41)	v14
(99)	- (41)(34)
(24)	6.108506996465877
(32)	- (24)(0)
(42)	tan(32)
(10)	-5.647585862116111
(27)	abs(10)
(12)	-13.90600962626345
(23)	e(12)
(46)	cos(23)
(16)	v21
(30)	sin(16)
(33)	cos(30)
(56)	e(33)
(65)	/ (56)(46)
(82)	- (65)(27)
(90)	- (82)(42)
(14)	v15
(18)	v8
(29)	v8
(1)	v7
(3)	v26
(7)	- (1)(3)
(4)	v28
(5)	v16
(19)	- (4)(5)
(28)	sin(19)
(58)	+ (7)(28)
(69)	+ (29)(58)
(80)	+ (18)(69)
(100)	+ (80)(14)
(115)	* (90)(100)
(135)	/ (115)(99)
(139)	- (135)(2)
