(70)	-2.7236329300437525
(92)	tan(70)
(9)	v20
(11)	-2.1207329410721023
(20)	/ (9)(11)
(24)	v28
(36)	+ (20)(24)
(14)	-2.531887338573327
(3)	v0
(4)	v14
(10)	- (4)(3)
(17)	v15
(39)	+ (10)(17)
(42)	/ (39)(14)
(61)	+ (42)(36)
(18)	v7
(16)	v26
(34)	+ (24)(16)
(47)	- (34)(18)
(21)	-5.547787849163818
(26)	cos(21)
(40)	e(26)
(45)	cos(36)
(60)	4.657072862892839
(63)	- (45)(60)
(64)	+ (63)(40)
(66)	/ (47)(64)
(72)	+ (61)(66)
(90)	v17
(32)	v8
(43)	10.753192778539919
(48)	- (32)(43)
(49)	sin(48)
(54)	cos(49)
(6)	v28
(12)	- (11)(6)
(13)	* (12)(9)
(22)	cos(13)
(33)	abs(22)
(55)	v1
(87)	* (33)(55)
(91)	v15
(96)	+ (91)(87)
(97)	* (54)(96)
(101)	+ (90)(97)
(134)	+ (72)(101)
(139)	* (134)(92)
