(6)	-1.5385052343342949
(8)	e(6)
(12)	tan(8)
(60)	sin(6)
(17)	v2
(20)	sin(17)
(0)	v28
(2)	v25
(3)	- (2)(0)
(26)	cos(20)
(38)	* (26)(3)
(57)	+ (38)(20)
(1)	v8
(4)	sin(3)
(13)	cos(4)
(19)	/ (1)(13)
(23)	v22
(30)	+ (0)(1)
(35)	- (23)(30)
(37)	v1
(40)	+ (37)(20)
(42)	- (40)(35)
(61)	+ (19)(42)
(70)	- (57)(61)
(24)	-5.190394253057837
(44)	- (24)(35)
(10)	v14
(39)	v21
(45)	- (10)(39)
(50)	* (44)(45)
(21)	+ (13)(20)
(25)	-5.094638544948268
(47)	+ (25)(21)
(27)	v13
(43)	v25
(51)	/ (27)(43)
(52)	* (47)(51)
(58)	abs(52)
(73)	- (24)(58)
(92)	/ (50)(73)
(110)	+ (92)(70)
(121)	* (60)(110)
(139)	* (12)(121)
