(77)	16.17830018796389
(2)	v8
(14)	tan(2)
(25)	-11.823551167993944
(42)	/ (14)(25)
(46)	abs(42)
(78)	cos(46)
(93)	- (77)(78)
(108)	5.707033701165763
(111)	/ (108)(93)
(13)	v18
(15)	v1
(16)	+ (15)(13)
(43)	v17
(49)	+ (43)(16)
(9)	-10.501318192565044
(33)	- (25)(9)
(36)	v27
(40)	abs(36)
(58)	- (40)(33)
(47)	v15
(44)	v26
(30)	v4
(0)	v24
(1)	1.8454416099285176
(34)	/ (0)(1)
(37)	+ (30)(34)
(38)	- (36)(37)
(45)	sin(38)
(57)	- (44)(45)
(70)	- (57)(47)
(86)	/ (70)(58)
(3)	/ (1)(0)
(48)	/ (33)(3)
(81)	v6
(100)	- (81)(48)
(107)	* (100)(78)
(109)	+ (107)(86)
(126)	- (49)(109)
(139)	* (126)(111)
