(4)	-2.913468756859814
(3)	v1
(5)	v6
(20)	- (3)(5)
(25)	v26
(30)	- (25)(20)
(46)	/ (30)(4)
(65)	19.334446810581262
(71)	sin(65)
(72)	abs(71)
(38)	v18
(7)	v24
(10)	v17
(15)	- (10)(7)
(16)	-14.81563016817863
(24)	tan(16)
(45)	/ (15)(24)
(52)	+ (45)(38)
(56)	v15
(73)	+ (52)(56)
(95)	* (72)(73)
(117)	+ (46)(95)
(6)	v15
(1)	v2
(11)	v11
(13)	- (1)(11)
(17)	sin(13)
(35)	v13
(47)	* (35)(17)
(76)	+ (47)(6)
(19)	abs(3)
(22)	v10
(23)	+ (22)(5)
(67)	/ (19)(23)
(79)	sin(67)
(93)	- (76)(79)
(104)	v4
(125)	+ (104)(93)
(8)	0.20360026501264983
(28)	sin(23)
(41)	cos(28)
(74)	abs(41)
(126)	* (8)(74)
(134)	* (126)(125)
(139)	- (117)(134)
