(94)	0.37605950063114335
(1)	v2
(3)	sin(1)
(5)	e(3)
(8)	-9.485525564308066
(10)	* (8)(5)
(23)	sin(10)
(45)	cos(23)
(0)	v17
(4)	v18
(6)	+ (0)(4)
(9)	v1
(38)	+ (9)(6)
(26)	3.496856004062149
(30)	-4.407421082803985
(42)	+ (30)(26)
(57)	/ (38)(42)
(20)	-9.847869301238589
(2)	cos(1)
(22)	7.037024055793783
(24)	- (2)(22)
(37)	v4
(47)	- (37)(24)
(49)	/ (47)(20)
(11)	v6
(17)	-11.157859810695957
(18)	/ (5)(17)
(19)	abs(18)
(33)	- (19)(11)
(28)	v2
(32)	v24
(13)	v15
(35)	- (13)(5)
(36)	- (32)(35)
(50)	+ (36)(28)
(55)	- (33)(50)
(60)	* (49)(55)
(82)	+ (60)(57)
(7)	v2
(65)	v26
(83)	- (65)(7)
(84)	+ (82)(83)
(135)	- (45)(84)
(139)	* (135)(94)
