(16)	v21
(31)	v8
(34)	- (31)(16)
(2)	3.3464965823023007
(6)	abs(2)
(8)	v22
(11)	/ (8)(6)
(0)	v9
(1)	v12
(3)	- (1)(0)
(10)	- (2)(3)
(14)	/ (3)(10)
(15)	- (11)(14)
(37)	sin(15)
(68)	- (37)(34)
(13)	v26
(27)	* (6)(13)
(28)	cos(27)
(39)	- (28)(6)
(69)	tan(39)
(71)	+ (69)(39)
(72)	/ (68)(71)
(20)	sin(15)
(45)	v5
(5)	/ (0)(1)
(9)	abs(5)
(25)	- (9)(6)
(29)	v20
(32)	/ (29)(25)
(51)	sin(32)
(24)	- (14)(13)
(17)	abs(10)
(4)	v1
(23)	- (20)(4)
(30)	/ (23)(17)
(53)	- (24)(30)
(83)	- (53)(51)
(84)	+ (83)(45)
(87)	0.5020616149617361
(93)	* (84)(87)
(128)	+ (20)(93)
(139)	- (128)(72)
