(7)	0.35407357433023634
(5)	v20
(9)	5.392587470998205
(15)	+ (9)(5)
(18)	+ (7)(15)
(13)	v7
(10)	-2.88597494745958
(0)	v8
(1)	v5
(25)	- (0)(1)
(27)	* (25)(10)
(39)	+ (13)(27)
(43)	/ (39)(18)
(30)	4.919912372873718
(36)	v22
(45)	/ (36)(30)
(28)	v16
(33)	+ (28)(5)
(67)	/ (33)(30)
(72)	+ (45)(67)
(100)	+ (72)(43)
(4)	v21
(20)	-9.168957151759841
(31)	* (20)(4)
(17)	v28
(6)	v15
(2)	v26
(3)	7.692883905945539
(11)	* (2)(3)
(19)	- (11)(6)
(34)	+ (17)(19)
(52)	+ (31)(34)
(60)	v19
(65)	+ (52)(60)
(77)	4.355724921597968
(97)	* (9)(77)
(118)	/ (65)(97)
(139)	- (100)(118)
