(38)	v5
(41)	0.49625150331016954
(47)	* (38)(41)
(53)	sin(47)
(9)	-19.08886181327354
(12)	sin(9)
(1)	-1.4336299026405541
(0)	v20
(2)	v22
(4)	v7
(5)	+ (4)(2)
(14)	+ (5)(0)
(18)	v16
(34)	+ (18)(14)
(40)	/ (34)(1)
(3)	/ (2)(1)
(15)	v20
(27)	* (3)(15)
(28)	+ (27)(2)
(57)	sin(28)
(25)	-17.698789074808403
(11)	-19.69935307656677
(29)	abs(11)
(42)	* (25)(29)
(49)	/ (5)(42)
(19)	v12
(6)	v26
(10)	v8
(31)	+ (6)(10)
(39)	+ (19)(31)
(45)	v21
(52)	- (39)(45)
(70)	- (52)(49)
(82)	- (57)(70)
(94)	- (82)(40)
(108)	* (12)(94)
(139)	- (53)(108)
