(2)	v28
(6)	abs(2)
(40)	abs(6)
(26)	10.020970129451353
(35)	cos(26)
(36)	-9.905305151629836
(41)	* (35)(36)
(1)	v22
(54)	abs(1)
(89)	- (54)(41)
(105)	- (89)(40)
(8)	4.059508892620624
(0)	-8.110110161251928
(7)	+ (0)(2)
(29)	tan(0)
(33)	/ (29)(7)
(65)	- (8)(33)
(3)	v7
(4)	/ (3)(0)
(14)	v12
(25)	+ (14)(4)
(32)	2.043064724033531
(50)	+ (6)(32)
(61)	/ (25)(50)
(17)	-4.298533988977841
(15)	sin(2)
(12)	v17
(45)	/ (12)(32)
(48)	+ (45)(15)
(5)	- (1)(4)
(19)	v5
(53)	+ (19)(5)
(63)	+ (48)(53)
(66)	/ (63)(17)
(74)	+ (66)(61)
(10)	v24
(22)	v16
(70)	- (10)(22)
(78)	/ (70)(0)
(103)	- (74)(78)
(110)	/ (103)(65)
(139)	* (110)(105)
