(6)	4.0437683112466445
(4)	v19
(2)	v6
(10)	v0
(17)	+ (2)(10)
(23)	+ (17)(4)
(28)	* (23)(6)
(1)	v26
(9)	7.550437423097193
(25)	v21
(29)	* (25)(9)
(33)	+ (1)(29)
(36)	* (4)(6)
(41)	+ (36)(33)
(51)	+ (28)(41)
(40)	-3.190220114150666
(53)	e(40)
(68)	* (51)(53)
(3)	v1
(5)	sin(3)
(13)	cos(1)
(11)	-9.535008177327292
(15)	v25
(20)	- (11)(15)
(26)	sin(20)
(39)	* (13)(26)
(46)	- (5)(39)
(35)	cos(9)
(38)	e(35)
(16)	v28
(7)	abs(1)
(14)	+ (1)(7)
(21)	6.52298541612144
(22)	+ (14)(21)
(24)	v18
(32)	sin(24)
(48)	/ (32)(22)
(76)	/ (48)(16)
(87)	+ (76)(38)
(69)	-13.489207283659583
(72)	cos(69)
(91)	abs(72)
(112)	/ (87)(91)
(116)	/ (46)(112)
(139)	+ (116)(68)
