(29)	6.5998927627725905
(60)	tan(29)
(92)	sin(60)
(8)	v1
(5)	v26
(0)	v11
(3)	sin(0)
(7)	v19
(9)	- (3)(7)
(25)	* (5)(9)
(39)	cos(25)
(53)	* (39)(8)
(15)	v21
(2)	- (0)(0)
(4)	v19
(13)	+ (4)(2)
(14)	-7.829439981984683
(22)	* (14)(13)
(46)	- (15)(22)
(20)	v5
(26)	- (20)(0)
(38)	cos(26)
(49)	+ (22)(38)
(11)	sin(3)
(12)	v26
(16)	- (12)(11)
(32)	cos(16)
(1)	v6
(10)	v15
(18)	+ (10)(12)
(19)	+ (1)(18)
(28)	-0.7025752582976672
(43)	* (28)(19)
(52)	+ (43)(32)
(66)	- (49)(52)
(67)	+ (66)(46)
(98)	+ (67)(53)
(139)	* (98)(92)
