(12)	-0.3998041438149187
(14)	v7
(17)	* (14)(12)
(19)	14.052072363823754
(26)	cos(19)
(62)	/ (26)(12)
(7)	v17
(21)	v22
(0)	1.0208647498611327
(2)	v6
(5)	/ (0)(2)
(10)	/ (0)(5)
(11)	abs(10)
(9)	v25
(13)	v18
(32)	- (9)(13)
(34)	v27
(35)	- (34)(32)
(44)	+ (11)(35)
(16)	sin(5)
(46)	cos(16)
(49)	/ (44)(46)
(54)	+ (49)(21)
(23)	v24
(41)	v26
(42)	+ (23)(41)
(20)	v13
(1)	v28
(4)	- (0)(1)
(28)	v10
(36)	- (28)(4)
(50)	- (36)(20)
(56)	- (42)(50)
(64)	- (56)(54)
(72)	- (64)(7)
(115)	* (62)(72)
(139)	- (115)(17)
