(13)	6.0474202314597605
(33)	v17
(35)	/ (33)(13)
(16)	4.02576085525725
(19)	v18
(15)	14.064304985861078
(2)	v6
(5)	abs(2)
(6)	- (2)(5)
(20)	cos(6)
(21)	+ (15)(20)
(23)	/ (21)(19)
(37)	/ (16)(23)
(57)	+ (35)(37)
(17)	1.6492588783128639
(27)	v25
(28)	+ (27)(17)
(66)	/ (28)(13)
(74)	- (57)(66)
(14)	v7
(7)	v10
(0)	v4
(1)	v2
(9)	/ (1)(0)
(10)	/ (9)(7)
(22)	- (10)(16)
(39)	sin(22)
(50)	cos(39)
(58)	+ (14)(50)
(63)	-1.8706297854988243
(77)	/ (58)(63)
(80)	- (74)(77)
(3)	- (0)(2)
(8)	- (3)(5)
(49)	- (16)(8)
(52)	abs(49)
(54)	v22
(25)	v27
(26)	v26
(34)	+ (20)(26)
(56)	- (34)(25)
(61)	- (56)(54)
(73)	v24
(84)	* (73)(50)
(85)	+ (61)(84)
(101)	/ (85)(52)
(139)	- (80)(101)
