(70)	-16.123748999041986
(75)	sin(70)
(0)	2.2567520299601505
(4)	v24
(1)	v10
(2)	- (0)(1)
(3)	v17
(6)	-0.1798181383719637
(8)	- (3)(6)
(14)	+ (8)(2)
(28)	- (14)(4)
(30)	- (0)(28)
(5)	1.2624000001980527
(29)	v25
(43)	- (29)(5)
(47)	+ (30)(43)
(11)	tan(5)
(26)	v27
(13)	v6
(17)	cos(13)
(18)	tan(17)
(7)	10.2926394764783
(19)	cos(7)
(20)	/ (18)(19)
(21)	cos(18)
(33)	* (21)(13)
(39)	- (33)(20)
(53)	- (39)(26)
(55)	/ (53)(11)
(62)	sin(55)
(94)	+ (47)(62)
(22)	v7
(9)	v18
(31)	+ (9)(1)
(45)	+ (22)(31)
(36)	tan(5)
(40)	v22
(24)	v21
(49)	sin(24)
(54)	- (49)(28)
(60)	+ (54)(40)
(63)	6.66421936527723
(64)	/ (60)(63)
(67)	* (36)(64)
(107)	+ (45)(67)
(119)	- (107)(94)
(139)	* (75)(119)
