(41)	4.9604781547379275
(11)	11.640470854925983
(4)	v24
(19)	v25
(26)	* (19)(4)
(46)	+ (11)(26)
(47)	/ (41)(46)
(5)	v7
(2)	v27
(6)	- (2)(4)
(8)	4.10736870802808
(9)	/ (6)(8)
(16)	+ (9)(5)
(22)	v18
(15)	- (11)(9)
(31)	cos(15)
(32)	+ (9)(31)
(34)	+ (22)(32)
(56)	sin(32)
(1)	v17
(10)	+ (9)(1)
(12)	v6
(0)	v22
(3)	v25
(7)	- (3)(0)
(14)	sin(7)
(17)	+ (12)(14)
(29)	cos(17)
(37)	- (10)(29)
(18)	cos(7)
(35)	cos(18)
(45)	+ (35)(17)
(58)	- (37)(45)
(69)	* (56)(58)
(70)	+ (34)(69)
(123)	+ (16)(70)
(139)	* (47)(123)
