(33)	2.8262821665897278
(4)	v18
(15)	8.995969186742151
(1)	v17
(8)	v6
(13)	6.122961170418463
(14)	- (13)(8)
(16)	cos(14)
(21)	- (1)(16)
(22)	- (21)(15)
(39)	+ (4)(22)
(49)	+ (33)(39)
(99)	/ (49)(33)
(46)	-10.704719603460035
(40)	v24
(64)	- (40)(33)
(2)	v25
(10)	3.4147963660153025
(66)	/ (2)(10)
(67)	/ (66)(64)
(12)	v7
(5)	2.439834791331762
(17)	/ (15)(5)
(36)	v10
(42)	/ (36)(17)
(58)	+ (12)(42)
(24)	+ (8)(5)
(3)	v24
(11)	+ (3)(8)
(25)	+ (2)(11)
(29)	+ (13)(25)
(30)	+ (29)(24)
(37)	-4.084805544268502
(47)	/ (30)(37)
(69)	- (47)(5)
(77)	+ (69)(58)
(96)	+ (77)(67)
(104)	/ (46)(96)
(139)	+ (99)(104)
