(0)	3.5715925384193667
(4)	abs(0)
(8)	v11
(11)	+ (4)(8)
(20)	+ (11)(4)
(10)	v5
(5)	2.745208822523889
(2)	v17
(7)	v2
(12)	- (10)(7)
(13)	- (2)(12)
(16)	/ (13)(5)
(26)	- (16)(10)
(74)	+ (26)(20)
(14)	v21
(40)	v22
(41)	- (12)(40)
(48)	+ (41)(14)
(6)	v7
(37)	v8
(71)	- (6)(37)
(75)	+ (48)(71)
(89)	/ (75)(74)
(28)	/ (10)(5)
(33)	v20
(53)	/ (33)(4)
(1)	v13
(9)	sin(1)
(19)	- (9)(11)
(35)	v22
(39)	/ (35)(19)
(45)	v22
(47)	+ (45)(39)
(15)	11.51770905775146
(27)	tan(15)
(77)	abs(27)
(84)	/ (47)(77)
(93)	+ (84)(53)
(104)	+ (28)(93)
(139)	+ (104)(89)
