(33)	5.823035292721709
(76)	19.084878070862885
(116)	/ (33)(76)
(0)	v9
(1)	v26
(8)	v0
(12)	sin(8)
(14)	+ (1)(12)
(21)	- (14)(0)
(38)	v1
(45)	+ (38)(21)
(2)	e(0)
(18)	6.65315644553575
(26)	- (18)(21)
(27)	tan(26)
(37)	/ (2)(27)
(47)	e(37)
(5)	* (2)(2)
(16)	tan(5)
(6)	+ (0)(2)
(7)	0.4013746063881207
(17)	* (14)(7)
(24)	/ (6)(17)
(42)	tan(24)
(51)	+ (16)(42)
(56)	cos(51)
(57)	/ (18)(56)
(71)	/ (47)(57)
(36)	abs(18)
(49)	tan(36)
(65)	abs(49)
(87)	+ (65)(7)
(95)	+ (71)(87)
(98)	/ (45)(95)
(35)	v14
(15)	v3
(39)	v21
(41)	- (39)(15)
(107)	+ (41)(35)
(135)	+ (98)(107)
(139)	* (116)(135)
