(20)	3.4411027245003325
(17)	v26
(56)	e(17)
(4)	-6.586464657341512
(9)	tan(4)
(15)	2.239088917601137
(25)	+ (15)(9)
(0)	v27
(3)	v3
(6)	/ (0)(3)
(16)	7.1653389664517135
(37)	- (16)(6)
(66)	* (37)(25)
(70)	/ (56)(66)
(92)	- (70)(20)
(10)	v7
(12)	v12
(14)	- (12)(10)
(32)	- (16)(14)
(1)	v25
(28)	cos(1)
(41)	e(28)
(8)	v14
(21)	+ (8)(16)
(19)	10.512763275860312
(31)	cos(19)
(48)	* (25)(31)
(49)	/ (21)(48)
(53)	/ (41)(49)
(58)	- (53)(25)
(65)	/ (32)(58)
(36)	-2.160177651459257
(43)	v8
(74)	/ (43)(36)
(132)	+ (74)(65)
(139)	- (92)(132)
