(12)	18.26523418816641
(43)	sin(12)
(49)	sin(43)
(2)	-0.08775616668557973
(3)	cos(2)
(4)	+ (3)(3)
(5)	-7.205280854779041
(8)	8.157441977013505
(1)	v21
(6)	v9
(10)	- (1)(6)
(11)	+ (10)(8)
(23)	/ (11)(5)
(24)	+ (23)(4)
(31)	e(24)
(14)	v17
(26)	sin(14)
(37)	cos(26)
(45)	- (37)(31)
(7)	e(6)
(18)	tan(7)
(39)	v19
(40)	* (18)(39)
(42)	cos(40)
(9)	v25
(46)	abs(9)
(47)	v8
(50)	+ (46)(47)
(66)	+ (42)(50)
(69)	/ (66)(45)
(16)	v27
(19)	v12
(97)	- (16)(19)
(102)	- (69)(97)
(104)	* (49)(102)
(41)	3.685398243833994
(72)	abs(10)
(20)	-2.6262395380823236
(75)	v14
(79)	+ (20)(75)
(80)	+ (72)(79)
(114)	/ (80)(41)
(139)	+ (114)(104)
