(29)	8.196454555417638
(50)	tan(29)
(20)	v8
(23)	v12
(33)	- (23)(20)
(52)	v9
(61)	+ (52)(33)
(72)	/ (61)(50)
(0)	v4
(1)	v25
(2)	/ (1)(0)
(4)	cos(2)
(5)	-6.651363450024839
(7)	- (4)(5)
(9)	abs(5)
(36)	- (9)(7)
(44)	- (7)(36)
(49)	-10.912877708297128
(55)	+ (49)(44)
(81)	abs(55)
(95)	v14
(96)	/ (95)(81)
(117)	+ (96)(72)
(19)	v1
(3)	cos(1)
(12)	abs(3)
(16)	v6
(26)	* (12)(16)
(38)	+ (19)(26)
(34)	v21
(45)	- (5)(34)
(99)	* (45)(38)
(6)	v1
(24)	/ (3)(6)
(27)	e(24)
(51)	abs(27)
(62)	- (51)(2)
(60)	15.596796252703314
(18)	6.95994740675183
(8)	tan(0)
(10)	+ (8)(7)
(11)	v16
(21)	/ (11)(10)
(66)	* (18)(21)
(67)	- (66)(60)
(69)	abs(67)
(111)	+ (69)(62)
(132)	/ (99)(111)
(139)	- (117)(132)
