(15)	v6
(8)	-11.367321680632262
(16)	-2.0098608838962626
(17)	- (8)(16)
(27)	/ (15)(17)
(13)	v8
(29)	* (13)(15)
(31)	14.848208065708178
(39)	/ (29)(31)
(52)	+ (39)(27)
(0)	v21
(35)	abs(17)
(2)	v13
(4)	abs(0)
(19)	e(4)
(20)	+ (2)(19)
(5)	v24
(22)	sin(5)
(24)	+ (15)(22)
(28)	+ (20)(24)
(37)	+ (28)(31)
(18)	v8
(3)	v17
(9)	* (5)(3)
(34)	- (18)(9)
(38)	+ (18)(34)
(44)	- (38)(37)
(56)	/ (44)(35)
(1)	v22
(10)	v13
(11)	+ (10)(3)
(12)	+ (11)(5)
(23)	- (12)(18)
(26)	+ (23)(1)
(30)	/ (26)(16)
(79)	+ (30)(0)
(134)	/ (79)(56)
(137)	+ (0)(134)
(139)	+ (52)(137)
