(0)	v1
(1)	v6
(3)	- (1)(0)
(4)	-3.000897346320258
(6)	/ (3)(4)
(7)	4.408579169658786
(8)	+ (6)(7)
(38)	v13
(39)	/ (38)(8)
(12)	v24
(32)	/ (12)(7)
(49)	3.4879059616560184
(2)	v22
(11)	+ (2)(3)
(13)	v17
(19)	tan(13)
(24)	- (11)(19)
(52)	* (24)(32)
(14)	tan(6)
(43)	v20
(55)	+ (14)(43)
(57)	- (52)(55)
(58)	cos(57)
(26)	cos(8)
(53)	+ (26)(2)
(61)	+ (6)(53)
(30)	v8
(27)	v21
(37)	+ (27)(13)
(46)	- (30)(37)
(21)	abs(1)
(36)	11.58349605564155
(48)	+ (21)(36)
(50)	cos(48)
(64)	- (46)(50)
(65)	- (64)(61)
(78)	+ (65)(58)
(99)	/ (78)(49)
(108)	- (32)(99)
(139)	+ (39)(108)
