(14)	2.251625743395934
(2)	v21
(0)	v6
(21)	1.5373819168527092
(26)	e(21)
(50)	/ (26)(0)
(53)	-0.8719438558237549
(58)	/ (53)(50)
(70)	+ (2)(58)
(74)	* (70)(14)
(65)	v27
(32)	-12.477906437152582
(24)	v18
(20)	-9.392259010747601
(33)	cos(20)
(28)	tan(14)
(40)	* (28)(0)
(42)	* (33)(40)
(43)	- (24)(42)
(64)	- (43)(32)
(69)	sin(64)
(84)	+ (65)(69)
(4)	v22
(3)	v24
(5)	v8
(7)	- (3)(5)
(11)	+ (4)(7)
(12)	-8.291307797093914
(13)	sin(12)
(19)	/ (11)(13)
(30)	v4
(46)	- (19)(30)
(9)	v12
(17)	sin(9)
(18)	+ (13)(17)
(6)	sin(2)
(34)	cos(6)
(57)	tan(6)
(68)	+ (57)(34)
(72)	3.302291097445714
(80)	/ (68)(72)
(83)	* (18)(80)
(109)	e(83)
(113)	/ (46)(109)
(115)	- (84)(113)
(128)	+ (74)(115)
(133)	6.474653010923163
(137)	tan(133)
(139)	* (137)(128)
