(0)	-11.425039753175428
(1)	-1.6693233640216434
(9)	/ (1)(0)
(14)	v24
(4)	v17
(2)	v6
(5)	- (0)(2)
(11)	sin(5)
(12)	+ (11)(4)
(19)	* (12)(9)
(23)	+ (19)(14)
(24)	* (23)(9)
(26)	e(19)
(32)	+ (24)(26)
(7)	v21
(13)	e(7)
(21)	- (13)(7)
(22)	v22
(27)	- (21)(22)
(6)	v9
(17)	+ (13)(6)
(25)	-3.7153486439763768
(29)	+ (25)(17)
(66)	- (29)(27)
(20)	v19
(8)	v23
(18)	* (7)(8)
(31)	sin(18)
(41)	+ (31)(29)
(44)	/ (20)(41)
(62)	e(44)
(28)	-6.697649345226736
(37)	- (18)(28)
(3)	v15
(15)	e(14)
(43)	+ (15)(3)
(63)	+ (43)(37)
(68)	/ (63)(5)
(83)	+ (1)(68)
(96)	- (83)(62)
(97)	/ (66)(96)
(139)	- (32)(97)
