(36)	-14.684035004002386
(59)	tan(36)
(47)	v13
(0)	v6
(2)	+ (0)(0)
(10)	v17
(21)	+ (10)(2)
(33)	4.886130568295357
(58)	/ (21)(33)
(100)	+ (47)(58)
(4)	v10
(7)	e(4)
(12)	sin(7)
(9)	3.5391982777977127
(11)	abs(4)
(19)	- (11)(9)
(32)	v16
(66)	+ (19)(32)
(69)	- (12)(66)
(17)	-5.6727884339429835
(29)	v23
(43)	v8
(44)	- (43)(29)
(75)	+ (44)(17)
(78)	/ (75)(69)
(14)	v19
(22)	v17
(31)	- (22)(29)
(48)	- (14)(31)
(5)	v7
(13)	-1.4114876643644294
(15)	v27
(16)	/ (15)(13)
(37)	* (12)(16)
(83)	+ (37)(5)
(91)	- (83)(48)
(123)	/ (91)(78)
(135)	- (100)(123)
(139)	/ (135)(59)
