(8)	v28
(14)	* (8)(8)
(0)	v28
(5)	e(0)
(6)	tan(5)
(13)	abs(6)
(45)	-13.294145820556388
(48)	+ (45)(13)
(19)	v0
(74)	cos(19)
(78)	- (74)(48)
(97)	/ (14)(78)
(31)	-6.699574463972047
(49)	-3.6666223769156403
(46)	v13
(2)	v4
(3)	-3.3281479535493084
(4)	/ (2)(3)
(9)	tan(4)
(16)	v7
(17)	+ (9)(16)
(11)	/ (9)(6)
(18)	v9
(22)	- (11)(18)
(32)	+ (17)(22)
(20)	-2.1149172944678085
(29)	/ (19)(19)
(33)	* (29)(20)
(40)	/ (32)(33)
(58)	v17
(59)	- (58)(40)
(62)	+ (46)(59)
(82)	* (62)(49)
(104)	/ (82)(31)
(139)	- (104)(97)
