(10)	1.541633693330816
(21)	e(10)
(0)	v17
(32)	v13
(36)	+ (0)(32)
(37)	v15
(39)	+ (36)(37)
(8)	v28
(12)	abs(10)
(31)	* (8)(12)
(13)	3.64657114732319
(23)	v1
(44)	* (13)(23)
(52)	+ (44)(31)
(47)	v23
(16)	v17
(40)	- (36)(16)
(54)	* (40)(10)
(57)	+ (47)(54)
(72)	- (52)(57)
(87)	- (39)(72)
(99)	/ (87)(21)
(6)	10.574337028949028
(15)	-1.5805210446991147
(18)	abs(15)
(42)	v5
(48)	* (18)(42)
(55)	/ (48)(6)
(78)	+ (55)(23)
(1)	v14
(2)	v5
(3)	- (1)(2)
(5)	2.7149740850874977
(7)	- (3)(5)
(22)	-2.7992804613170996
(45)	+ (7)(22)
(66)	v4
(90)	/ (66)(45)
(114)	+ (90)(78)
(139)	+ (99)(114)
