(13)	11.447297372191066
(26)	-12.361363791710737
(29)	/ (26)(13)
(28)	11.594528566707012
(33)	sin(28)
(66)	abs(33)
(96)	+ (29)(66)
(20)	v17
(71)	v11
(105)	sin(71)
(113)	+ (20)(105)
(118)	* (113)(96)
(31)	v28
(45)	-4.316815388780011
(47)	tan(45)
(69)	/ (31)(47)
(51)	1.6555775201895955
(23)	v13
(0)	v5
(4)	v15
(5)	+ (4)(0)
(9)	v4
(16)	- (5)(9)
(17)	-3.4208424614790225
(30)	/ (16)(17)
(59)	- (23)(30)
(67)	/ (59)(51)
(1)	v27
(2)	abs(1)
(3)	+ (2)(2)
(50)	v16
(57)	- (23)(50)
(62)	+ (3)(57)
(21)	-1.4801713102677247
(22)	cos(21)
(64)	v18
(70)	* (64)(22)
(73)	* (70)(62)
(87)	+ (67)(73)
(135)	+ (69)(87)
(139)	- (135)(118)
