(4)	v13
(5)	sin(4)
(27)	+ (5)(4)
(33)	3.3535256298926406
(39)	/ (27)(33)
(87)	-4.973972165524536
(62)	v16
(53)	v14
(70)	e(53)
(43)	v15
(50)	v24
(90)	/ (50)(43)
(100)	* (90)(70)
(105)	* (62)(100)
(106)	- (105)(87)
(34)	v23
(10)	v28
(1)	v28
(6)	abs(1)
(8)	- (1)(6)
(0)	-0.32010275217898254
(3)	tan(0)
(7)	* (5)(3)
(11)	* (5)(6)
(13)	/ (11)(7)
(48)	- (13)(8)
(64)	/ (10)(48)
(73)	+ (64)(34)
(102)	v27
(108)	+ (102)(73)
(109)	/ (108)(106)
(124)	+ (39)(109)
(17)	-7.288268291115241
(22)	7.569330771652023
(29)	+ (22)(17)
(12)	v1
(20)	- (1)(12)
(55)	v15
(69)	- (55)(20)
(133)	* (29)(69)
(139)	+ (124)(133)
