(3)	-6.01897243044645
(5)	v15
(10)	- (5)(3)
(2)	v13
(4)	11.373460351959068
(7)	abs(4)
(24)	sin(7)
(1)	v26
(11)	v27
(25)	+ (11)(1)
(32)	* (25)(24)
(8)	/ (7)(3)
(23)	e(8)
(0)	v18
(13)	v28
(16)	- (13)(0)
(17)	+ (16)(1)
(19)	- (0)(17)
(22)	- (19)(10)
(27)	* (16)(22)
(30)	* (27)(23)
(40)	+ (30)(3)
(70)	- (32)(40)
(80)	- (2)(70)
(96)	+ (10)(80)
(38)	-4.4760532411669995
(6)	sin(1)
(35)	* (19)(6)
(28)	sin(0)
(47)	sin(35)
(39)	v5
(41)	abs(39)
(46)	-17.199132561220306
(48)	+ (41)(46)
(69)	- (48)(47)
(81)	+ (28)(69)
(88)	+ (35)(81)
(97)	/ (38)(88)
(139)	* (97)(96)
