(1)	-13.64816783820785
(0)	v9
(3)	/ (0)(1)
(4)	v12
(5)	+ (4)(3)
(13)	/ (1)(5)
(26)	v5
(14)	v17
(30)	abs(14)
(33)	- (30)(26)
(40)	/ (33)(13)
(18)	4.501643021332438
(2)	/ (1)(0)
(15)	- (14)(2)
(20)	cos(15)
(31)	/ (20)(18)
(16)	v28
(25)	v1
(27)	v22
(29)	+ (25)(27)
(37)	+ (29)(16)
(38)	+ (37)(31)
(39)	- (38)(20)
(17)	+ (16)(14)
(35)	+ (17)(26)
(6)	v6
(7)	- (0)(4)
(8)	- (7)(6)
(11)	e(8)
(19)	v8
(32)	+ (19)(11)
(36)	cos(32)
(42)	- (35)(36)
(47)	- (42)(5)
(69)	+ (39)(47)
(84)	/ (69)(18)
(139)	+ (40)(84)
