(50)	-1.3290257563354118
(82)	e(50)
(9)	v22
(8)	v7
(12)	+ (8)(9)
(28)	+ (9)(12)
(0)	v14
(1)	v15
(4)	+ (1)(0)
(14)	v24
(21)	+ (4)(14)
(30)	-10.763714742103897
(40)	- (30)(21)
(35)	-5.274215125642101
(11)	v10
(17)	cos(11)
(15)	v5
(16)	v7
(18)	* (16)(15)
(22)	- (17)(18)
(32)	cos(18)
(38)	+ (22)(32)
(42)	+ (35)(38)
(47)	/ (40)(42)
(2)	v25
(7)	- (2)(4)
(13)	+ (9)(7)
(3)	sin(0)
(5)	+ (0)(3)
(6)	/ (5)(0)
(10)	* (6)(8)
(20)	* (17)(10)
(39)	* (11)(20)
(51)	- (42)(39)
(58)	/ (13)(51)
(19)	v17
(24)	v22
(36)	/ (24)(6)
(69)	- (19)(36)
(71)	+ (58)(69)
(81)	* (71)(47)
(90)	+ (81)(28)
(139)	* (82)(90)
