(5)	v28
(6)	12.152643188023191
(16)	- (5)(6)
(2)	19.909484563103128
(0)	v7
(4)	v1
(9)	+ (0)(4)
(19)	+ (9)(2)
(21)	+ (19)(16)
(74)	v5
(41)	5.182086449094655
(43)	v18
(45)	- (41)(43)
(13)	v22
(78)	sin(13)
(81)	e(78)
(82)	+ (45)(81)
(89)	+ (74)(82)
(93)	/ (21)(89)
(1)	2.1780443957349007
(18)	v26
(36)	v14
(39)	- (36)(18)
(50)	- (6)(39)
(3)	v17
(8)	cos(0)
(11)	tan(8)
(24)	- (11)(1)
(30)	/ (3)(24)
(52)	- (3)(30)
(64)	- (50)(52)
(76)	-5.423513522184265
(83)	/ (64)(76)
(94)	cos(83)
(103)	* (94)(1)
(139)	+ (93)(103)
