(5)	3.967645911243199
(25)	v15
(67)	/ (25)(5)
(1)	-7.125621846310764
(6)	e(1)
(7)	v21
(21)	+ (7)(6)
(29)	v9
(57)	+ (21)(29)
(8)	4.499071751897365
(10)	v1
(12)	cos(7)
(22)	- (10)(12)
(26)	- (8)(22)
(4)	v28
(15)	v12
(48)	- (15)(4)
(54)	v0
(64)	- (54)(48)
(70)	/ (64)(26)
(71)	+ (70)(57)
(86)	+ (71)(67)
(2)	v26
(16)	sin(2)
(11)	16.748514967816078
(17)	cos(10)
(18)	tan(17)
(27)	sin(18)
(28)	- (11)(27)
(39)	- (28)(6)
(45)	- (39)(16)
(0)	v7
(19)	v20
(24)	+ (19)(0)
(46)	abs(24)
(52)	-14.196804725700263
(62)	+ (52)(46)
(77)	/ (62)(45)
(95)	* (57)(77)
(139)	+ (86)(95)
