(31)	v1
(6)	4.22992688074611
(32)	e(6)
(62)	- (32)(31)
(3)	19.556814790969327
(11)	v24
(69)	+ (3)(11)
(125)	/ (69)(62)
(38)	v21
(5)	v5
(4)	v19
(13)	v1
(14)	+ (13)(4)
(27)	2.374626622085806
(33)	/ (14)(27)
(43)	v4
(7)	sin(3)
(10)	v16
(12)	- (7)(10)
(19)	v2
(20)	+ (12)(19)
(21)	1.6648053326132413
(35)	/ (20)(21)
(16)	v27
(18)	tan(11)
(22)	+ (18)(7)
(24)	- (22)(16)
(42)	cos(24)
(36)	sin(13)
(49)	v14
(51)	- (49)(36)
(55)	+ (51)(42)
(56)	* (55)(35)
(59)	- (56)(43)
(71)	- (59)(33)
(73)	- (5)(71)
(128)	+ (38)(73)
(139)	* (128)(125)
