(6)	v4
(14)	v21
(25)	+ (6)(14)
(7)	v2
(31)	cos(7)
(44)	+ (25)(31)
(4)	v11
(35)	sin(4)
(0)	v14
(1)	-5.419307230013262
(3)	/ (0)(1)
(13)	tan(3)
(33)	cos(13)
(34)	tan(33)
(38)	-2.628229357680965
(48)	- (34)(38)
(55)	- (35)(48)
(62)	/ (44)(55)
(16)	v27
(26)	+ (1)(16)
(8)	e(3)
(12)	v12
(19)	- (8)(12)
(32)	e(19)
(66)	- (32)(38)
(75)	/ (26)(66)
(47)	v16
(67)	e(47)
(77)	v9
(83)	sin(77)
(90)	cos(83)
(94)	+ (67)(90)
(118)	/ (75)(94)
(58)	-3.6543212512150802
(37)	/ (1)(12)
(59)	cos(37)
(64)	e(59)
(69)	- (64)(58)
(10)	v1
(20)	sin(10)
(46)	v22
(51)	+ (20)(46)
(30)	v5
(56)	-1.4657271867384125
(57)	- (30)(56)
(82)	+ (51)(57)
(127)	/ (82)(69)
(135)	+ (127)(118)
(139)	- (135)(62)
