(24)	6.099983158165209
(53)	2.3636331660544343
(29)	v28
(1)	v17
(0)	v17
(4)	* (0)(1)
(18)	/ (4)(1)
(21)	v1
(41)	+ (18)(21)
(56)	+ (29)(41)
(58)	* (53)(56)
(76)	/ (58)(24)
(34)	-4.665429438610666
(64)	cos(34)
(22)	v21
(33)	5.238931416217625
(84)	/ (22)(33)
(89)	+ (64)(84)
(118)	+ (89)(76)
(3)	+ (1)(0)
(6)	10.568702281074657
(9)	+ (6)(3)
(5)	v24
(11)	-3.692120893461741
(17)	- (11)(5)
(23)	abs(17)
(25)	/ (9)(23)
(42)	+ (4)(33)
(20)	1.0160688036235044
(36)	- (17)(4)
(38)	/ (36)(20)
(44)	v26
(46)	/ (44)(38)
(8)	v4
(13)	/ (11)(8)
(14)	v7
(28)	cos(14)
(15)	v1
(26)	v4
(31)	* (26)(15)
(43)	abs(31)
(60)	+ (28)(43)
(74)	/ (60)(13)
(86)	+ (74)(46)
(90)	/ (86)(42)
(135)	* (90)(25)
(139)	+ (118)(135)
