(21)	-16.17882191519145
(43)	tan(21)
(33)	v17
(0)	v28
(2)	v7
(9)	- (0)(2)
(12)	2.594667588661281
(18)	v26
(25)	- (18)(0)
(29)	/ (25)(12)
(37)	+ (29)(9)
(51)	- (33)(37)
(59)	* (51)(43)
(11)	v25
(16)	-4.529086520884164
(50)	/ (11)(16)
(1)	v24
(4)	+ (2)(1)
(5)	cos(0)
(13)	* (4)(5)
(22)	v1
(30)	- (22)(13)
(28)	4.893282900677669
(15)	v26
(7)	2.1179703703998243
(14)	/ (7)(9)
(17)	5.513737754989574
(35)	+ (12)(17)
(65)	/ (14)(35)
(66)	sin(65)
(67)	- (15)(66)
(73)	+ (67)(28)
(78)	/ (30)(73)
(6)	v17
(10)	sin(6)
(19)	/ (17)(10)
(32)	/ (10)(19)
(3)	sin(0)
(23)	3.0708314807612247
(38)	- (23)(3)
(57)	+ (32)(38)
(80)	sin(57)
(118)	+ (78)(80)
(132)	+ (50)(118)
(139)	- (132)(59)
