(15)	3.3524969016810786
(3)	v1
(5)	v17
(9)	+ (3)(5)
(21)	v26
(23)	- (21)(9)
(52)	/ (23)(15)
(25)	v21
(12)	v28
(30)	/ (12)(15)
(68)	+ (30)(25)
(24)	11.67507180998416
(29)	tan(24)
(32)	abs(5)
(0)	4.072952913916808
(4)	v13
(11)	+ (0)(4)
(34)	/ (21)(11)
(36)	sin(34)
(38)	* (36)(32)
(14)	v25
(22)	/ (14)(11)
(27)	+ (22)(25)
(18)	v7
(42)	sin(15)
(13)	v2
(31)	cos(13)
(8)	cos(0)
(37)	-6.0912346310321865
(39)	/ (8)(37)
(40)	abs(39)
(48)	* (40)(31)
(49)	- (48)(42)
(51)	* (18)(49)
(55)	- (27)(51)
(58)	- (55)(38)
(72)	/ (58)(29)
(101)	+ (72)(68)
(139)	- (101)(52)
