(3)	v17
(5)	v24
(10)	+ (5)(3)
(0)	3.960165398845824
(11)	tan(0)
(20)	tan(11)
(22)	/ (0)(20)
(51)	/ (10)(22)
(1)	v28
(9)	- (5)(1)
(16)	sin(1)
(28)	- (16)(22)
(43)	-0.25785888879397945
(53)	- (0)(43)
(71)	/ (53)(28)
(85)	/ (9)(71)
(88)	e(85)
(17)	v4
(2)	tan(0)
(6)	+ (0)(2)
(23)	v1
(25)	- (23)(6)
(36)	- (25)(17)
(19)	-13.936523307344446
(26)	tan(19)
(13)	+ (0)(1)
(38)	/ (1)(13)
(44)	- (26)(38)
(32)	tan(11)
(14)	v14
(33)	v7
(4)	-16.50677995857636
(39)	- (4)(23)
(40)	- (39)(33)
(45)	+ (40)(14)
(7)	v25
(18)	v21
(21)	- (18)(7)
(50)	e(21)
(55)	- (50)(45)
(91)	/ (55)(32)
(93)	+ (44)(91)
(119)	/ (36)(93)
(120)	+ (119)(88)
(139)	+ (51)(120)
