(1)	v17
(5)	2.6011272256212656
(12)	/ (5)(1)
(10)	-0.2685438998783525
(14)	v7
(53)	- (10)(14)
(64)	sin(53)
(72)	cos(64)
(86)	/ (72)(12)
(30)	-4.255348597881667
(3)	-13.469241027926518
(9)	sin(3)
(19)	v8
(23)	+ (19)(14)
(24)	+ (9)(23)
(18)	v6
(22)	v3
(27)	- (22)(18)
(36)	- (24)(27)
(38)	/ (36)(30)
(15)	18.197661933723552
(7)	v24
(8)	- (7)(1)
(28)	- (5)(8)
(32)	- (15)(28)
(0)	15.644228022320242
(26)	v13
(29)	-4.784977125859626
(31)	* (26)(29)
(33)	- (0)(31)
(40)	/ (33)(32)
(63)	- (40)(38)
(4)	sin(1)
(6)	- (4)(0)
(43)	v10
(48)	- (6)(43)
(50)	cos(48)
(21)	v28
(39)	- (26)(21)
(60)	cos(39)
(61)	* (50)(60)
(74)	cos(61)
(87)	- (63)(74)
(139)	+ (86)(87)
