(24)	16.142949864490035
(0)	v9
(1)	v6
(3)	- (0)(1)
(2)	v22
(4)	v13
(5)	+ (2)(4)
(7)	+ (5)(1)
(8)	cos(7)
(13)	e(8)
(17)	+ (3)(13)
(21)	4.430519544116272
(26)	+ (17)(21)
(30)	- (26)(24)
(20)	v11
(32)	cos(20)
(37)	e(32)
(39)	+ (37)(30)
(6)	/ (1)(1)
(10)	+ (6)(4)
(18)	-8.95213175825603
(34)	/ (18)(10)
(45)	/ (21)(34)
(58)	* (39)(45)
(9)	v21
(22)	abs(9)
(15)	v23
(29)	abs(15)
(52)	7.629649665796098
(68)	+ (29)(52)
(84)	+ (68)(22)
(116)	/ (58)(84)
(27)	tan(21)
(31)	/ (26)(27)
(38)	v3
(48)	+ (38)(31)
(35)	v8
(11)	v7
(16)	v17
(40)	+ (16)(11)
(49)	+ (40)(35)
(59)	- (48)(49)
(54)	13.855815902214282
(93)	cos(54)
(134)	* (59)(93)
(139)	- (116)(134)
