(5)	v15
(2)	v27
(6)	v28
(7)	- (2)(6)
(12)	cos(7)
(16)	cos(12)
(22)	* (16)(2)
(19)	v16
(31)	sin(19)
(50)	- (22)(31)
(0)	v17
(8)	sin(0)
(3)	+ (0)(0)
(26)	v13
(48)	+ (3)(26)
(60)	+ (48)(8)
(78)	+ (50)(60)
(128)	+ (78)(5)
(55)	-3.2799644424864205
(57)	v12
(88)	/ (57)(55)
(58)	4.853118178592744
(9)	v0
(10)	v0
(18)	6.414204236561169
(23)	+ (18)(10)
(32)	+ (9)(23)
(59)	13.004078780599436
(45)	abs(26)
(1)	v4
(56)	* (10)(1)
(61)	+ (45)(56)
(62)	+ (59)(61)
(67)	+ (32)(62)
(79)	/ (67)(58)
(134)	abs(79)
(135)	+ (134)(88)
(139)	/ (128)(135)
