(5)	-7.196347810577667
(40)	e(5)
(110)	0.2537585871217338
(22)	tan(5)
(1)	-7.520892650378364
(18)	v17
(24)	* (18)(1)
(46)	- (24)(22)
(7)	v4
(48)	v11
(53)	e(48)
(67)	+ (7)(53)
(47)	v23
(51)	19.592682106056763
(69)	- (51)(47)
(85)	- (67)(69)
(87)	* (85)(46)
(9)	v20
(30)	cos(9)
(8)	tan(5)
(36)	* (8)(18)
(45)	sin(36)
(55)	- (45)(30)
(4)	6.874406331571571
(13)	v12
(21)	- (5)(13)
(34)	- (13)(21)
(52)	* (34)(4)
(66)	* (47)(52)
(73)	- (69)(66)
(76)	+ (51)(73)
(92)	* (76)(55)
(0)	v15
(3)	v13
(6)	+ (0)(3)
(10)	v27
(11)	+ (6)(10)
(14)	v0
(15)	- (11)(14)
(19)	+ (15)(6)
(32)	5.124740733973088
(42)	* (32)(13)
(64)	+ (52)(42)
(94)	* (19)(64)
(105)	- (94)(92)
(120)	+ (105)(87)
(132)	/ (120)(110)
(139)	* (40)(132)
