(13)	2.6237311194390145
(27)	-6.464568259991189
(53)	/ (27)(13)
(5)	v21
(11)	tan(5)
(18)	cos(11)
(8)	v15
(23)	tan(18)
(25)	/ (8)(23)
(35)	* (25)(18)
(20)	- (18)(13)
(12)	v26
(21)	sin(18)
(31)	* (21)(12)
(32)	/ (31)(20)
(16)	v17
(17)	-8.041692862544556
(22)	v25
(26)	- (22)(17)
(34)	cos(26)
(37)	- (16)(34)
(51)	+ (32)(37)
(14)	-1.7675975195567233
(1)	v13
(4)	v9
(6)	- (4)(1)
(15)	sin(4)
(36)	+ (6)(15)
(58)	/ (36)(14)
(60)	- (51)(58)
(63)	+ (35)(60)
(19)	v23
(55)	e(19)
(67)	-5.245252387397477
(68)	- (67)(55)
(87)	/ (68)(63)
(139)	/ (53)(87)
