(4)	-1.770684350079506
(5)	-2.9647341629071917
(6)	v24
(7)	/ (6)(5)
(16)	v20
(25)	* (16)(7)
(0)	v23
(18)	v26
(26)	+ (0)(18)
(29)	- (26)(25)
(10)	v5
(13)	v13
(32)	- (13)(10)
(33)	+ (29)(32)
(50)	/ (33)(4)
(75)	v20
(2)	v25
(15)	- (7)(2)
(46)	sin(15)
(19)	v9
(54)	v15
(68)	+ (54)(19)
(87)	- (68)(46)
(110)	+ (75)(87)
(112)	+ (50)(110)
(8)	18.42499269458932
(22)	* (16)(8)
(23)	sin(22)
(35)	+ (5)(23)
(36)	/ (0)(35)
(56)	- (36)(5)
(28)	8.443332836224648
(21)	sin(2)
(27)	v25
(30)	+ (27)(21)
(31)	- (30)(28)
(34)	abs(18)
(63)	- (34)(31)
(82)	/ (56)(63)
(117)	sin(82)
(139)	* (117)(112)
