(5)	5.398713823806656
(8)	v3
(10)	- (5)(8)
(3)	v24
(6)	cos(3)
(12)	tan(6)
(22)	/ (12)(10)
(1)	v26
(2)	v25
(26)	- (2)(1)
(48)	* (22)(26)
(19)	v14
(0)	v20
(4)	abs(0)
(20)	* (2)(4)
(21)	sin(20)
(23)	+ (21)(19)
(43)	-5.175224033665668
(51)	- (43)(23)
(28)	v24
(16)	v13
(18)	v9
(37)	- (18)(16)
(68)	+ (28)(37)
(78)	/ (68)(51)
(39)	sin(10)
(74)	+ (39)(5)
(13)	e(4)
(15)	- (13)(0)
(29)	* (15)(15)
(33)	/ (19)(29)
(38)	v5
(49)	+ (38)(33)
(31)	-2.6891136839066476
(32)	v23
(44)	/ (32)(29)
(52)	v15
(59)	- (44)(52)
(71)	* (59)(31)
(88)	+ (49)(71)
(94)	/ (88)(74)
(122)	- (78)(94)
(139)	- (48)(122)
