(13)	-3.1647300081274743
(38)	sin(13)
(21)	12.488273156751937
(8)	v18
(11)	cos(8)
(2)	v23
(3)	v13
(6)	+ (3)(2)
(14)	- (2)(6)
(23)	- (11)(14)
(43)	+ (21)(23)
(4)	v1
(28)	1.2917469631415415
(78)	* (28)(4)
(83)	- (43)(78)
(122)	* (38)(83)
(51)	v9
(17)	v17
(36)	v15
(63)	+ (17)(36)
(27)	v21
(1)	v15
(7)	v5
(10)	- (7)(1)
(29)	- (7)(8)
(35)	+ (29)(10)
(42)	sin(35)
(5)	v25
(22)	v26
(47)	+ (6)(22)
(50)	- (5)(47)
(55)	+ (50)(42)
(69)	+ (27)(55)
(57)	v16
(73)	cos(57)
(79)	* (69)(73)
(87)	+ (63)(79)
(137)	+ (51)(87)
(139)	* (137)(122)
