(28)	v4
(22)	-5.85595475906195
(7)	v19
(11)	e(7)
(1)	v9
(2)	v15
(3)	- (1)(2)
(9)	sin(3)
(17)	/ (11)(9)
(23)	/ (17)(11)
(31)	cos(23)
(40)	- (31)(22)
(50)	v24
(51)	+ (40)(50)
(15)	tan(1)
(20)	4.627577844113183
(26)	+ (20)(15)
(27)	sin(26)
(57)	cos(27)
(62)	* (57)(51)
(72)	/ (28)(62)
(0)	v3
(5)	3.0545222351136516
(34)	/ (0)(5)
(8)	15.053565781097156
(54)	cos(8)
(60)	* (34)(54)
(10)	v13
(18)	- (10)(3)
(21)	8.593607568480884
(25)	- (21)(11)
(36)	/ (18)(25)
(73)	- (2)(36)
(84)	+ (60)(73)
(32)	v25
(56)	+ (32)(9)
(16)	v16
(19)	e(16)
(39)	e(19)
(78)	+ (51)(39)
(6)	2.4703478896661295
(33)	v15
(79)	+ (6)(33)
(93)	/ (79)(78)
(122)	* (56)(93)
(137)	+ (122)(84)
(139)	+ (72)(137)
