(61)	v1
(69)	e(61)
(79)	3.2395902334906026
(94)	+ (69)(79)
(11)	v5
(29)	v20
(56)	+ (29)(11)
(50)	v21
(26)	5.251002086977856
(13)	v2
(34)	cos(13)
(43)	sin(34)
(55)	+ (43)(26)
(64)	- (50)(55)
(65)	+ (64)(56)
(1)	5.7789337401552
(3)	v24
(8)	+ (3)(1)
(21)	v19
(25)	+ (8)(21)
(63)	v11
(71)	/ (63)(25)
(77)	+ (71)(65)
(82)	abs(77)
(0)	v16
(2)	- (1)(0)
(4)	v22
(30)	abs(4)
(32)	+ (30)(4)
(33)	- (4)(32)
(37)	+ (2)(33)
(59)	- (37)(25)
(90)	cos(59)
(96)	- (82)(90)
(109)	/ (96)(94)
(10)	19.438804507643034
(28)	cos(10)
(38)	e(28)
(12)	e(3)
(14)	abs(12)
(17)	cos(14)
(35)	abs(17)
(51)	sin(35)
(52)	- (51)(38)
(68)	/ (52)(64)
(124)	e(68)
(139)	- (124)(109)
