(7)	-8.751374187015074
(10)	v1
(13)	- (7)(10)
(0)	v20
(8)	e(0)
(11)	sin(8)
(20)	sin(11)
(26)	+ (13)(20)
(1)	v16
(4)	+ (1)(0)
(16)	v2
(17)	/ (4)(16)
(34)	cos(17)
(43)	- (34)(26)
(52)	v21
(58)	+ (43)(52)
(67)	abs(58)
(69)	-4.28675684094118
(76)	/ (67)(69)
(5)	11.526188615826275
(47)	tan(5)
(25)	v5
(32)	8.792872806439345
(49)	/ (32)(25)
(59)	/ (47)(49)
(84)	e(59)
(18)	6.959380053550802
(12)	v17
(23)	e(12)
(56)	+ (23)(18)
(6)	cos(4)
(22)	v9
(24)	+ (6)(22)
(15)	-1.6651947054454475
(35)	/ (8)(15)
(38)	- (35)(24)
(57)	- (7)(38)
(61)	/ (57)(56)
(21)	14.97636565837891
(44)	7.072732671925198
(51)	- (44)(21)
(64)	v7
(70)	/ (64)(51)
(100)	- (61)(70)
(118)	- (100)(84)
(139)	- (118)(76)
