(6)	v5
(0)	9.207917292341186
(1)	v10
(2)	/ (1)(0)
(11)	e(2)
(14)	sin(11)
(16)	e(14)
(19)	/ (6)(16)
(24)	v7
(28)	/ (24)(0)
(22)	sin(14)
(33)	e(22)
(35)	- (33)(28)
(36)	v17
(39)	/ (36)(35)
(12)	v2
(30)	-3.8641942499291275
(43)	v19
(49)	- (43)(30)
(50)	/ (12)(49)
(70)	- (39)(50)
(4)	v9
(8)	v22
(9)	+ (8)(4)
(10)	4.655765736066108
(32)	* (10)(9)
(15)	v26
(20)	e(15)
(21)	tan(20)
(3)	-5.017380228401249
(31)	+ (12)(3)
(41)	- (31)(35)
(42)	/ (41)(21)
(25)	+ (16)(15)
(56)	e(25)
(69)	- (42)(56)
(90)	/ (32)(69)
(109)	- (70)(90)
(139)	+ (109)(19)
