(0)	v27
(1)	v17
(3)	- (1)(0)
(6)	v5
(9)	v21
(16)	v1
(22)	+ (9)(16)
(28)	+ (22)(6)
(34)	+ (3)(28)
(17)	5.804187664735299
(19)	sin(3)
(71)	- (17)(19)
(39)	16.92055785923265
(51)	v2
(57)	+ (51)(39)
(47)	v24
(5)	v22
(10)	abs(5)
(11)	+ (10)(9)
(21)	+ (0)(11)
(25)	sin(21)
(32)	4.802448399536928
(54)	- (32)(25)
(64)	- (47)(54)
(30)	v12
(55)	sin(30)
(69)	+ (55)(30)
(73)	- (69)(64)
(81)	/ (57)(73)
(106)	/ (81)(71)
(36)	abs(16)
(37)	abs(36)
(40)	9.70500131988193
(46)	- (40)(10)
(78)	+ (37)(46)
(124)	/ (78)(32)
(135)	/ (106)(124)
(139)	* (135)(34)
