(7)	v17
(16)	sin(7)
(17)	v2
(4)	9.453061303478833
(9)	13.625720078200779
(10)	- (9)(4)
(14)	v12
(23)	+ (14)(10)
(34)	- (23)(17)
(38)	/ (16)(34)
(15)	v1
(26)	v22
(39)	+ (26)(15)
(47)	2.889261327890509
(25)	v23
(50)	- (4)(7)
(56)	+ (50)(25)
(58)	/ (47)(56)
(62)	sin(58)
(69)	* (39)(62)
(103)	+ (38)(69)
(3)	v27
(0)	v15
(6)	v5
(8)	+ (6)(0)
(11)	- (8)(3)
(19)	v6
(21)	v21
(22)	- (19)(21)
(28)	sin(22)
(42)	sin(28)
(46)	- (11)(42)
(1)	-3.586956930128032
(2)	/ (0)(1)
(74)	+ (2)(34)
(123)	/ (46)(74)
(139)	+ (103)(123)
