(16)	5.499373815906893
(0)	v21
(1)	v4
(20)	+ (0)(1)
(29)	/ (20)(16)
(4)	v1
(6)	- (0)(1)
(10)	* (6)(4)
(13)	abs(10)
(97)	-8.000199417687387
(119)	/ (13)(97)
(120)	e(119)
(34)	v5
(47)	v17
(69)	+ (47)(34)
(37)	v15
(43)	v22
(8)	v8
(18)	v27
(17)	v9
(14)	cos(6)
(22)	sin(14)
(27)	* (17)(22)
(36)	- (18)(27)
(44)	+ (8)(36)
(46)	- (43)(44)
(64)	+ (46)(4)
(70)	+ (64)(37)
(76)	+ (70)(69)
(3)	v19
(12)	v2
(15)	/ (12)(3)
(38)	sin(15)
(52)	-4.054352160520004
(106)	- (38)(52)
(121)	/ (76)(106)
(124)	* (121)(120)
(139)	+ (29)(124)
