(8)	v25
(32)	v19
(38)	+ (32)(8)
(0)	v21
(7)	cos(0)
(24)	v3
(6)	v26
(13)	cos(6)
(19)	v24
(26)	+ (19)(13)
(43)	- (24)(26)
(46)	+ (43)(7)
(47)	- (38)(46)
(60)	-4.945266236860938
(14)	sin(0)
(18)	sin(8)
(21)	- (14)(7)
(31)	* (21)(18)
(35)	tan(31)
(12)	v19
(29)	cos(12)
(11)	v17
(16)	sin(11)
(1)	v8
(2)	- (0)(1)
(15)	-3.715584898311196
(22)	- (2)(15)
(34)	- (22)(16)
(37)	+ (29)(34)
(51)	+ (37)(35)
(61)	* (51)(14)
(66)	/ (61)(47)
(94)	+ (66)(60)
(3)	v3
(49)	abs(3)
(56)	+ (49)(18)
(4)	* (2)(0)
(5)	- (3)(4)
(27)	-12.652697427565434
(30)	- (21)(27)
(39)	+ (32)(30)
(20)	+ (19)(14)
(53)	v20
(65)	+ (20)(53)
(71)	- (65)(39)
(77)	- (71)(5)
(101)	+ (77)(56)
(127)	/ (94)(101)
(139)	* (47)(127)
