(13)	-1.0523926047074355
(1)	v25
(2)	- (1)(1)
(9)	v19
(24)	- (2)(9)
(15)	-7.168549651905751
(5)	v13
(33)	+ (5)(15)
(41)	/ (15)(33)
(8)	v3
(16)	v24
(20)	- (8)(16)
(0)	-1.1641683693814926
(4)	/ (1)(0)
(6)	sin(4)
(31)	tan(0)
(39)	+ (31)(6)
(64)	+ (20)(39)
(79)	/ (64)(41)
(113)	+ (79)(24)
(46)	1.6175431739642185
(26)	sin(4)
(3)	v21
(10)	+ (3)(3)
(17)	sin(10)
(18)	sin(17)
(11)	v26
(12)	* (8)(8)
(28)	- (12)(11)
(35)	- (18)(28)
(45)	+ (35)(26)
(57)	v0
(68)	- (45)(57)
(69)	e(68)
(130)	+ (46)(69)
(132)	/ (113)(130)
(139)	- (13)(132)
