(1)	7.665238408173813
(2)	sin(1)
(0)	v26
(3)	/ (0)(1)
(5)	+ (3)(3)
(6)	+ (5)(2)
(7)	- (2)(6)
(4)	v24
(8)	* (6)(5)
(12)	- (4)(8)
(13)	v3
(20)	- (13)(12)
(24)	- (7)(20)
(45)	sin(4)
(69)	- (1)(45)
(25)	v25
(73)	abs(25)
(100)	- (73)(69)
(126)	- (24)(100)
(19)	sin(8)
(106)	e(19)
(17)	-10.755155362446857
(23)	/ (20)(17)
(18)	v25
(26)	v19
(31)	+ (18)(26)
(10)	v23
(11)	/ (8)(10)
(9)	e(0)
(14)	+ (12)(9)
(16)	/ (11)(14)
(21)	v20
(30)	+ (21)(16)
(40)	-15.412014850407338
(43)	- (40)(14)
(54)	+ (30)(43)
(79)	/ (31)(54)
(114)	- (23)(79)
(138)	* (114)(106)
(139)	* (126)(138)
