(6)	v25
(0)	v21
(8)	sin(0)
(24)	sin(8)
(25)	* (8)(24)
(13)	12.79992640112328
(19)	tan(13)
(12)	v26
(32)	e(12)
(33)	abs(32)
(34)	* (33)(19)
(38)	- (25)(34)
(40)	+ (38)(6)
(5)	v3
(41)	cos(5)
(48)	cos(41)
(49)	* (40)(48)
(21)	v24
(22)	sin(0)
(2)	v19
(1)	-7.136102766683914
(3)	sin(1)
(4)	- (3)(2)
(7)	+ (4)(5)
(9)	v27
(11)	* (1)(9)
(16)	- (7)(11)
(17)	/ (16)(7)
(23)	sin(17)
(29)	cos(23)
(52)	* (29)(22)
(20)	cos(3)
(51)	* (20)(5)
(55)	cos(51)
(65)	+ (55)(7)
(66)	+ (52)(65)
(105)	- (21)(66)
(121)	+ (105)(49)
(124)	e(3)
(139)	* (121)(124)
