(14)	v19
(5)	1.7342728859195091
(9)	14.600943753997939
(19)	sin(9)
(38)	/ (19)(5)
(41)	* (38)(14)
(8)	8.179225590017971
(0)	v10
(4)	v5
(6)	* (0)(4)
(11)	8.244512841247726
(27)	+ (6)(11)
(32)	/ (27)(8)
(3)	v24
(13)	+ (4)(0)
(20)	/ (13)(8)
(26)	- (3)(20)
(35)	/ (26)(5)
(43)	/ (35)(32)
(60)	+ (43)(41)
(18)	v3
(10)	cos(9)
(25)	v16
(1)	v23
(29)	sin(1)
(31)	+ (25)(29)
(39)	* (10)(31)
(50)	+ (18)(39)
(16)	+ (0)(5)
(17)	15.78927107818074
(34)	* (16)(17)
(46)	sin(34)
(55)	cos(46)
(135)	* (55)(50)
(139)	- (60)(135)
