(20)	v0
(1)	v16
(5)	e(1)
(13)	tan(5)
(24)	9.10020784278204
(39)	+ (24)(13)
(41)	/ (20)(39)
(31)	1.595219301782457
(34)	v3
(7)	v6
(0)	v26
(9)	- (1)(0)
(18)	+ (9)(7)
(19)	v15
(4)	e(0)
(12)	sin(4)
(10)	-3.3631175750751723
(17)	v25
(21)	- (17)(10)
(36)	+ (21)(12)
(37)	- (36)(19)
(40)	+ (37)(18)
(44)	- (40)(34)
(56)	/ (44)(31)
(65)	+ (41)(56)
(83)	-0.844502159760868
(2)	v19
(30)	v24
(63)	- (30)(40)
(79)	+ (63)(2)
(23)	7.460061506785529
(92)	tan(23)
(109)	/ (79)(92)
(112)	+ (109)(83)
(139)	+ (65)(112)
