(7)	v19
(1)	v25
(2)	-2.369356412681981
(9)	/ (1)(2)
(12)	- (9)(7)
(18)	v24
(19)	- (12)(18)
(0)	v21
(5)	sin(0)
(8)	/ (5)(2)
(10)	v3
(21)	- (8)(10)
(31)	- (19)(21)
(4)	-10.958485693659616
(3)	cos(0)
(13)	e(3)
(20)	v0
(36)	- (13)(20)
(46)	/ (36)(4)
(64)	v26
(88)	* (46)(64)
(90)	- (88)(31)
(22)	cos(20)
(17)	v3
(27)	* (22)(17)
(34)	+ (27)(22)
(33)	v26
(42)	7.70803673957402
(43)	tan(42)
(50)	+ (43)(33)
(54)	- (34)(50)
(6)	v15
(16)	- (5)(6)
(37)	+ (16)(20)
(44)	- (8)(1)
(51)	+ (44)(37)
(56)	v11
(58)	- (51)(56)
(84)	+ (58)(4)
(103)	/ (84)(54)
(139)	/ (90)(103)
