(3)	v25
(0)	-7.873614434942908
(8)	tan(0)
(10)	cos(8)
(11)	+ (10)(3)
(13)	3.358535469800149
(16)	/ (11)(13)
(24)	e(16)
(31)	v3
(23)	-4.067442251971105
(54)	v19
(63)	- (23)(54)
(17)	- (0)(13)
(2)	v3
(4)	v26
(5)	/ (0)(4)
(6)	/ (3)(5)
(7)	* (4)(6)
(14)	+ (7)(2)
(15)	* (14)(10)
(21)	abs(15)
(53)	- (21)(23)
(66)	+ (53)(17)
(69)	/ (66)(63)
(78)	+ (69)(31)
(41)	abs(16)
(44)	cos(41)
(70)	v24
(80)	* (70)(44)
(105)	- (80)(78)
(28)	v24
(57)	abs(28)
(27)	4.598782369663148
(9)	v26
(19)	* (9)(16)
(36)	e(19)
(42)	* (27)(36)
(26)	e(7)
(50)	/ (19)(26)
(71)	cos(50)
(81)	+ (71)(42)
(97)	+ (81)(15)
(107)	+ (97)(57)
(39)	v8
(47)	e(36)
(60)	cos(47)
(65)	+ (60)(39)
(12)	v22
(77)	abs(12)
(86)	* (77)(65)
(49)	v7
(59)	v4
(79)	* (49)(59)
(95)	- (79)(36)
(103)	- (95)(86)
(118)	- (42)(103)
(123)	/ (107)(118)
(128)	/ (105)(123)
(139)	+ (24)(128)
