(28)	v6
(7)	v21
(18)	v17
(19)	-0.18369956147219568
(34)	+ (19)(18)
(35)	- (34)(7)
(39)	* (35)(28)
(11)	v8
(27)	-6.780116565313147
(40)	+ (27)(11)
(41)	/ (39)(40)
(42)	5.550964215396796
(20)	v20
(53)	cos(20)
(56)	+ (35)(18)
(61)	+ (56)(53)
(2)	v15
(4)	v27
(5)	- (4)(2)
(30)	sin(5)
(1)	v20
(3)	v22
(6)	v7
(12)	* (6)(3)
(55)	+ (1)(12)
(60)	+ (55)(30)
(70)	- (60)(28)
(80)	+ (61)(70)
(85)	/ (80)(42)
(112)	+ (41)(85)
(15)	15.974525502183667
(26)	tan(15)
(54)	v3
(14)	- (6)(12)
(32)	+ (11)(14)
(50)	v28
(57)	+ (32)(50)
(59)	- (57)(54)
(136)	* (26)(59)
(139)	+ (112)(136)
