(9)	4.002388199560272
(8)	-12.993743728109838
(20)	v20
(22)	- (8)(20)
(37)	/ (22)(9)
(10)	v28
(1)	-2.1987870569818
(7)	v3
(15)	- (1)(7)
(16)	+ (10)(15)
(24)	v17
(46)	+ (16)(24)
(0)	v4
(12)	v8
(17)	- (12)(0)
(2)	-7.5068109735227395
(14)	sin(2)
(26)	v7
(29)	+ (14)(26)
(49)	+ (17)(29)
(63)	+ (49)(46)
(5)	sin(0)
(3)	v13
(4)	+ (3)(2)
(27)	v19
(32)	/ (27)(4)
(31)	v27
(35)	- (31)(15)
(41)	/ (35)(1)
(45)	- (41)(32)
(67)	- (45)(5)
(74)	- (67)(63)
(100)	/ (74)(37)
(23)	-7.682051320619628
(33)	v25
(34)	- (1)(33)
(52)	v6
(55)	- (52)(34)
(89)	+ (23)(55)
(122)	/ (89)(2)
(139)	+ (122)(100)
