(25)	-5.173931470768846
(2)	v20
(11)	v8
(15)	+ (11)(2)
(28)	sin(15)
(35)	-15.741536065461608
(43)	+ (35)(28)
(67)	/ (25)(43)
(52)	v17
(59)	+ (15)(52)
(1)	v25
(41)	1.9021715458841548
(56)	tan(41)
(12)	v28
(3)	v28
(4)	v3
(5)	- (3)(4)
(7)	+ (5)(3)
(18)	v7
(21)	+ (18)(7)
(27)	/ (21)(1)
(34)	- (12)(27)
(10)	v11
(9)	sin(1)
(13)	tan(9)
(14)	- (13)(10)
(17)	v13
(30)	/ (14)(17)
(44)	cos(30)
(50)	+ (34)(44)
(24)	v27
(31)	/ (18)(24)
(37)	cos(31)
(51)	e(37)
(60)	+ (50)(51)
(65)	/ (56)(60)
(66)	/ (1)(65)
(83)	+ (66)(59)
(139)	* (67)(83)
