(2)	v8
(4)	v28
(6)	v7
(8)	v20
(14)	+ (8)(6)
(18)	+ (4)(14)
(23)	v3
(29)	- (23)(18)
(15)	-0.7614471658462598
(7)	v17
(16)	v6
(22)	sin(16)
(25)	- (7)(22)
(46)	/ (25)(15)
(47)	+ (29)(46)
(61)	0.6816921854916735
(104)	* (47)(61)
(116)	- (2)(104)
(38)	5.157115865493509
(0)	-0.6275215822575149
(3)	+ (0)(2)
(13)	sin(3)
(28)	v14
(31)	* (15)(28)
(32)	+ (31)(13)
(34)	abs(32)
(1)	v2
(5)	v23
(11)	* (5)(1)
(30)	v13
(33)	+ (30)(32)
(36)	cos(33)
(37)	- (36)(11)
(10)	14.269627655117084
(20)	+ (1)(10)
(19)	-18.59126475369723
(44)	e(19)
(50)	+ (20)(44)
(57)	- (50)(37)
(75)	+ (57)(34)
(130)	/ (38)(75)
(139)	* (130)(116)
