(14)	v25
(17)	-3.5814347473045594
(24)	- (14)(17)
(27)	v28
(75)	/ (27)(24)
(79)	4.1385452616018235
(83)	v7
(59)	v3
(2)	-9.831845353051305
(0)	-1.924866115153666
(1)	v7
(7)	* (1)(0)
(10)	- (7)(2)
(8)	v25
(16)	cos(8)
(22)	+ (16)(10)
(25)	v9
(30)	+ (22)(25)
(3)	v8
(4)	v20
(6)	sin(4)
(9)	+ (3)(6)
(23)	v17
(12)	v6
(29)	/ (9)(24)
(38)	- (29)(12)
(47)	sin(38)
(48)	+ (47)(23)
(54)	+ (48)(9)
(5)	cos(1)
(13)	/ (5)(12)
(33)	e(29)
(34)	/ (13)(33)
(39)	sin(34)
(11)	-16.16451522270909
(19)	sin(11)
(42)	+ (2)(1)
(44)	- (42)(19)
(73)	- (44)(39)
(81)	/ (54)(73)
(109)	* (81)(30)
(119)	+ (59)(109)
(120)	- (83)(119)
(131)	/ (120)(79)
(139)	+ (131)(75)
