(37)	-6.599345986062172
(48)	sin(37)
(6)	v7
(8)	-9.940090788274736
(27)	+ (8)(6)
(28)	v1
(1)	5.028632411230479
(0)	v23
(2)	v10
(3)	- (0)(2)
(4)	- (0)(1)
(5)	+ (4)(3)
(10)	/ (1)(5)
(35)	/ (10)(10)
(38)	+ (35)(28)
(45)	+ (38)(27)
(52)	abs(45)
(57)	* (52)(48)
(22)	v11
(13)	v17
(17)	+ (13)(8)
(25)	v27
(43)	- (17)(25)
(51)	- (43)(22)
(12)	-6.623403366609622
(18)	+ (12)(3)
(24)	sin(3)
(31)	+ (24)(18)
(32)	-17.56025608575632
(39)	cos(32)
(49)	/ (39)(31)
(58)	- (37)(49)
(62)	tan(58)
(66)	* (62)(51)
(139)	+ (66)(57)
