(27)	v27
(30)	-3.2111282103424656
(46)	/ (27)(30)
(16)	-2.6866896803718454
(18)	v7
(20)	cos(18)
(29)	- (16)(20)
(23)	v20
(1)	v17
(4)	v25
(5)	v22
(8)	* (5)(4)
(10)	- (8)(4)
(12)	cos(10)
(24)	abs(12)
(25)	* (1)(24)
(7)	v1
(31)	sin(7)
(32)	- (31)(25)
(40)	0.9512049144608561
(44)	* (40)(32)
(49)	+ (44)(23)
(71)	/ (49)(29)
(75)	+ (71)(46)
(81)	v15
(86)	- (81)(75)
(6)	1.9544414344710468
(0)	v26
(9)	/ (0)(5)
(21)	cos(9)
(37)	sin(21)
(52)	abs(37)
(55)	- (52)(6)
(70)	v15
(103)	/ (70)(55)
(139)	+ (86)(103)
