(0)	-1.5496507098556798
(3)	-3.7802140585596824
(18)	- (3)(0)
(36)	v14
(37)	/ (36)(18)
(53)	3.4213277204310835
(1)	v1
(5)	-1.11005881291835
(19)	/ (1)(5)
(40)	v20
(43)	- (40)(19)
(28)	v27
(38)	-14.143511963361362
(46)	- (38)(36)
(62)	cos(46)
(11)	v7
(8)	v10
(9)	v17
(13)	- (8)(9)
(20)	+ (11)(13)
(15)	v11
(22)	sin(15)
(33)	+ (20)(22)
(34)	v22
(48)	sin(34)
(54)	+ (48)(18)
(80)	/ (33)(54)
(84)	+ (80)(62)
(64)	cos(43)
(95)	cos(64)
(97)	/ (84)(95)
(107)	- (28)(97)
(129)	+ (107)(43)
(130)	/ (129)(53)
(139)	+ (130)(37)
