(26)	12.869328648252612
(65)	sin(26)
(14)	v9
(36)	v21
(22)	-2.074296429623665
(0)	v1
(1)	v26
(2)	-19.10144518024874
(4)	- (2)(1)
(5)	+ (0)(4)
(7)	abs(5)
(20)	sin(7)
(27)	v17
(30)	- (27)(20)
(37)	/ (30)(22)
(28)	+ (7)(26)
(32)	cos(28)
(33)	cos(32)
(25)	v24
(29)	v7
(34)	+ (29)(25)
(49)	* (33)(34)
(58)	- (49)(37)
(86)	+ (58)(36)
(92)	+ (86)(14)
(6)	v5
(23)	12.27583899522132
(40)	/ (4)(23)
(35)	17.485722322775494
(10)	v4
(31)	v18
(39)	* (10)(31)
(46)	e(39)
(60)	* (35)(46)
(67)	+ (60)(40)
(94)	/ (6)(67)
(95)	e(94)
(134)	/ (92)(95)
(139)	* (65)(134)
