(20)	15.14074264115964
(12)	v28
(32)	sin(12)
(7)	v8
(17)	abs(7)
(23)	v2
(44)	* (17)(23)
(45)	* (32)(44)
(69)	/ (45)(20)
(25)	5.348752799039733
(72)	v6
(85)	cos(72)
(87)	- (25)(85)
(16)	v25
(19)	-2.0081092547621395
(22)	/ (16)(19)
(0)	v27
(2)	v9
(3)	+ (2)(2)
(4)	* (3)(0)
(9)	-4.378455105907001
(11)	/ (9)(4)
(24)	sin(11)
(27)	- (24)(22)
(18)	v24
(26)	sin(2)
(36)	v21
(34)	sin(2)
(38)	v7
(41)	+ (34)(38)
(42)	+ (41)(36)
(48)	- (26)(42)
(89)	- (18)(48)
(90)	+ (89)(27)
(107)	/ (90)(87)
(75)	2.800275818802792
(10)	v17
(8)	v26
(31)	sin(8)
(52)	- (31)(10)
(98)	/ (52)(75)
(99)	v9
(100)	- (99)(98)
(112)	/ (100)(75)
(122)	+ (107)(112)
(139)	+ (69)(122)
