(0)	-2.567956813632332
(6)	abs(0)
(3)	-4.854168179716364
(14)	sin(3)
(18)	+ (14)(6)
(33)	-15.342183800188455
(2)	v26
(1)	v23
(5)	cos(1)
(7)	* (5)(2)
(16)	sin(7)
(21)	sin(16)
(15)	v7
(17)	v21
(22)	+ (15)(17)
(36)	- (21)(22)
(37)	/ (36)(33)
(41)	* (37)(18)
(42)	v19
(44)	abs(42)
(47)	+ (44)(18)
(29)	v17
(53)	* (29)(14)
(57)	/ (53)(47)
(72)	+ (57)(41)
(26)	v9
(12)	-0.35746597559522897
(23)	v24
(24)	v9
(32)	- (24)(23)
(34)	* (12)(32)
(43)	+ (34)(26)
(39)	-6.596423715712291
(65)	* (39)(42)
(87)	cos(65)
(91)	cos(87)
(93)	* (91)(43)
(56)	tan(47)
(82)	cos(56)
(83)	- (36)(82)
(115)	sin(83)
(117)	cos(115)
(135)	* (93)(117)
(139)	+ (72)(135)
