(8)	-2.3052640297314255
(10)	v6
(37)	* (10)(8)
(24)	2.0828171589560824
(0)	v0
(1)	v22
(4)	- (1)(0)
(18)	* (10)(4)
(22)	e(18)
(26)	cos(22)
(31)	e(26)
(32)	- (31)(24)
(38)	4.2220374757505965
(44)	+ (32)(38)
(47)	/ (37)(44)
(6)	-8.400374765210925
(9)	v18
(25)	- (9)(6)
(11)	v11
(13)	sin(11)
(7)	v21
(16)	v24
(17)	+ (7)(16)
(29)	+ (13)(17)
(52)	/ (29)(25)
(5)	3.002459971651664
(12)	* (5)(10)
(15)	v20
(19)	+ (15)(4)
(23)	- (19)(12)
(54)	3.6179451922797377
(74)	/ (23)(54)
(89)	+ (52)(74)
(139)	- (89)(47)
