(2)	v21
(3)	-14.631711795440786
(5)	/ (2)(3)
(0)	v20
(10)	v6
(13)	- (0)(10)
(15)	- (13)(5)
(7)	v22
(8)	cos(3)
(16)	/ (13)(8)
(22)	+ (7)(16)
(11)	abs(0)
(14)	+ (5)(11)
(26)	- (8)(14)
(1)	13.729128734378747
(4)	v16
(12)	- (1)(4)
(23)	- (10)(12)
(24)	sin(23)
(19)	v21
(28)	abs(19)
(30)	+ (28)(24)
(32)	/ (30)(26)
(31)	v9
(36)	+ (1)(31)
(25)	13.217848439441724
(18)	+ (2)(2)
(20)	* (18)(10)
(27)	cos(20)
(37)	+ (7)(27)
(38)	+ (25)(37)
(45)	/ (38)(36)
(53)	e(45)
(56)	- (53)(32)
(59)	/ (22)(56)
(139)	+ (59)(15)
