(2)	-14.77907648379241
(1)	-7.318907698716192
(4)	-9.367577061222928
(6)	/ (4)(1)
(9)	* (2)(6)
(14)	v17
(32)	/ (14)(9)
(30)	3.686403790149541
(0)	v6
(3)	cos(0)
(5)	v20
(23)	+ (3)(5)
(8)	v21
(10)	sin(8)
(22)	cos(10)
(21)	v22
(25)	- (0)(21)
(29)	+ (22)(25)
(31)	- (29)(23)
(36)	/ (31)(30)
(37)	- (36)(32)
(24)	sin(2)
(41)	v12
(70)	- (24)(41)
(26)	-7.202263224127599
(66)	* (22)(26)
(7)	v2
(13)	e(7)
(18)	sin(8)
(15)	abs(0)
(17)	v11
(19)	/ (17)(15)
(52)	/ (19)(18)
(58)	* (13)(52)
(12)	sin(1)
(20)	- (12)(19)
(60)	e(20)
(61)	/ (60)(3)
(65)	/ (58)(61)
(73)	abs(65)
(79)	- (73)(66)
(93)	+ (70)(79)
(11)	- (8)(7)
(48)	e(3)
(59)	cos(48)
(107)	+ (59)(11)
(124)	/ (107)(93)
(139)	- (124)(37)
