(12)	v22
(5)	0.4706807430032569
(11)	v6
(13)	+ (5)(11)
(19)	- (12)(13)
(37)	+ (12)(19)
(8)	v11
(0)	v20
(3)	v17
(14)	sin(3)
(17)	/ (11)(13)
(18)	+ (14)(17)
(20)	* (0)(18)
(41)	+ (20)(8)
(44)	sin(41)
(49)	+ (37)(44)
(2)	v21
(16)	+ (2)(0)
(36)	v8
(1)	-3.382011959377106
(22)	v15
(24)	e(22)
(21)	v25
(23)	cos(21)
(31)	v9
(33)	- (23)(31)
(35)	- (24)(33)
(45)	/ (35)(1)
(48)	+ (45)(36)
(38)	sin(11)
(4)	v16
(42)	abs(4)
(54)	* (38)(42)
(55)	sin(54)
(82)	+ (48)(55)
(94)	- (16)(82)
(98)	+ (94)(49)
(29)	cos(11)
(30)	abs(29)
(40)	5.649989091001263
(99)	+ (40)(30)
(139)	/ (98)(99)
