(1)	4.285296956015362
(9)	v12
(14)	/ (9)(1)
(17)	v17
(3)	v6
(6)	sin(3)
(23)	tan(6)
(24)	cos(23)
(33)	* (17)(24)
(42)	sin(33)
(44)	+ (14)(42)
(2)	v22
(5)	+ (3)(3)
(10)	- (2)(5)
(18)	v21
(19)	+ (10)(18)
(36)	v20
(45)	+ (36)(19)
(51)	- (44)(45)
(72)	3.653915613953032
(95)	/ (51)(72)
(30)	v22
(40)	e(30)
(4)	v23
(8)	* (4)(6)
(12)	v2
(15)	abs(12)
(27)	+ (3)(15)
(39)	+ (27)(8)
(49)	e(39)
(64)	+ (49)(40)
(20)	e(5)
(25)	cos(20)
(50)	abs(24)
(52)	- (25)(50)
(7)	14.036168375843758
(21)	/ (9)(7)
(28)	v25
(58)	cos(28)
(60)	+ (58)(21)
(61)	* (52)(60)
(68)	* (61)(61)
(110)	+ (68)(64)
(138)	/ (23)(110)
(139)	- (138)(95)
