(3)	-4.135649062381033
(5)	e(3)
(16)	v6
(18)	- (5)(16)
(10)	-14.768812718448876
(25)	tan(10)
(37)	-3.6458477304467394
(0)	v15
(1)	v2
(6)	- (0)(1)
(7)	cos(6)
(24)	- (5)(18)
(28)	tan(24)
(32)	/ (7)(28)
(33)	+ (1)(5)
(38)	/ (32)(33)
(66)	sin(38)
(72)	cos(66)
(74)	* (72)(32)
(8)	v25
(13)	3.243679534297655
(19)	/ (8)(13)
(2)	v20
(31)	+ (24)(2)
(4)	v22
(12)	v11
(15)	- (12)(5)
(9)	sin(7)
(11)	-4.777776919278622
(17)	+ (9)(11)
(30)	/ (15)(17)
(44)	- (30)(4)
(45)	- (31)(44)
(46)	/ (45)(18)
(50)	+ (46)(19)
(26)	* (18)(0)
(57)	- (26)(3)
(29)	v13
(54)	- (29)(32)
(27)	-11.125038712373335
(64)	+ (27)(16)
(65)	- (64)(54)
(14)	* (13)(9)
(52)	v24
(67)	- (14)(52)
(68)	- (65)(67)
(69)	/ (68)(57)
(78)	+ (69)(50)
(82)	+ (78)(74)
(102)	/ (82)(37)
(110)	- (25)(102)
(139)	* (110)(18)
