(4)	v0
(26)	v22
(27)	/ (26)(4)
(9)	-17.33243601350198
(0)	v11
(2)	v16
(6)	/ (0)(2)
(12)	e(6)
(21)	/ (12)(9)
(30)	v0
(31)	* (21)(30)
(44)	/ (27)(31)
(17)	0.36718638070435716
(5)	v6
(1)	3.658531911453334
(3)	- (1)(2)
(8)	- (0)(4)
(11)	/ (8)(3)
(36)	- (5)(11)
(39)	* (36)(17)
(28)	4.401496042773093
(29)	v20
(7)	sin(1)
(10)	v17
(19)	- (10)(5)
(20)	sin(19)
(22)	v8
(23)	+ (22)(20)
(32)	* (7)(23)
(33)	+ (32)(29)
(18)	cos(1)
(24)	v21
(45)	/ (24)(18)
(54)	- (26)(45)
(56)	+ (54)(33)
(58)	/ (56)(28)
(70)	- (44)(58)
(108)	+ (70)(39)
(139)	- (44)(108)
