(75)	-18.57860107822964
(100)	sin(75)
(14)	v8
(16)	3.314328879430395
(30)	/ (14)(16)
(47)	e(30)
(0)	v6
(1)	v21
(2)	- (1)(0)
(4)	v0
(8)	v20
(9)	- (4)(8)
(29)	- (9)(2)
(5)	cos(0)
(13)	cos(5)
(45)	abs(13)
(53)	* (29)(45)
(60)	+ (47)(53)
(17)	v26
(22)	v11
(27)	+ (22)(17)
(10)	* (1)(2)
(23)	+ (17)(10)
(26)	abs(16)
(28)	+ (26)(23)
(31)	/ (27)(28)
(33)	e(31)
(48)	v24
(34)	v28
(11)	-6.039517993973597
(38)	- (11)(28)
(43)	* (38)(13)
(44)	- (34)(43)
(55)	cos(44)
(58)	+ (47)(55)
(66)	e(58)
(80)	/ (48)(66)
(88)	+ (80)(33)
(93)	v22
(104)	+ (93)(88)
(119)	- (104)(60)
(139)	* (119)(100)
