(32)	-2.2237800048879777
(4)	4.515157022512142
(5)	v12
(6)	/ (5)(4)
(0)	v21
(1)	v20
(2)	+ (1)(0)
(46)	12.105032071754906
(50)	sin(46)
(52)	* (50)(2)
(14)	v6
(17)	v15
(33)	cos(17)
(8)	v22
(11)	v17
(13)	+ (11)(2)
(16)	/ (8)(13)
(20)	* (16)(0)
(22)	cos(20)
(37)	sin(22)
(40)	* (33)(37)
(7)	e(1)
(23)	e(14)
(29)	- (2)(23)
(36)	abs(29)
(41)	* (7)(36)
(45)	e(41)
(53)	/ (40)(45)
(65)	+ (53)(14)
(69)	+ (65)(52)
(88)	+ (6)(69)
(89)	/ (88)(32)
(9)	v4
(10)	- (2)(9)
(21)	sin(10)
(24)	cos(21)
(34)	cos(14)
(62)	* (34)(24)
(70)	tan(62)
(105)	cos(70)
(106)	* (89)(105)
(3)	sin(1)
(12)	- (11)(3)
(30)	sin(12)
(44)	3.5179564685934466
(47)	- (44)(30)
(117)	/ (8)(47)
(139)	+ (106)(117)
