(7)	v9
(33)	v7
(52)	+ (7)(33)
(22)	v1
(23)	v25
(24)	- (23)(22)
(0)	2.304495103519983
(1)	-3.386810351592196
(3)	v7
(4)	e(3)
(8)	* (1)(4)
(9)	sin(8)
(10)	/ (9)(0)
(13)	cos(7)
(19)	* (13)(10)
(11)	v26
(12)	-0.8285685446273341
(40)	* (11)(12)
(50)	- (40)(19)
(61)	+ (24)(50)
(78)	- (52)(61)
(34)	-5.475157566418911
(32)	-16.594045874269522
(14)	sin(4)
(6)	tan(1)
(18)	v11
(25)	+ (6)(18)
(17)	* (13)(11)
(36)	* (32)(17)
(57)	+ (25)(36)
(82)	cos(57)
(116)	- (14)(82)
(118)	- (32)(116)
(132)	/ (34)(118)
(139)	* (78)(132)
