(6)	-6.311861768570658
(39)	v26
(7)	17.813800086302066
(42)	tan(7)
(45)	* (39)(42)
(18)	v12
(1)	v7
(31)	* (1)(18)
(38)	* (18)(31)
(44)	sin(38)
(2)	v11
(8)	v20
(51)	- (2)(8)
(61)	+ (44)(51)
(91)	+ (61)(45)
(100)	/ (91)(6)
(3)	3.5627390379078676
(16)	sin(3)
(47)	* (16)(1)
(4)	5.842397214190456
(15)	sin(4)
(52)	v9
(65)	* (52)(15)
(67)	+ (65)(47)
(21)	cos(15)
(48)	tan(21)
(20)	v25
(0)	17.883126029918785
(24)	-7.9924830856275655
(5)	/ (1)(3)
(9)	- (2)(5)
(10)	+ (0)(9)
(19)	sin(10)
(30)	- (21)(19)
(50)	* (30)(24)
(53)	+ (0)(50)
(76)	/ (20)(53)
(94)	* (76)(48)
(113)	+ (67)(94)
(139)	- (100)(113)
