(5)	-3.8737641563509086
(47)	tan(5)
(0)	-5.21364820067166
(29)	v20
(33)	/ (29)(0)
(1)	v22
(2)	+ (1)(1)
(8)	v1
(16)	- (8)(2)
(26)	v15
(28)	+ (26)(16)
(34)	v6
(35)	- (28)(34)
(6)	cos(1)
(11)	v27
(19)	- (6)(11)
(13)	v23
(21)	cos(13)
(25)	- (21)(19)
(49)	- (35)(25)
(54)	+ (49)(35)
(61)	+ (54)(33)
(86)	* (61)(47)
(39)	-6.596517122649992
(3)	19.693734093711647
(9)	sin(3)
(7)	v12
(12)	v17
(20)	- (7)(12)
(23)	abs(20)
(27)	- (20)(23)
(40)	+ (9)(27)
(59)	/ (40)(39)
(60)	+ (54)(1)
(105)	+ (59)(60)
(139)	+ (105)(86)
