(54)	-6.37350287474864
(10)	v5
(40)	tan(10)
(0)	-9.190601870428697
(5)	v16
(6)	* (5)(0)
(20)	v0
(22)	- (6)(20)
(37)	abs(22)
(52)	e(37)
(58)	/ (52)(40)
(65)	* (54)(58)
(11)	v22
(66)	- (11)(65)
(78)	+ (65)(66)
(28)	-0.2302627742872012
(60)	v20
(63)	- (11)(60)
(8)	v7
(13)	abs(8)
(15)	abs(13)
(16)	sin(15)
(19)	- (11)(16)
(50)	v15
(51)	- (19)(50)
(24)	v6
(3)	v21
(1)	v12
(7)	sin(1)
(9)	cos(8)
(12)	* (9)(7)
(17)	- (5)(12)
(30)	abs(17)
(34)	+ (3)(30)
(36)	cos(34)
(68)	+ (36)(24)
(75)	+ (68)(51)
(77)	+ (75)(63)
(138)	* (77)(28)
(139)	+ (78)(138)
