(0)	v6
(2)	-3.598728804689909
(3)	v9
(4)	- (2)(3)
(9)	v12
(10)	/ (9)(4)
(12)	v15
(13)	+ (12)(10)
(17)	- (0)(13)
(18)	v20
(1)	2.4561826716484703
(5)	cos(2)
(6)	/ (5)(1)
(7)	tan(6)
(23)	abs(7)
(26)	* (23)(18)
(11)	v22
(20)	+ (11)(17)
(34)	-19.632630644981276
(39)	cos(34)
(47)	* (20)(39)
(63)	+ (26)(47)
(93)	- (63)(17)
(41)	-16.863176262697873
(15)	v0
(42)	abs(15)
(48)	+ (41)(42)
(24)	* (20)(13)
(30)	abs(24)
(46)	sin(24)
(8)	v12
(16)	14.258565562510924
(22)	- (8)(16)
(29)	v25
(49)	- (22)(29)
(59)	- (46)(49)
(111)	- (30)(59)
(117)	/ (48)(111)
(139)	/ (93)(117)
