(0)	v22
(1)	v20
(2)	- (0)(1)
(5)	4.7406418832207535
(9)	/ (2)(5)
(13)	- (0)(9)
(3)	v10
(8)	sin(3)
(6)	6.118171822101978
(14)	v3
(16)	- (6)(14)
(17)	/ (8)(16)
(22)	+ (17)(13)
(28)	v4
(37)	* (28)(1)
(43)	e(37)
(7)	v6
(11)	+ (0)(7)
(26)	16.85147227220127
(27)	- (26)(11)
(15)	-15.442032223780032
(48)	- (14)(15)
(56)	+ (48)(27)
(64)	+ (56)(43)
(91)	/ (6)(64)
(30)	v15
(32)	v21
(34)	+ (30)(32)
(29)	v12
(12)	-4.576182219207862
(10)	7.412828792848622
(18)	* (11)(10)
(4)	sin(1)
(20)	* (10)(4)
(25)	- (18)(20)
(40)	/ (25)(12)
(72)	- (29)(40)
(94)	- (72)(34)
(105)	* (91)(94)
(139)	- (22)(105)
