(77)	v22
(0)	v12
(18)	v13
(45)	- (0)(18)
(48)	e(45)
(67)	-2.0371041454541725
(72)	- (48)(67)
(68)	v12
(16)	v20
(3)	v20
(1)	v15
(5)	-18.332095122852564
(6)	/ (0)(5)
(7)	- (1)(6)
(8)	+ (7)(3)
(12)	v21
(23)	+ (8)(12)
(25)	+ (23)(16)
(49)	v6
(69)	- (25)(49)
(87)	- (68)(69)
(89)	/ (87)(72)
(113)	- (77)(89)
(22)	v27
(42)	v17
(80)	- (42)(22)
(84)	-19.301281764910744
(106)	+ (80)(84)
(36)	10.958707017248898
(17)	-3.7070454241595776
(44)	- (17)(23)
(74)	+ (44)(42)
(88)	cos(74)
(115)	- (36)(88)
(116)	/ (115)(106)
(136)	abs(116)
(139)	* (136)(113)
