(16)	14.048259630409888
(0)	v16
(1)	v15
(2)	* (1)(0)
(3)	abs(0)
(5)	- (2)(3)
(8)	v11
(20)	+ (5)(8)
(24)	+ (16)(20)
(30)	3.332200274515891
(40)	/ (30)(24)
(36)	-13.421506959188697
(47)	sin(36)
(6)	v19
(35)	abs(6)
(48)	v21
(61)	+ (35)(48)
(62)	* (47)(61)
(77)	* (62)(47)
(7)	v20
(13)	v6
(14)	- (13)(7)
(18)	- (1)(14)
(9)	v22
(10)	2.512500713825464
(11)	abs(0)
(12)	/ (11)(10)
(19)	+ (12)(9)
(23)	2.178433503937054
(29)	* (19)(23)
(46)	/ (10)(10)
(65)	- (29)(46)
(80)	+ (18)(65)
(130)	+ (80)(77)
(139)	* (130)(40)
