(1)	v22
(0)	v3
(2)	/ (0)(0)
(3)	tan(2)
(12)	- (1)(3)
(18)	-8.975790573562069
(24)	v11
(26)	+ (24)(18)
(4)	+ (1)(0)
(7)	17.686786462188465
(9)	- (4)(7)
(13)	v6
(15)	+ (9)(13)
(35)	+ (12)(15)
(43)	/ (35)(26)
(56)	+ (12)(43)
(10)	v20
(11)	tan(7)
(20)	+ (11)(10)
(5)	v15
(8)	v16
(14)	+ (8)(8)
(21)	+ (5)(14)
(25)	+ (21)(20)
(28)	3.1811568251815743
(16)	- (7)(8)
(31)	cos(0)
(33)	- (16)(31)
(30)	v20
(37)	- (8)(30)
(39)	- (33)(37)
(49)	- (3)(39)
(61)	/ (28)(49)
(68)	* (25)(61)
(17)	/ (5)(15)
(19)	+ (12)(17)
(34)	- (24)(11)
(41)	+ (14)(34)
(51)	+ (41)(19)
(44)	7.294658140418548
(62)	v25
(63)	+ (44)(62)
(70)	v21
(84)	- (63)(70)
(87)	/ (51)(84)
(93)	+ (68)(87)
(139)	- (56)(93)
