(6)	3.5145391460082145
(11)	cos(6)
(36)	cos(11)
(0)	v20
(1)	15.519284690302818
(5)	-2.725218292810357
(8)	/ (1)(5)
(9)	/ (0)(8)
(12)	2.5344416775286085
(13)	v3
(14)	- (13)(12)
(24)	* (14)(9)
(18)	* (14)(14)
(25)	e(8)
(32)	- (25)(18)
(15)	v21
(20)	/ (15)(6)
(7)	v22
(4)	v6
(10)	v15
(21)	- (10)(4)
(28)	/ (21)(6)
(29)	+ (7)(28)
(16)	- (5)(14)
(3)	- (1)(0)
(2)	v24
(17)	+ (2)(2)
(22)	+ (17)(3)
(33)	/ (16)(22)
(41)	+ (29)(33)
(50)	+ (41)(20)
(51)	/ (32)(50)
(53)	/ (18)(51)
(56)	- (24)(53)
(139)	* (36)(56)
