(23)	v22
(0)	12.367958032329256
(1)	-5.339095410290632
(3)	/ (1)(0)
(21)	v6
(27)	* (21)(3)
(36)	+ (23)(27)
(9)	v12
(14)	v17
(19)	+ (3)(14)
(20)	6.273816989618162
(25)	+ (20)(19)
(4)	v25
(10)	- (4)(1)
(29)	-4.192633562534027
(31)	* (10)(29)
(35)	/ (25)(31)
(55)	* (9)(35)
(78)	+ (55)(36)
(60)	-0.8846394770636792
(2)	v10
(6)	+ (1)(2)
(7)	v28
(12)	- (7)(6)
(22)	* (12)(3)
(24)	v21
(34)	+ (24)(14)
(40)	/ (34)(22)
(32)	v20
(48)	* (3)(32)
(52)	sin(48)
(74)	cos(52)
(77)	* (32)(74)
(82)	- (77)(40)
(83)	* (82)(60)
(94)	- (78)(83)
(61)	17.791551882780787
(119)	cos(61)
(139)	* (119)(94)
