(0)	v22
(2)	1.9245342178898248
(26)	/ (0)(2)
(36)	0.6499545376158267
(46)	- (26)(36)
(5)	v3
(19)	-13.64857285164312
(27)	- (19)(5)
(4)	v20
(6)	tan(2)
(7)	* (6)(4)
(1)	8.006668499720305
(30)	v15
(31)	+ (30)(1)
(37)	- (7)(31)
(67)	/ (27)(37)
(3)	-13.849136484790282
(21)	cos(3)
(8)	v0
(48)	sin(8)
(51)	sin(48)
(53)	abs(51)
(73)	* (53)(21)
(74)	e(73)
(82)	/ (74)(67)
(104)	+ (46)(82)
(54)	cos(31)
(65)	abs(54)
(10)	/ (4)(2)
(11)	v4
(18)	- (10)(11)
(39)	v12
(44)	* (39)(18)
(52)	3.5731211510947034
(71)	- (52)(44)
(100)	+ (71)(65)
(29)	v17
(12)	-2.042053076418078
(22)	cos(12)
(23)	v21
(16)	v6
(13)	sin(10)
(14)	* (7)(13)
(15)	sin(14)
(17)	- (15)(16)
(24)	- (17)(16)
(32)	+ (23)(24)
(95)	* (22)(32)
(109)	- (29)(95)
(120)	/ (109)(100)
(139)	+ (104)(120)
