(18)	-13.990248523240695
(0)	v5
(3)	v16
(6)	- (0)(3)
(12)	6.502009180001682
(17)	- (6)(12)
(2)	v9
(4)	cos(2)
(11)	* (0)(4)
(22)	+ (11)(17)
(23)	* (17)(22)
(27)	v19
(34)	+ (27)(23)
(54)	- (34)(18)
(13)	-3.321385459946935
(16)	e(13)
(15)	v23
(101)	v7
(108)	+ (101)(15)
(122)	/ (108)(16)
(10)	v16
(25)	+ (10)(6)
(35)	cos(25)
(40)	v18
(60)	+ (35)(40)
(30)	v26
(20)	v13
(45)	cos(20)
(49)	- (3)(45)
(61)	- (30)(49)
(91)	- (60)(61)
(1)	v16
(5)	- (1)(3)
(26)	+ (20)(5)
(28)	+ (11)(13)
(33)	* (26)(28)
(38)	abs(33)
(59)	v26
(89)	+ (38)(59)
(95)	-15.732712064911842
(98)	- (95)(89)
(126)	* (91)(98)
(136)	+ (122)(126)
(139)	/ (136)(54)
