(16)	v7
(12)	v15
(54)	sin(12)
(62)	cos(54)
(65)	- (16)(62)
(0)	2.7862855879711717
(1)	v13
(2)	- (1)(0)
(5)	/ (0)(0)
(7)	1.4627313022141983
(9)	/ (5)(7)
(8)	v26
(6)	v4
(11)	e(0)
(13)	-16.325056607511563
(15)	cos(13)
(22)	+ (11)(15)
(27)	+ (6)(22)
(30)	+ (8)(27)
(31)	* (9)(30)
(25)	-8.767255645375748
(32)	- (12)(25)
(53)	- (32)(31)
(72)	* (53)(2)
(71)	v11
(20)	17.016228454766015
(19)	cos(0)
(35)	tan(19)
(24)	v27
(36)	* (8)(24)
(50)	* (36)(35)
(63)	+ (50)(20)
(10)	-14.393780216928018
(73)	+ (10)(25)
(80)	+ (73)(63)
(111)	- (80)(71)
(121)	/ (72)(111)
(139)	- (65)(121)
