(10)	0.32874262755506223
(4)	v7
(7)	sin(4)
(26)	abs(7)
(36)	e(26)
(2)	v26
(8)	v15
(12)	- (2)(8)
(16)	e(12)
(1)	v23
(0)	8.353627364476623
(5)	* (4)(0)
(9)	+ (5)(1)
(11)	sin(5)
(25)	10.872539228487327
(31)	+ (11)(25)
(32)	- (31)(9)
(35)	- (16)(32)
(15)	cos(9)
(17)	v22
(19)	+ (17)(15)
(22)	abs(19)
(24)	+ (16)(22)
(28)	* (19)(8)
(44)	+ (24)(28)
(30)	v6
(47)	cos(30)
(50)	* (47)(44)
(51)	+ (50)(35)
(13)	v18
(18)	-3.775602467582175
(37)	+ (13)(18)
(40)	v27
(55)	- (40)(37)
(59)	/ (51)(55)
(71)	+ (59)(36)
(139)	* (71)(10)
