(13)	5.104425932862814
(46)	tan(13)
(1)	v18
(5)	v23
(6)	- (5)(1)
(26)	v19
(34)	- (6)(26)
(23)	17.98900210879468
(25)	-10.277411426122596
(36)	/ (25)(23)
(39)	/ (6)(36)
(51)	+ (39)(34)
(54)	/ (51)(46)
(14)	3.5215574262202693
(35)	sin(14)
(49)	sin(35)
(0)	v0
(30)	0.5542962165835945
(44)	- (0)(30)
(50)	cos(26)
(60)	cos(50)
(66)	+ (60)(44)
(85)	* (49)(66)
(89)	- (54)(85)
(2)	v2
(3)	+ (2)(1)
(4)	* (3)(2)
(7)	+ (4)(2)
(12)	- (7)(1)
(24)	+ (12)(13)
(8)	- (3)(6)
(9)	cos(8)
(11)	v16
(29)	- (11)(9)
(31)	/ (29)(24)
(43)	v25
(56)	* (30)(43)
(88)	+ (56)(31)
(22)	v14
(27)	+ (13)(22)
(40)	sin(29)
(45)	-1.6877232471004433
(64)	/ (40)(45)
(75)	- (66)(64)
(78)	- (27)(75)
(15)	v22
(53)	v10
(92)	+ (53)(15)
(117)	/ (92)(78)
(124)	- (88)(117)
(139)	+ (124)(89)
