(4)	v23
(9)	-2.6838346837140783
(23)	+ (4)(9)
(25)	-4.826979448853965
(39)	/ (23)(25)
(2)	v3
(3)	v19
(15)	- (3)(2)
(26)	sin(15)
(5)	v19
(7)	* (5)(5)
(24)	sin(7)
(45)	+ (9)(24)
(47)	/ (26)(45)
(10)	tan(9)
(11)	v16
(17)	v18
(19)	- (11)(17)
(20)	* (19)(10)
(0)	v25
(18)	v24
(27)	+ (18)(0)
(42)	+ (27)(20)
(56)	/ (42)(9)
(60)	+ (56)(47)
(79)	+ (39)(60)
(13)	7.601086197566538
(43)	cos(13)
(28)	2.847908992329998
(29)	v22
(30)	+ (29)(28)
(37)	abs(30)
(49)	- (5)(37)
(8)	v15
(14)	cos(8)
(58)	cos(14)
(76)	/ (58)(49)
(82)	- (43)(76)
(139)	- (82)(79)
