(27)	-5.1485835992404105
(62)	cos(27)
(5)	v19
(1)	v15
(4)	sin(1)
(10)	abs(4)
(12)	sin(10)
(13)	+ (5)(12)
(15)	v0
(16)	2.3370436123447433
(20)	/ (15)(16)
(2)	18.18803963840754
(3)	sin(2)
(21)	v18
(32)	* (21)(3)
(54)	+ (20)(32)
(71)	+ (54)(13)
(6)	v24
(7)	e(3)
(11)	v16
(19)	abs(11)
(33)	e(19)
(40)	* (33)(7)
(31)	2.5858071618476686
(49)	tan(31)
(59)	/ (49)(40)
(46)	v20
(48)	e(46)
(8)	sin(1)
(50)	cos(8)
(65)	/ (50)(48)
(66)	/ (59)(65)
(76)	e(66)
(78)	* (6)(76)
(81)	+ (78)(71)
(28)	v25
(9)	v23
(36)	v22
(42)	cos(28)
(43)	+ (42)(36)
(53)	- (9)(43)
(57)	* (49)(53)
(85)	- (28)(57)
(133)	+ (81)(85)
(139)	* (133)(62)
