(0)	v3
(3)	4.388868128978629
(4)	v9
(6)	- (3)(4)
(30)	+ (0)(6)
(14)	cos(6)
(20)	v8
(44)	+ (20)(14)
(85)	/ (44)(30)
(5)	sin(3)
(40)	e(5)
(34)	v13
(32)	v1
(1)	v3
(10)	- (1)(4)
(13)	/ (5)(10)
(15)	11.750516346582689
(27)	cos(15)
(46)	/ (27)(13)
(52)	+ (32)(46)
(55)	+ (34)(52)
(86)	* (55)(40)
(115)	+ (86)(85)
(12)	v20
(2)	* (0)(1)
(7)	e(4)
(9)	* (3)(7)
(11)	+ (2)(9)
(41)	+ (11)(3)
(49)	/ (12)(41)
(31)	-0.10548091841862117
(83)	* (55)(12)
(93)	e(83)
(26)	v16
(91)	cos(26)
(108)	abs(91)
(111)	/ (93)(108)
(123)	/ (31)(111)
(125)	- (49)(123)
(139)	+ (125)(115)
