(2)	v1
(3)	v3
(6)	- (3)(2)
(7)	-7.877041563386658
(16)	/ (6)(7)
(17)	5.952924139264159
(32)	8.08458895207739
(35)	/ (17)(32)
(18)	-1.798693351187989
(27)	v13
(37)	/ (27)(18)
(9)	0.2951672490542592
(8)	v20
(0)	v8
(15)	- (0)(6)
(24)	+ (8)(15)
(31)	* (24)(9)
(5)	sin(3)
(11)	v26
(14)	+ (11)(5)
(25)	cos(14)
(41)	- (25)(14)
(13)	abs(9)
(12)	2.7473867885633076
(10)	v4
(29)	- (10)(2)
(42)	- (12)(29)
(45)	/ (13)(42)
(51)	+ (16)(45)
(58)	* (51)(41)
(67)	- (31)(58)
(70)	- (67)(37)
(129)	* (70)(35)
(139)	+ (129)(16)
