(5)	v13
(8)	v17
(15)	+ (5)(8)
(11)	2.5982584619054627
(33)	abs(11)
(42)	/ (15)(33)
(18)	v8
(19)	v3
(28)	- (18)(19)
(30)	4.505882048328726
(9)	15.139283857795938
(10)	v3
(13)	v13
(16)	- (10)(13)
(25)	+ (16)(9)
(27)	cos(25)
(44)	sin(27)
(47)	+ (44)(30)
(64)	/ (28)(47)
(67)	tan(64)
(78)	+ (67)(42)
(17)	v7
(34)	v12
(45)	- (34)(17)
(54)	-16.435902706970722
(68)	+ (45)(54)
(40)	v7
(39)	3.312531090692378
(46)	+ (39)(34)
(55)	- (46)(40)
(23)	v9
(1)	4.689004549999606
(3)	sin(1)
(35)	v1
(37)	* (3)(35)
(48)	- (37)(23)
(56)	v17
(80)	+ (56)(48)
(88)	* (55)(80)
(112)	/ (88)(68)
(139)	+ (112)(78)
