(50)	12.815904138837311
(79)	tan(50)
(4)	v13
(35)	v1
(43)	+ (35)(4)
(95)	+ (43)(4)
(109)	* (95)(79)
(0)	-4.705034918854402
(12)	v11
(19)	/ (12)(0)
(6)	7.220592515954522
(8)	cos(6)
(22)	+ (19)(8)
(64)	* (22)(19)
(17)	13.506573775866165
(26)	v3
(28)	-5.280637101596831
(34)	- (26)(28)
(40)	* (34)(17)
(23)	tan(4)
(11)	v15
(25)	* (6)(11)
(29)	+ (25)(23)
(2)	cos(0)
(3)	- (2)(0)
(39)	tan(3)
(1)	v19
(13)	3.1076727959523573
(16)	- (13)(1)
(49)	e(16)
(63)	+ (39)(49)
(65)	+ (63)(29)
(81)	/ (40)(65)
(96)	+ (81)(64)
(9)	v8
(10)	-3.540304797248215
(14)	- (9)(10)
(54)	v26
(75)	-4.398180784719061
(76)	+ (54)(75)
(7)	v18
(15)	/ (7)(14)
(21)	sin(15)
(77)	v3
(82)	* (21)(77)
(89)	- (82)(76)
(107)	/ (14)(89)
(137)	- (107)(96)
(139)	+ (109)(137)
