(16)	-6.6440140648060275
(1)	v7
(4)	-2.6523222673502005
(5)	+ (4)(1)
(20)	16.569208502009886
(21)	- (20)(1)
(22)	- (21)(5)
(23)	+ (16)(22)
(6)	v28
(7)	3.9980989722571927
(8)	v28
(14)	v16
(17)	- (8)(14)
(27)	- (7)(17)
(31)	- (27)(6)
(37)	/ (31)(23)
(55)	v8
(74)	* (55)(37)
(13)	3.42739634757994
(26)	18.141570571606927
(38)	/ (26)(22)
(47)	/ (38)(13)
(0)	-15.264903340873257
(2)	cos(0)
(3)	* (1)(2)
(9)	sin(8)
(10)	v25
(15)	- (10)(9)
(24)	v26
(29)	v18
(60)	- (29)(24)
(62)	- (60)(15)
(64)	- (62)(3)
(109)	* (47)(64)
(139)	+ (74)(109)
