(68)	3.5968869264574543
(7)	v14
(12)	v9
(21)	- (7)(12)
(42)	cos(21)
(64)	sin(42)
(45)	v8
(10)	v28
(11)	cos(10)
(19)	v17
(40)	+ (11)(19)
(18)	v7
(0)	v28
(5)	cos(0)
(1)	-1.0997133356076034
(4)	sin(1)
(8)	v1
(9)	sin(8)
(14)	+ (4)(9)
(16)	* (14)(5)
(44)	+ (16)(18)
(13)	-11.923034277941596
(20)	cos(13)
(55)	e(20)
(58)	* (55)(44)
(66)	- (58)(18)
(71)	+ (66)(40)
(75)	+ (45)(71)
(76)	- (75)(64)
(91)	/ (76)(68)
(15)	v25
(24)	/ (15)(4)
(2)	sin(0)
(6)	+ (2)(2)
(3)	v26
(31)	* (11)(3)
(32)	+ (31)(16)
(36)	- (32)(6)
(62)	v28
(81)	+ (36)(62)
(84)	- (24)(81)
(87)	0.36664532689113827
(124)	* (84)(87)
(139)	+ (124)(91)
