(4)	-4.87821310036793
(1)	17.2428327130353
(9)	13.250656023598566
(15)	v16
(17)	+ (15)(9)
(26)	/ (17)(1)
(27)	+ (4)(26)
(0)	v28
(2)	19.17122813134253
(8)	v8
(12)	- (2)(8)
(13)	+ (12)(0)
(5)	v0
(21)	- (5)(15)
(24)	+ (21)(21)
(29)	+ (13)(24)
(31)	/ (27)(29)
(6)	v25
(34)	sin(6)
(14)	v21
(22)	v9
(28)	v17
(32)	+ (28)(22)
(44)	+ (14)(32)
(45)	- (34)(44)
(49)	v18
(35)	v25
(51)	+ (21)(35)
(58)	- (49)(51)
(64)	- (58)(45)
(3)	v7
(19)	sin(8)
(47)	/ (19)(26)
(74)	+ (47)(3)
(75)	+ (64)(74)
(81)	v26
(113)	- (81)(75)
(139)	* (31)(113)
