(1)	-10.437052731227908
(38)	v25
(51)	/ (38)(1)
(27)	v8
(14)	v7
(3)	v17
(0)	v28
(2)	e(0)
(5)	cos(2)
(8)	+ (3)(5)
(16)	+ (1)(8)
(19)	- (14)(16)
(23)	e(14)
(34)	v5
(44)	* (34)(23)
(48)	+ (44)(19)
(57)	/ (27)(48)
(33)	7.18867409074393
(50)	2.189974116351774
(61)	/ (50)(33)
(70)	+ (57)(61)
(100)	+ (70)(51)
(37)	- (33)(14)
(25)	v27
(80)	- (1)(25)
(90)	/ (80)(37)
(109)	e(90)
(122)	/ (100)(109)
(7)	v26
(26)	- (7)(16)
(4)	sin(0)
(21)	-3.9101491104765387
(32)	+ (21)(4)
(49)	* (26)(32)
(31)	v13
(6)	11.152424796597149
(17)	v21
(47)	+ (17)(6)
(55)	- (31)(47)
(67)	/ (49)(55)
(117)	-2.581172941709724
(129)	/ (67)(117)
(139)	+ (122)(129)
