(65)	-5.018268823189938
(26)	v7
(41)	cos(26)
(49)	v4
(50)	- (41)(49)
(1)	19.418189483313462
(3)	sin(1)
(13)	e(3)
(14)	v24
(20)	+ (13)(14)
(0)	v28
(8)	+ (0)(1)
(34)	v6
(45)	+ (34)(8)
(51)	- (45)(20)
(55)	+ (50)(51)
(11)	10.749412081158944
(24)	sin(11)
(56)	- (24)(26)
(70)	+ (56)(55)
(111)	/ (65)(70)
(4)	v8
(7)	sin(0)
(12)	+ (4)(7)
(25)	v7
(30)	+ (12)(25)
(2)	abs(0)
(5)	tan(2)
(6)	e(5)
(17)	/ (6)(7)
(29)	v25
(33)	+ (17)(29)
(35)	v26
(39)	- (17)(35)
(63)	v17
(74)	+ (39)(63)
(78)	- (33)(74)
(117)	- (78)(30)
(139)	* (111)(117)
