(1)	-18.527455826232057
(57)	sin(1)
(8)	v8
(26)	v26
(47)	- (26)(8)
(21)	-9.763167188088303
(0)	v28
(12)	sin(0)
(4)	v26
(10)	cos(4)
(14)	* (12)(10)
(17)	- (0)(14)
(25)	- (17)(12)
(27)	- (25)(21)
(15)	v21
(13)	7.168663693481495
(18)	+ (4)(17)
(22)	- (13)(18)
(46)	- (15)(22)
(49)	/ (27)(46)
(78)	/ (47)(49)
(87)	sin(13)
(29)	v25
(30)	- (15)(29)
(3)	-0.20741987564209552
(2)	tan(0)
(6)	sin(2)
(9)	- (3)(6)
(43)	v9
(52)	+ (43)(9)
(93)	+ (52)(30)
(104)	* (93)(87)
(112)	+ (104)(78)
(5)	v18
(7)	v7
(11)	+ (5)(7)
(37)	+ (6)(11)
(40)	v23
(48)	- (40)(37)
(42)	9.666013608121027
(62)	cos(42)
(116)	* (48)(62)
(127)	+ (112)(116)
(139)	* (57)(127)
