(0)	5.006321191419968
(7)	-3.3216129547736095
(42)	tan(7)
(65)	+ (0)(42)
(27)	v17
(28)	v11
(37)	- (28)(27)
(1)	v26
(2)	tan(1)
(3)	v12
(4)	- (1)(3)
(13)	- (2)(4)
(32)	sin(13)
(14)	v2
(25)	e(14)
(38)	cos(25)
(40)	+ (32)(38)
(63)	+ (40)(37)
(92)	12.554892178456207
(101)	+ (63)(92)
(105)	/ (65)(101)
(39)	v7
(50)	v8
(55)	- (50)(7)
(62)	/ (37)(55)
(15)	v21
(6)	v3
(9)	- (6)(1)
(16)	sin(9)
(23)	+ (16)(15)
(24)	v12
(26)	- (24)(23)
(29)	v0
(31)	-0.5863185943666522
(49)	* (29)(31)
(57)	v25
(58)	- (57)(49)
(64)	+ (58)(26)
(98)	+ (62)(64)
(130)	+ (39)(98)
(139)	* (105)(130)
