(3)	v5
(7)	v17
(20)	- (3)(7)
(28)	v25
(32)	+ (20)(28)
(36)	v2
(2)	v3
(0)	v11
(4)	v26
(6)	- (4)(2)
(9)	+ (6)(0)
(13)	- (2)(9)
(14)	sin(13)
(11)	v28
(17)	cos(11)
(18)	- (17)(6)
(33)	cos(18)
(38)	- (33)(14)
(41)	sin(38)
(49)	+ (36)(41)
(55)	+ (49)(32)
(76)	v0
(95)	+ (76)(55)
(51)	v6
(52)	8.736969640037874
(69)	+ (51)(52)
(16)	v18
(19)	abs(16)
(29)	* (7)(19)
(34)	-14.235919053431413
(8)	/ (7)(3)
(22)	+ (8)(0)
(25)	cos(19)
(35)	/ (25)(22)
(37)	+ (35)(34)
(53)	- (29)(37)
(10)	8.116680606934427
(30)	e(6)
(65)	abs(30)
(81)	+ (10)(65)
(101)	+ (81)(53)
(111)	/ (69)(101)
(139)	* (95)(111)
