(0)	v19
(7)	v3
(1)	v0
(2)	13.353219733261199
(3)	cos(2)
(5)	+ (3)(1)
(23)	- (0)(5)
(32)	+ (23)(7)
(98)	-1.4543999570841422
(104)	/ (32)(98)
(114)	+ (104)(0)
(4)	v16
(11)	v9
(18)	cos(11)
(35)	- (18)(4)
(20)	-7.044557743838116
(13)	v28
(26)	sin(13)
(38)	- (26)(20)
(46)	- (35)(38)
(14)	v24
(19)	cos(14)
(47)	e(19)
(51)	/ (47)(46)
(53)	tan(51)
(10)	e(3)
(39)	- (26)(10)
(43)	+ (14)(35)
(48)	- (39)(43)
(12)	-11.903024491174744
(17)	- (12)(11)
(21)	v26
(41)	+ (21)(17)
(52)	sin(41)
(66)	+ (52)(48)
(109)	* (66)(53)
(6)	/ (4)(5)
(15)	cos(6)
(90)	-2.417776291258015
(121)	+ (15)(90)
(125)	/ (109)(121)
(139)	+ (114)(125)
