(7)	-8.569264942280066
(29)	cos(7)
(46)	cos(29)
(1)	v3
(6)	2.1896846945078643
(21)	e(6)
(23)	sin(21)
(30)	- (6)(23)
(31)	v19
(32)	/ (31)(30)
(34)	- (32)(1)
(4)	v25
(17)	v0
(20)	/ (4)(17)
(35)	tan(20)
(43)	6.7343738987404755
(55)	- (43)(35)
(10)	v12
(16)	abs(10)
(25)	* (20)(16)
(51)	v3
(60)	+ (25)(51)
(82)	+ (55)(60)
(11)	v0
(41)	v8
(87)	- (55)(41)
(18)	v5
(40)	-1.260231689491377
(54)	v6
(67)	- (40)(54)
(97)	- (18)(67)
(98)	+ (87)(97)
(123)	/ (98)(11)
(125)	/ (82)(123)
(131)	+ (34)(125)
(139)	* (131)(46)
