(1)	-3.2930788934163893
(3)	e(1)
(4)	v11
(2)	v2
(5)	+ (2)(4)
(6)	+ (4)(5)
(11)	v27
(16)	+ (11)(6)
(9)	v9
(13)	sin(9)
(17)	tan(13)
(18)	+ (17)(16)
(0)	v0
(8)	+ (0)(3)
(19)	v15
(25)	- (19)(8)
(34)	+ (18)(25)
(35)	* (34)(3)
(21)	v18
(51)	abs(21)
(56)	v28
(33)	2.4549514903239995
(43)	+ (1)(21)
(61)	+ (43)(33)
(27)	-0.2993486243508201
(31)	12.758405817353662
(37)	* (31)(27)
(44)	abs(37)
(26)	/ (9)(1)
(49)	v9
(58)	+ (26)(49)
(70)	+ (58)(44)
(85)	- (70)(61)
(90)	+ (85)(56)
(92)	+ (90)(51)
(139)	* (92)(35)
