(35)	v9
(6)	-0.45940043231574634
(1)	v24
(5)	v18
(8)	- (5)(1)
(23)	sin(8)
(26)	v11
(30)	+ (23)(26)
(47)	- (6)(30)
(49)	- (47)(35)
(7)	sin(5)
(34)	/ (1)(7)
(37)	cos(34)
(44)	v20
(50)	- (44)(37)
(58)	- (50)(49)
(65)	v27
(73)	+ (65)(58)
(4)	5.132976010904539
(0)	v2
(9)	abs(0)
(33)	cos(9)
(48)	- (33)(4)
(11)	-13.75274797110793
(2)	v2
(12)	+ (7)(2)
(13)	+ (5)(12)
(19)	v2
(27)	- (13)(19)
(31)	tan(27)
(38)	/ (31)(11)
(40)	-19.871758214770292
(20)	cos(11)
(90)	/ (8)(20)
(91)	- (40)(90)
(102)	+ (38)(91)
(109)	/ (48)(102)
(117)	tan(109)
(139)	* (117)(73)
