(8)	v27
(2)	v9
(7)	v4
(11)	- (2)(7)
(13)	-2.8917572010423775
(1)	v27
(6)	- (2)(1)
(23)	/ (7)(6)
(27)	cos(23)
(28)	+ (27)(13)
(36)	/ (11)(28)
(39)	v20
(59)	- (39)(36)
(109)	+ (59)(8)
(29)	-7.147652157306364
(38)	tan(29)
(103)	cos(38)
(45)	-12.92576427511066
(5)	-4.533763139338202
(15)	+ (5)(2)
(19)	abs(15)
(9)	e(1)
(35)	tan(9)
(47)	/ (35)(19)
(88)	+ (45)(47)
(34)	cos(19)
(0)	v2
(21)	abs(0)
(42)	- (21)(9)
(62)	e(42)
(75)	- (34)(62)
(96)	v21
(104)	- (75)(96)
(123)	/ (104)(88)
(138)	+ (123)(103)
(139)	* (138)(109)
