(4)	-10.861605775516647
(10)	cos(4)
(0)	v28
(29)	-1.6150923135714557
(30)	- (29)(0)
(41)	+ (10)(30)
(59)	cos(41)
(3)	2.529402179598925
(7)	e(3)
(18)	cos(7)
(45)	v27
(65)	* (45)(18)
(67)	cos(65)
(72)	* (67)(59)
(23)	-0.3246143121891123
(17)	v1
(19)	-0.552056100121586
(47)	/ (17)(19)
(8)	v15
(12)	abs(8)
(16)	* (12)(3)
(1)	11.755162797830994
(20)	sin(19)
(27)	- (1)(20)
(28)	v11
(36)	+ (27)(28)
(68)	+ (16)(36)
(79)	cos(68)
(103)	- (79)(47)
(108)	v11
(124)	+ (108)(103)
(138)	* (124)(23)
(139)	- (72)(138)
