(0)	v27
(1)	v1
(4)	* (0)(1)
(16)	sin(4)
(26)	cos(16)
(27)	sin(26)
(32)	* (27)(0)
(7)	-7.129714575324165
(10)	v13
(11)	/ (10)(7)
(13)	e(11)
(22)	-10.316405589178643
(3)	v26
(5)	v20
(6)	- (1)(5)
(24)	/ (6)(3)
(33)	- (24)(22)
(34)	* (13)(33)
(44)	v28
(46)	- (44)(34)
(50)	v6
(55)	- (46)(50)
(8)	-0.033973844651686846
(20)	v27
(2)	- (0)(1)
(28)	+ (10)(2)
(12)	+ (3)(0)
(40)	7.886918187616139
(45)	/ (44)(40)
(51)	- (12)(45)
(56)	- (51)(28)
(60)	- (20)(56)
(79)	* (60)(8)
(99)	* (55)(79)
(139)	- (32)(99)
