(20)	v13
(40)	v1
(51)	- (20)(40)
(52)	v25
(16)	5.11867282531999
(54)	tan(16)
(56)	+ (52)(54)
(0)	v17
(4)	cos(0)
(37)	tan(4)
(13)	-19.46796105224316
(24)	/ (13)(0)
(27)	sin(24)
(14)	-9.988431544738132
(15)	tan(14)
(47)	v12
(57)	- (47)(15)
(58)	* (57)(27)
(88)	- (16)(58)
(90)	/ (88)(37)
(92)	/ (90)(56)
(94)	/ (51)(92)
(1)	v14
(6)	11.200534247223377
(12)	cos(6)
(31)	* (12)(1)
(32)	sin(31)
(2)	+ (1)(1)
(5)	v12
(7)	/ (2)(5)
(17)	sin(7)
(30)	e(17)
(35)	- (16)(30)
(60)	v27
(61)	/ (60)(35)
(121)	+ (32)(61)
(139)	+ (94)(121)
