(0)	v24
(3)	3.124402055683724
(4)	- (3)(0)
(5)	cos(4)
(14)	+ (4)(5)
(24)	v15
(28)	/ (24)(14)
(74)	v13
(48)	sin(24)
(25)	abs(14)
(69)	cos(25)
(71)	* (69)(48)
(85)	4.649659221043265
(88)	sin(85)
(8)	v17
(21)	+ (8)(8)
(23)	v18
(30)	- (23)(21)
(9)	v24
(11)	* (9)(8)
(12)	sin(11)
(37)	2.7791123624502916
(51)	+ (12)(37)
(90)	sin(51)
(93)	+ (90)(30)
(94)	/ (93)(88)
(95)	+ (94)(71)
(106)	+ (74)(95)
(15)	v15
(36)	sin(15)
(34)	-4.251947532945767
(56)	abs(34)
(137)	+ (36)(56)
(138)	/ (106)(137)
(139)	+ (28)(138)
