(0)	-4.7029555286554015
(2)	v10
(9)	- (0)(2)
(1)	14.150260615148348
(6)	v4
(5)	v18
(8)	e(5)
(23)	* (6)(8)
(35)	/ (23)(1)
(51)	- (35)(9)
(4)	v15
(7)	e(4)
(14)	- (8)(7)
(21)	13.045721494407971
(26)	- (21)(14)
(49)	v2
(70)	- (26)(49)
(89)	/ (51)(70)
(43)	2.5310988186872834
(20)	-1.5740104478375763
(41)	cos(20)
(3)	v1
(11)	v26
(27)	* (3)(11)
(33)	- (23)(27)
(34)	- (33)(21)
(22)	v12
(29)	+ (22)(11)
(30)	19.596801010991122
(39)	* (29)(30)
(52)	* (34)(39)
(64)	* (41)(52)
(94)	+ (64)(4)
(38)	v21
(47)	e(38)
(76)	cos(47)
(10)	e(4)
(13)	- (10)(8)
(19)	sin(13)
(78)	cos(19)
(83)	+ (78)(76)
(85)	v17
(116)	+ (85)(83)
(124)	+ (94)(116)
(131)	/ (124)(43)
(139)	- (131)(89)
