(16)	-6.275204907655102
(49)	abs(16)
(7)	v1
(12)	v13
(19)	* (7)(12)
(14)	14.921791019025989
(17)	v16
(20)	- (14)(17)
(26)	v23
(27)	- (20)(26)
(0)	v3
(6)	v11
(10)	+ (6)(0)
(31)	+ (10)(0)
(34)	+ (31)(27)
(1)	v15
(9)	- (0)(1)
(15)	v17
(30)	/ (9)(15)
(47)	e(30)
(67)	+ (47)(34)
(71)	- (67)(19)
(77)	/ (49)(71)
(2)	v14
(4)	sin(2)
(5)	+ (4)(1)
(22)	+ (5)(0)
(8)	3.5444628265259404
(24)	sin(8)
(51)	* (17)(24)
(53)	+ (15)(51)
(43)	v19
(64)	cos(16)
(80)	* (43)(64)
(100)	- (80)(53)
(106)	- (22)(100)
(139)	* (77)(106)
