(38)	2.491560255837282
(1)	v22
(2)	3.122344533194198
(17)	v27
(18)	/ (17)(2)
(23)	tan(18)
(44)	+ (23)(1)
(71)	/ (44)(38)
(22)	v23
(11)	v5
(4)	v19
(10)	+ (4)(4)
(20)	cos(10)
(35)	+ (20)(11)
(0)	-7.972784022941287
(36)	abs(0)
(41)	+ (35)(36)
(46)	/ (22)(41)
(19)	-3.450082473654863
(24)	7.862453205186917
(37)	+ (24)(19)
(39)	v26
(9)	v9
(25)	v19
(3)	sin(1)
(13)	v13
(16)	+ (13)(3)
(49)	v20
(62)	- (49)(16)
(64)	+ (62)(25)
(15)	abs(2)
(58)	cos(15)
(27)	2.0118284010563094
(21)	v3
(32)	- (21)(17)
(33)	cos(32)
(68)	- (27)(33)
(75)	/ (68)(58)
(76)	/ (64)(75)
(90)	- (9)(76)
(97)	- (90)(39)
(102)	+ (11)(97)
(105)	/ (102)(37)
(121)	+ (46)(105)
(139)	+ (71)(121)
