(24)	13.226526704914981
(29)	tan(24)
(10)	v22
(12)	v16
(32)	+ (10)(12)
(39)	* (29)(32)
(77)	-18.689049538359065
(92)	tan(77)
(7)	-6.261980578647886
(15)	sin(7)
(34)	/ (15)(32)
(3)	-13.613826032401581
(11)	e(3)
(1)	v26
(0)	v25
(5)	v12
(8)	- (0)(5)
(9)	- (8)(1)
(20)	sin(15)
(38)	/ (20)(9)
(41)	/ (7)(38)
(49)	* (41)(11)
(80)	+ (49)(34)
(16)	v5
(21)	+ (9)(16)
(2)	7.1751376601493355
(4)	v11
(6)	* (4)(2)
(19)	/ (6)(3)
(30)	- (10)(19)
(64)	+ (30)(21)
(31)	v9
(35)	v27
(48)	+ (35)(31)
(71)	- (48)(38)
(74)	+ (64)(71)
(83)	* (74)(24)
(126)	* (83)(80)
(135)	+ (92)(126)
(139)	* (39)(135)
