(0)	v5
(3)	v22
(7)	+ (0)(3)
(57)	3.7760500776232817
(60)	/ (7)(57)
(59)	-5.420748762187211
(1)	v1
(6)	v16
(18)	+ (6)(1)
(49)	v28
(51)	+ (18)(49)
(56)	v27
(73)	+ (51)(56)
(74)	v25
(40)	v12
(22)	v28
(5)	-3.8477301372849766
(8)	- (0)(1)
(2)	sin(1)
(4)	sin(2)
(17)	/ (4)(0)
(19)	/ (17)(8)
(23)	+ (5)(19)
(24)	cos(18)
(29)	- (24)(23)
(34)	- (29)(22)
(12)	v18
(10)	v14
(13)	/ (10)(0)
(14)	abs(13)
(15)	- (12)(14)
(16)	v22
(47)	- (15)(16)
(53)	+ (47)(34)
(83)	sin(53)
(89)	- (83)(40)
(93)	+ (74)(89)
(20)	- (8)(2)
(41)	cos(20)
(46)	abs(41)
(86)	v26
(98)	* (86)(46)
(100)	- (98)(93)
(111)	- (100)(73)
(126)	/ (111)(59)
(139)	+ (60)(126)
