(19)	-3.819857280705193
(45)	sin(19)
(21)	-12.016700833652534
(90)	sin(21)
(106)	* (90)(45)
(31)	-4.905460594981523
(33)	v8
(68)	+ (31)(33)
(30)	1.7172752593251346
(6)	v26
(1)	v2
(2)	v1
(3)	- (1)(2)
(7)	v20
(16)	+ (7)(3)
(75)	- (6)(16)
(0)	v26
(14)	/ (6)(0)
(26)	* (14)(2)
(77)	- (26)(19)
(39)	v27
(60)	v11
(78)	+ (39)(60)
(81)	- (78)(77)
(92)	/ (75)(81)
(98)	- (30)(92)
(102)	* (68)(98)
(22)	- (19)(3)
(27)	/ (22)(19)
(12)	v7
(28)	- (1)(12)
(46)	* (28)(27)
(8)	- (2)(7)
(11)	- (8)(3)
(38)	v28
(56)	+ (11)(38)
(85)	- (56)(46)
(4)	-8.580745777221509
(13)	abs(4)
(9)	v19
(18)	-3.010549045545396
(24)	/ (9)(18)
(120)	+ (13)(24)
(128)	+ (120)(85)
(135)	+ (128)(102)
(139)	* (106)(135)
