(2)	v8
(4)	v26
(7)	- (2)(4)
(3)	-2.5757670492040745
(8)	v18
(9)	/ (8)(3)
(10)	v1
(13)	+ (9)(10)
(23)	+ (7)(13)
(18)	v4
(24)	+ (9)(18)
(28)	* (23)(24)
(19)	- (8)(3)
(31)	sin(19)
(50)	sin(31)
(51)	- (28)(50)
(12)	v7
(38)	sin(4)
(60)	- (12)(38)
(43)	v24
(59)	-7.786431027908076
(78)	/ (43)(59)
(79)	* (60)(78)
(94)	* (51)(79)
(36)	2.6579888635026307
(27)	+ (23)(18)
(1)	v1
(5)	v2
(11)	abs(5)
(16)	- (1)(11)
(40)	cos(16)
(14)	+ (2)(5)
(45)	/ (14)(3)
(46)	* (40)(45)
(67)	- (60)(46)
(86)	+ (27)(67)
(101)	/ (86)(36)
(139)	+ (101)(94)
