(1)	v2
(42)	-6.129236879989151
(45)	- (42)(1)
(9)	v13
(10)	13.77803316140561
(11)	- (9)(10)
(4)	v5
(6)	* (4)(1)
(13)	v23
(19)	* (13)(6)
(47)	- (19)(11)
(51)	/ (45)(47)
(97)	abs(51)
(118)	v28
(2)	v19
(16)	v1
(18)	- (2)(16)
(0)	v23
(5)	* (0)(1)
(7)	sin(5)
(8)	+ (6)(7)
(14)	5.475314153372857
(20)	- (14)(8)
(3)	abs(0)
(15)	* (5)(3)
(22)	cos(15)
(24)	/ (22)(20)
(25)	+ (18)(24)
(33)	-1.6657249919063588
(98)	/ (25)(33)
(53)	-0.5658639590017636
(57)	cos(53)
(84)	v26
(30)	v8
(36)	v7
(35)	+ (16)(7)
(40)	e(35)
(68)	sin(40)
(85)	cos(68)
(89)	* (85)(36)
(100)	+ (30)(89)
(103)	- (84)(100)
(110)	/ (103)(57)
(123)	- (98)(110)
(129)	+ (118)(123)
(139)	* (97)(129)
