(19)	v28
(5)	-6.0840673822903
(20)	* (5)(5)
(8)	v22
(10)	cos(8)
(11)	* (8)(10)
(24)	tan(11)
(25)	- (24)(20)
(16)	v6
(26)	-13.926064525111013
(27)	- (26)(16)
(30)	/ (27)(25)
(31)	* (30)(19)
(0)	v1
(1)	v8
(2)	- (1)(0)
(12)	cos(2)
(3)	tan(2)
(41)	sin(3)
(21)	4.478690104097129
(46)	+ (21)(8)
(50)	/ (41)(46)
(17)	v19
(52)	v7
(53)	+ (52)(1)
(58)	- (17)(53)
(74)	- (58)(50)
(35)	v26
(28)	e(16)
(29)	+ (28)(3)
(60)	cos(29)
(81)	cos(60)
(86)	+ (35)(81)
(96)	- (0)(86)
(107)	- (96)(74)
(123)	+ (107)(12)
(126)	* (30)(123)
(139)	+ (126)(31)
