(56)	v26
(5)	5.674262185762579
(6)	-2.913749293420235
(18)	v7
(24)	* (6)(18)
(41)	/ (24)(5)
(13)	v13
(20)	v28
(39)	v1
(49)	+ (39)(20)
(72)	- (13)(49)
(79)	+ (72)(41)
(85)	+ (79)(56)
(8)	tan(6)
(11)	v2
(12)	tan(11)
(7)	-3.7268837135165214
(15)	v1
(19)	+ (15)(7)
(25)	/ (12)(19)
(78)	+ (18)(25)
(95)	* (78)(8)
(27)	v0
(31)	e(27)
(46)	* (11)(8)
(47)	+ (31)(46)
(58)	/ (47)(31)
(65)	sin(58)
(93)	cos(65)
(99)	* (93)(7)
(106)	- (99)(95)
(116)	/ (85)(106)
(21)	4.960641211001832
(1)	v18
(3)	* (1)(1)
(10)	+ (5)(3)
(23)	+ (10)(3)
(36)	- (23)(15)
(57)	- (46)(36)
(89)	/ (21)(57)
(0)	0.14409235227503459
(2)	* (0)(1)
(14)	v19
(22)	/ (14)(21)
(17)	-14.034437273378796
(26)	/ (13)(17)
(28)	v8
(32)	- (28)(26)
(62)	- (22)(32)
(82)	+ (46)(62)
(112)	+ (2)(82)
(127)	* (89)(112)
(139)	+ (127)(116)
