(3)	2.4064717166785776
(10)	v28
(22)	/ (10)(3)
(12)	v11
(2)	v7
(4)	v4
(17)	* (2)(4)
(32)	e(17)
(37)	/ (12)(32)
(48)	cos(37)
(52)	cos(48)
(21)	v2
(26)	cos(21)
(28)	4.64380665137357
(44)	v13
(54)	- (28)(44)
(55)	- (26)(54)
(14)	-1.4750297446667346
(15)	cos(14)
(23)	e(15)
(9)	8.8579574806147
(18)	/ (17)(9)
(5)	v1
(6)	v19
(29)	- (6)(5)
(31)	+ (29)(18)
(40)	/ (31)(23)
(42)	v26
(19)	/ (3)(2)
(13)	18.91968449478228
(27)	e(13)
(43)	* (27)(19)
(46)	+ (42)(43)
(1)	1.8149725652385307
(7)	- (1)(2)
(24)	v8
(25)	- (7)(24)
(38)	- (25)(1)
(74)	- (38)(43)
(80)	+ (74)(46)
(84)	+ (40)(80)
(88)	/ (84)(55)
(100)	/ (88)(52)
(139)	+ (22)(100)
