(33)	v7
(17)	v1
(13)	9.116895958416595
(27)	sin(13)
(50)	* (27)(17)
(69)	+ (50)(33)
(6)	2.2539058173561877
(65)	v25
(77)	sin(65)
(85)	- (6)(77)
(129)	/ (69)(85)
(1)	v26
(2)	v28
(5)	- (1)(2)
(9)	v8
(10)	- (5)(9)
(4)	v19
(7)	-0.6546133065722373
(20)	* (4)(7)
(22)	- (10)(20)
(3)	-5.178319850158664
(15)	e(2)
(16)	cos(15)
(18)	v22
(19)	/ (18)(16)
(21)	sin(19)
(23)	- (3)(21)
(42)	* (22)(23)
(40)	v8
(54)	* (40)(21)
(25)	v23
(8)	v19
(30)	abs(8)
(35)	- (25)(30)
(46)	* (25)(35)
(49)	9.19041959864202
(87)	+ (46)(49)
(37)	v26
(14)	v5
(26)	e(3)
(28)	/ (23)(26)
(88)	/ (14)(28)
(93)	- (88)(37)
(95)	+ (87)(93)
(131)	- (95)(54)
(136)	/ (42)(131)
(139)	+ (129)(136)
