(0)	v5
(8)	sin(0)
(9)	sin(8)
(1)	-5.6102509452210825
(2)	+ (0)(1)
(4)	cos(2)
(10)	cos(4)
(7)	v8
(13)	cos(7)
(25)	+ (13)(10)
(5)	v16
(19)	v3
(23)	- (19)(5)
(36)	4.002700892307843
(40)	/ (23)(36)
(54)	sin(8)
(56)	+ (40)(54)
(81)	* (56)(25)
(82)	- (9)(81)
(58)	cos(1)
(67)	sin(58)
(78)	e(67)
(26)	-1.3531603990568328
(27)	e(26)
(50)	v7
(52)	+ (50)(27)
(3)	cos(2)
(16)	v26
(20)	+ (3)(16)
(24)	cos(20)
(30)	v25
(35)	+ (24)(30)
(14)	sin(7)
(39)	abs(14)
(70)	- (35)(39)
(83)	+ (70)(52)
(114)	/ (83)(78)
(139)	+ (114)(82)
