(0)	0.5605209262396471
(2)	v12
(6)	sin(2)
(7)	+ (6)(0)
(18)	v16
(24)	+ (7)(18)
(50)	v5
(63)	- (50)(24)
(55)	abs(7)
(1)	v13
(9)	cos(2)
(3)	- (1)(2)
(10)	* (3)(2)
(11)	+ (9)(10)
(12)	* (1)(11)
(25)	* (12)(7)
(56)	v11
(57)	- (56)(25)
(66)	cos(57)
(81)	e(66)
(89)	+ (55)(81)
(105)	/ (63)(89)
(80)	-2.2044066171401084
(23)	v15
(26)	* (23)(11)
(49)	* (0)(26)
(52)	abs(49)
(61)	v3
(28)	v7
(5)	v22
(14)	+ (1)(5)
(31)	sin(14)
(34)	- (28)(31)
(38)	v8
(60)	+ (38)(34)
(70)	v25
(72)	+ (60)(70)
(93)	- (72)(61)
(115)	- (52)(93)
(136)	/ (115)(80)
(139)	- (136)(105)
