(4)	-4.350273402537432
(1)	v11
(8)	v1
(9)	+ (8)(1)
(14)	v24
(26)	+ (9)(14)
(50)	+ (9)(26)
(11)	v22
(19)	sin(11)
(0)	3.5696153937218575
(2)	v16
(5)	* (0)(2)
(3)	v8
(6)	cos(3)
(10)	7.206130830267444
(12)	* (10)(6)
(24)	* (12)(11)
(32)	- (24)(5)
(36)	* (32)(19)
(69)	cos(36)
(30)	- (0)(9)
(38)	cos(11)
(39)	- (30)(38)
(51)	v8
(15)	4.169668542201201
(57)	v12
(58)	* (15)(57)
(73)	* (58)(51)
(86)	+ (39)(73)
(92)	- (69)(86)
(95)	- (92)(50)
(104)	+ (4)(95)
(7)	v5
(16)	v7
(17)	+ (16)(6)
(29)	* (4)(17)
(40)	+ (32)(29)
(42)	+ (40)(39)
(115)	+ (7)(42)
(139)	/ (115)(104)
