(8)	v26
(2)	v22
(7)	sin(2)
(21)	cos(7)
(28)	sin(21)
(40)	tan(28)
(38)	v28
(45)	cos(38)
(51)	/ (45)(40)
(53)	+ (51)(8)
(58)	v7
(3)	3.2287032235127526
(6)	+ (3)(3)
(13)	v23
(15)	+ (6)(13)
(17)	v8
(66)	+ (15)(17)
(74)	/ (58)(66)
(78)	* (74)(53)
(4)	-2.246097303256537
(22)	v17
(26)	v5
(32)	- (22)(26)
(19)	abs(17)
(25)	v20
(59)	* (19)(25)
(63)	+ (32)(59)
(72)	v16
(73)	+ (72)(63)
(81)	/ (73)(4)
(83)	- (81)(78)
(20)	tan(6)
(35)	sin(20)
(30)	v0
(47)	sin(30)
(18)	v11
(36)	* (17)(26)
(57)	cos(36)
(62)	* (18)(57)
(68)	+ (62)(47)
(5)	-2.3379582898439253
(34)	tan(7)
(37)	* (34)(5)
(70)	- (7)(37)
(76)	- (58)(70)
(88)	+ (76)(51)
(93)	+ (68)(88)
(117)	* (35)(93)
(139)	- (117)(83)
