(56)	3.259785464442693
(28)	v26
(52)	sin(28)
(64)	abs(52)
(65)	v7
(0)	v8
(16)	abs(0)
(24)	v20
(34)	* (16)(24)
(1)	-1.7171660354703455
(2)	tan(1)
(5)	- (0)(2)
(10)	e(5)
(9)	cos(5)
(14)	sin(9)
(15)	- (10)(14)
(20)	v22
(23)	- (20)(15)
(25)	v11
(41)	v5
(43)	- (25)(41)
(66)	- (43)(23)
(67)	+ (66)(34)
(71)	+ (65)(67)
(86)	- (71)(64)
(3)	e(0)
(6)	- (3)(2)
(7)	v25
(8)	- (6)(7)
(21)	/ (1)(15)
(31)	sin(28)
(33)	+ (23)(31)
(36)	+ (21)(33)
(114)	/ (8)(36)
(123)	v16
(126)	- (123)(114)
(131)	+ (126)(86)
(139)	/ (131)(56)
