(2)	-4.420213483307025
(0)	v1
(1)	v26
(3)	- (0)(1)
(4)	+ (2)(3)
(7)	v15
(9)	- (7)(4)
(11)	- (9)(4)
(23)	cos(11)
(57)	v19
(8)	/ (0)(4)
(10)	cos(4)
(14)	* (4)(10)
(17)	/ (8)(14)
(28)	v26
(42)	+ (28)(17)
(66)	abs(42)
(73)	abs(11)
(85)	/ (73)(66)
(89)	+ (85)(57)
(94)	/ (23)(89)
(101)	e(94)
(32)	v1
(5)	abs(1)
(20)	/ (5)(9)
(22)	2.731790201841605
(15)	-6.956695189274985
(19)	-19.6042623072727
(24)	- (19)(10)
(33)	abs(24)
(38)	- (33)(15)
(40)	/ (38)(22)
(52)	tan(40)
(63)	- (52)(20)
(100)	sin(63)
(103)	+ (32)(100)
(139)	* (101)(103)
