(0)	v18
(4)	v13
(5)	cos(4)
(7)	+ (5)(0)
(1)	-13.632880078287126
(8)	- (4)(1)
(13)	/ (7)(8)
(12)	3.0763028912728565
(65)	v6
(40)	v4
(44)	* (40)(12)
(24)	v6
(26)	abs(24)
(2)	v4
(9)	abs(2)
(32)	sin(9)
(42)	* (32)(12)
(68)	+ (26)(42)
(72)	/ (44)(68)
(81)	+ (65)(72)
(94)	/ (81)(12)
(10)	v1
(15)	v19
(18)	+ (15)(12)
(30)	* (18)(10)
(11)	v11
(17)	- (8)(11)
(27)	abs(15)
(67)	- (27)(17)
(22)	v15
(50)	+ (11)(32)
(55)	* (50)(5)
(58)	cos(55)
(73)	- (22)(58)
(74)	- (73)(67)
(101)	/ (30)(74)
(105)	+ (101)(94)
(139)	+ (105)(13)
