(60)	v1
(1)	-3.814541844585637
(0)	v1
(6)	abs(0)
(16)	e(6)
(33)	v6
(2)	v8
(3)	cos(2)
(9)	v27
(13)	+ (3)(9)
(15)	abs(13)
(21)	e(15)
(23)	2.940763310062124
(4)	sin(2)
(26)	+ (6)(4)
(27)	* (26)(23)
(58)	- (27)(21)
(10)	v16
(35)	v9
(54)	- (35)(10)
(22)	v20
(30)	* (22)(3)
(63)	e(30)
(64)	+ (54)(63)
(76)	sin(64)
(81)	+ (76)(58)
(85)	* (81)(33)
(86)	/ (85)(16)
(29)	v26
(36)	cos(29)
(39)	- (35)(36)
(50)	- (39)(2)
(7)	+ (4)(2)
(8)	/ (6)(7)
(32)	/ (21)(8)
(42)	* (27)(15)
(11)	-12.348955318759792
(12)	cos(11)
(24)	cos(16)
(40)	- (7)(24)
(44)	* (12)(40)
(52)	+ (44)(42)
(65)	/ (52)(32)
(89)	e(65)
(91)	/ (50)(89)
(98)	+ (86)(91)
(109)	/ (98)(1)
(139)	+ (60)(109)
