(29)	-3.6001715311418323
(37)	tan(29)
(46)	abs(37)
(48)	v1
(60)	* (48)(46)
(20)	8.073810929260688
(1)	v9
(2)	abs(1)
(9)	cos(2)
(23)	v13
(32)	+ (9)(23)
(67)	abs(32)
(10)	-14.952200284132577
(7)	cos(1)
(11)	v28
(13)	* (7)(11)
(31)	4.309587440063343
(55)	* (13)(31)
(72)	+ (10)(55)
(77)	- (72)(67)
(82)	/ (20)(77)
(18)	v1
(3)	v2
(21)	- (1)(20)
(28)	+ (3)(21)
(44)	- (18)(28)
(4)	v7
(5)	- (4)(2)
(6)	sin(5)
(15)	sin(6)
(16)	- (3)(15)
(34)	cos(16)
(52)	v26
(69)	+ (34)(52)
(24)	v26
(40)	abs(24)
(36)	v4
(12)	-9.170290878094782
(14)	- (4)(5)
(38)	+ (12)(14)
(39)	/ (1)(38)
(65)	- (39)(36)
(70)	+ (40)(65)
(87)	- (69)(70)
(97)	/ (87)(44)
(101)	/ (97)(82)
(139)	- (60)(101)
