(19)	0.26354423944567884
(4)	v26
(6)	3.12160231646736
(1)	v27
(9)	+ (6)(1)
(26)	- (9)(6)
(33)	+ (26)(4)
(62)	v15
(76)	+ (33)(62)
(5)	-13.755624910926043
(43)	v15
(45)	+ (5)(43)
(74)	sin(45)
(0)	v4
(3)	* (0)(1)
(10)	v17
(22)	- (3)(10)
(15)	/ (10)(9)
(30)	tan(15)
(31)	* (22)(30)
(40)	* (19)(31)
(44)	cos(40)
(56)	abs(44)
(2)	abs(0)
(11)	+ (3)(2)
(20)	/ (19)(11)
(34)	cos(20)
(53)	abs(4)
(64)	+ (15)(53)
(68)	* (64)(34)
(78)	* (68)(56)
(12)	v18
(16)	- (12)(9)
(17)	/ (0)(16)
(21)	+ (0)(17)
(60)	v6
(75)	+ (21)(60)
(80)	* (56)(75)
(105)	- (78)(80)
(118)	+ (105)(74)
(138)	- (76)(118)
(139)	* (138)(19)
