(10)	0.28663549849392567
(41)	-0.844406622999383
(18)	v10
(1)	-4.407902073063816
(11)	abs(1)
(3)	v13
(2)	1.222735785733704
(5)	tan(2)
(8)	- (5)(3)
(13)	v14
(14)	- (8)(13)
(23)	+ (11)(14)
(37)	+ (23)(18)
(48)	v8
(19)	v26
(33)	v13
(35)	- (19)(33)
(47)	cos(35)
(55)	+ (11)(47)
(58)	+ (55)(48)
(77)	/ (37)(58)
(86)	* (77)(41)
(0)	v3
(6)	+ (1)(0)
(9)	/ (6)(2)
(12)	- (9)(8)
(20)	/ (11)(12)
(70)	cos(20)
(72)	v1
(78)	+ (70)(72)
(25)	cos(19)
(39)	v6
(54)	+ (25)(39)
(90)	v4
(91)	+ (54)(90)
(92)	+ (91)(78)
(97)	+ (92)(86)
(139)	* (10)(97)
