(3)	v1
(0)	v26
(1)	5.612152491720941
(5)	/ (1)(0)
(9)	/ (0)(5)
(10)	- (0)(9)
(14)	e(0)
(17)	e(14)
(20)	/ (10)(17)
(29)	+ (20)(3)
(30)	14.350201550851715
(2)	* (0)(0)
(21)	+ (2)(9)
(38)	cos(21)
(44)	- (30)(38)
(49)	v21
(51)	+ (49)(44)
(63)	/ (29)(51)
(18)	e(14)
(26)	/ (18)(10)
(47)	cos(26)
(50)	cos(47)
(87)	e(50)
(45)	v14
(65)	-11.699728616188274
(114)	- (45)(65)
(7)	v10
(24)	v17
(25)	- (7)(24)
(43)	v4
(60)	- (43)(25)
(15)	v18
(39)	tan(15)
(83)	cos(39)
(91)	e(83)
(98)	+ (91)(60)
(125)	/ (98)(29)
(127)	+ (114)(125)
(132)	- (127)(87)
(139)	* (132)(63)
