(44)	v15
(33)	-7.127545564108564
(59)	v10
(61)	- (44)(59)
(69)	- (61)(33)
(86)	/ (44)(69)
(30)	v6
(16)	3.6351911884848995
(22)	-7.362506781339739
(36)	v21
(37)	- (36)(22)
(54)	/ (16)(37)
(67)	+ (30)(54)
(3)	v27
(2)	3.5708438798036504
(11)	/ (3)(2)
(18)	- (11)(3)
(19)	+ (18)(16)
(25)	/ (19)(22)
(5)	0.5792679442377455
(6)	- (5)(3)
(20)	abs(6)
(7)	v6
(0)	4.5856211116132926
(9)	+ (0)(7)
(10)	+ (9)(7)
(17)	cos(10)
(23)	abs(17)
(21)	v11
(24)	+ (16)(21)
(28)	/ (23)(24)
(38)	+ (20)(28)
(81)	+ (38)(30)
(88)	* (25)(81)
(90)	+ (88)(67)
(139)	+ (86)(90)
