(8)	v13
(1)	-18.377689769315616
(0)	-15.068824762758016
(2)	/ (1)(0)
(4)	0.2688902499441106
(6)	tan(4)
(7)	+ (6)(2)
(10)	- (1)(7)
(5)	sin(1)
(3)	v8
(18)	- (8)(3)
(24)	/ (5)(18)
(25)	5.124530420175702
(27)	e(25)
(28)	* (24)(27)
(37)	- (10)(28)
(49)	/ (8)(37)
(72)	sin(49)
(31)	v6
(20)	abs(6)
(23)	tan(20)
(46)	tan(23)
(55)	* (46)(31)
(14)	v7
(22)	v22
(26)	+ (22)(14)
(13)	v19
(17)	v1
(29)	- (13)(17)
(32)	v4
(38)	- (29)(32)
(21)	abs(14)
(9)	-13.516161963049274
(11)	* (9)(5)
(33)	cos(11)
(47)	- (21)(33)
(63)	+ (47)(38)
(75)	- (26)(63)
(81)	/ (75)(25)
(82)	+ (72)(81)
(107)	+ (55)(82)
(139)	+ (72)(107)
