(27)	v2
(6)	v15
(0)	-2.87847824850871
(1)	v24
(3)	+ (1)(0)
(7)	e(3)
(8)	- (3)(7)
(9)	sin(3)
(10)	abs(1)
(14)	- (9)(10)
(18)	- (8)(14)
(19)	- (6)(18)
(4)	v18
(5)	v15
(13)	- (5)(4)
(23)	sin(13)
(30)	* (23)(19)
(33)	- (27)(30)
(29)	v2
(37)	* (3)(9)
(43)	+ (29)(37)
(24)	abs(14)
(46)	-8.682105905164681
(60)	+ (46)(24)
(61)	+ (43)(60)
(69)	/ (33)(61)
(25)	-2.712658607875156
(41)	v26
(48)	v13
(57)	+ (41)(48)
(73)	/ (57)(25)
(110)	- (69)(73)
(11)	v8
(65)	+ (6)(11)
(80)	7.517015816236714
(105)	tan(80)
(113)	/ (65)(105)
(139)	+ (110)(113)
