(1)	v12
(8)	v26
(15)	+ (8)(1)
(2)	-1.3541917894642026
(4)	v13
(5)	sin(2)
(7)	+ (5)(4)
(19)	sin(7)
(11)	abs(8)
(3)	v2
(13)	v17
(14)	- (13)(3)
(23)	+ (11)(14)
(34)	+ (19)(23)
(37)	/ (34)(2)
(0)	18.981783943615405
(9)	/ (3)(0)
(25)	v15
(40)	+ (9)(25)
(49)	- (37)(40)
(97)	- (15)(49)
(96)	2.777553924698214
(48)	7.601593719326587
(26)	- (4)(3)
(28)	v3
(41)	- (28)(26)
(51)	sin(41)
(62)	tan(51)
(12)	v12
(16)	+ (12)(11)
(57)	cos(11)
(60)	- (57)(16)
(70)	cos(60)
(74)	+ (62)(70)
(75)	- (48)(74)
(122)	v0
(130)	+ (75)(122)
(138)	/ (96)(130)
(139)	* (97)(138)
