(49)	5.857764805490056
(65)	sin(49)
(3)	v2
(7)	v26
(10)	abs(7)
(11)	- (3)(10)
(0)	v12
(2)	cos(0)
(4)	v17
(6)	- (2)(4)
(30)	sin(6)
(39)	v13
(46)	- (39)(30)
(47)	- (11)(46)
(53)	1.6335782836853312
(60)	/ (47)(53)
(15)	v26
(23)	v8
(32)	+ (15)(23)
(24)	v18
(14)	-1.4470121994446004
(5)	v20
(8)	* (5)(0)
(12)	* (6)(8)
(27)	abs(12)
(37)	- (27)(14)
(42)	/ (24)(37)
(63)	- (42)(32)
(71)	+ (60)(63)
(73)	v15
(97)	- (71)(73)
(115)	* (65)(97)
(1)	v16
(20)	cos(12)
(21)	- (1)(20)
(35)	/ (8)(5)
(68)	-10.634749531557123
(77)	/ (68)(35)
(124)	/ (21)(77)
(139)	+ (115)(124)
