(5)	v3
(22)	10.125184706006166
(0)	v21
(8)	cos(0)
(11)	tan(8)
(26)	e(11)
(29)	/ (22)(26)
(24)	v20
(6)	9.472135880936108
(12)	tan(6)
(13)	* (5)(12)
(25)	- (24)(13)
(34)	v8
(35)	* (25)(34)
(40)	+ (35)(24)
(42)	/ (40)(29)
(50)	- (5)(42)
(23)	-16.402600781167646
(46)	- (42)(23)
(47)	/ (46)(6)
(43)	v2
(44)	v8
(59)	+ (44)(43)
(71)	/ (59)(47)
(83)	+ (50)(71)
(1)	v26
(16)	2.5080168664243594
(2)	- (1)(0)
(3)	cos(2)
(4)	cos(3)
(18)	sin(5)
(30)	+ (18)(4)
(9)	-4.574397802013465
(20)	cos(11)
(37)	* (9)(20)
(45)	* (37)(30)
(48)	- (16)(45)
(51)	/ (1)(48)
(66)	+ (51)(44)
(70)	v16
(95)	+ (70)(66)
(139)	- (95)(83)
