(0)	v2
(5)	sin(0)
(7)	abs(5)
(20)	cos(7)
(28)	v5
(33)	- (20)(28)
(84)	sin(33)
(86)	cos(84)
(22)	v16
(24)	v24
(29)	+ (22)(24)
(9)	v3
(1)	v23
(6)	-1.6787052513134597
(10)	/ (1)(6)
(14)	sin(10)
(15)	+ (9)(14)
(16)	10.301491801610709
(18)	sin(16)
(49)	/ (18)(15)
(34)	e(5)
(3)	19.836452009940693
(26)	+ (5)(3)
(19)	19.65853662456319
(11)	v0
(17)	-7.0643460004347105
(21)	sin(17)
(27)	/ (21)(15)
(40)	* (11)(27)
(41)	- (40)(19)
(42)	+ (26)(41)
(66)	- (34)(42)
(85)	/ (66)(49)
(137)	+ (85)(29)
(139)	* (86)(137)
