(2)	v10
(3)	v3
(5)	- (3)(2)
(0)	v24
(1)	v25
(7)	sin(3)
(8)	- (7)(1)
(13)	- (0)(8)
(14)	- (13)(5)
(20)	v16
(43)	- (20)(3)
(81)	+ (14)(43)
(11)	sin(2)
(26)	cos(0)
(31)	* (26)(11)
(4)	5.770143697271806
(6)	tan(4)
(27)	v5
(32)	+ (6)(27)
(41)	* (31)(32)
(62)	abs(41)
(19)	9.338304098644631
(23)	abs(7)
(10)	sin(2)
(15)	-6.02117546043778
(29)	- (15)(10)
(33)	+ (29)(11)
(48)	+ (33)(23)
(50)	+ (19)(48)
(22)	v13
(39)	+ (27)(22)
(35)	v24
(47)	+ (35)(19)
(57)	- (47)(39)
(73)	/ (57)(50)
(109)	+ (73)(62)
(139)	/ (81)(109)
