(1)	0.24070544718664166
(2)	+ (1)(1)
(32)	tan(2)
(8)	1.7206261827267753
(47)	v10
(60)	/ (47)(8)
(0)	5.0036494267829745
(11)	sin(0)
(15)	v25
(17)	/ (15)(11)
(3)	tan(0)
(5)	v20
(7)	/ (5)(3)
(10)	cos(7)
(12)	/ (7)(10)
(16)	/ (12)(0)
(20)	e(16)
(34)	/ (17)(20)
(53)	v2
(58)	+ (34)(53)
(61)	sin(58)
(38)	v3
(6)	v8
(39)	abs(6)
(57)	sin(39)
(67)	* (38)(57)
(71)	v16
(73)	+ (67)(71)
(76)	- (73)(61)
(80)	+ (60)(76)
(100)	* (32)(80)
(19)	v26
(13)	- (11)(11)
(14)	v27
(22)	+ (14)(13)
(28)	- (5)(22)
(4)	+ (0)(0)
(41)	cos(4)
(43)	+ (41)(38)
(46)	- (28)(43)
(50)	/ (0)(46)
(69)	/ (19)(50)
(74)	+ (7)(38)
(115)	- (74)(69)
(139)	- (100)(115)
