(6)	-1.867472487837528
(2)	v20
(8)	sin(2)
(14)	v22
(16)	+ (14)(8)
(18)	e(16)
(0)	-1.3206800992822387
(9)	v10
(23)	/ (9)(0)
(28)	+ (23)(18)
(33)	sin(28)
(34)	+ (33)(6)
(45)	abs(8)
(54)	/ (45)(34)
(57)	e(54)
(17)	v16
(11)	cos(8)
(27)	v3
(3)	v25
(5)	3.607201304551811
(7)	/ (3)(5)
(12)	v2
(13)	v11
(15)	- (13)(12)
(20)	* (7)(2)
(24)	+ (15)(20)
(4)	v8
(30)	- (4)(17)
(40)	+ (24)(30)
(32)	v9
(26)	v21
(37)	+ (5)(26)
(42)	- (32)(37)
(44)	/ (40)(42)
(49)	- (44)(7)
(59)	+ (49)(27)
(104)	+ (59)(11)
(128)	- (17)(104)
(139)	+ (57)(128)
