(0)	v25
(1)	-8.259700790786928
(2)	* (1)(0)
(3)	5.638118698708968
(7)	- (3)(0)
(10)	-8.487858035235591
(11)	* (10)(7)
(14)	-13.562336968934732
(16)	- (11)(14)
(21)	/ (2)(16)
(6)	v16
(20)	v3
(25)	- (20)(6)
(26)	sin(25)
(28)	- (21)(26)
(9)	v21
(19)	cos(9)
(22)	e(19)
(33)	+ (22)(1)
(29)	v22
(30)	* (29)(25)
(4)	v2
(27)	v10
(31)	- (27)(4)
(37)	- (30)(31)
(49)	+ (37)(3)
(69)	/ (49)(33)
(97)	+ (69)(28)
(5)	sin(3)
(64)	sin(5)
(40)	v13
(44)	cos(40)
(74)	v8
(77)	- (44)(74)
(88)	* (77)(64)
(103)	cos(88)
(139)	+ (103)(97)
