(1)	v8
(2)	v19
(4)	- (2)(1)
(5)	sin(1)
(6)	- (5)(4)
(11)	2.942921839758533
(20)	abs(11)
(28)	/ (6)(20)
(29)	cos(28)
(0)	v10
(55)	-4.5029476899201715
(58)	- (1)(55)
(67)	/ (0)(58)
(32)	v23
(33)	v18
(41)	- (32)(33)
(8)	v20
(9)	* (8)(8)
(14)	e(9)
(30)	- (8)(14)
(31)	e(30)
(3)	v25
(10)	abs(2)
(13)	+ (10)(3)
(25)	/ (13)(11)
(7)	v26
(15)	sin(7)
(16)	+ (8)(15)
(17)	v2
(22)	- (17)(16)
(39)	sin(22)
(60)	- (39)(25)
(61)	+ (60)(31)
(62)	- (41)(61)
(73)	1.4487950625159485
(89)	/ (62)(73)
(105)	+ (89)(67)
(139)	* (29)(105)
