(8)	v2
(14)	v11
(28)	-3.4362494845079254
(33)	/ (14)(28)
(37)	+ (8)(33)
(57)	sin(37)
(3)	-8.702084545317472
(6)	cos(3)
(23)	v15
(34)	v20
(55)	- (23)(34)
(12)	v17
(63)	- (28)(12)
(35)	-1.1783155933784144
(65)	cos(35)
(69)	+ (63)(65)
(73)	/ (55)(69)
(95)	e(73)
(102)	/ (95)(6)
(119)	/ (57)(102)
(7)	v16
(0)	3.2154754059624047
(17)	v14
(41)	cos(17)
(47)	- (0)(41)
(1)	v26
(36)	+ (34)(1)
(2)	v13
(11)	cos(2)
(31)	v8
(45)	* (31)(11)
(50)	+ (45)(36)
(58)	/ (50)(47)
(76)	v3
(78)	- (76)(58)
(127)	- (78)(7)
(139)	- (119)(127)
