(5)	-0.20756280106951763
(24)	-1.0226600513145954
(33)	abs(24)
(2)	-2.004602605721729
(1)	v0
(3)	v23
(4)	- (3)(1)
(8)	sin(4)
(9)	* (8)(2)
(11)	v18
(16)	cos(11)
(20)	+ (16)(9)
(45)	-8.283280713090559
(51)	/ (20)(45)
(77)	- (33)(51)
(103)	e(77)
(19)	v27
(53)	v16
(58)	- (19)(53)
(13)	v26
(6)	v8
(0)	v5
(10)	* (3)(0)
(15)	- (10)(6)
(17)	- (15)(13)
(22)	/ (17)(2)
(14)	- (0)(4)
(27)	sin(14)
(30)	cos(27)
(47)	+ (30)(22)
(28)	v3
(34)	0.02813738764999485
(41)	e(34)
(49)	v3
(54)	* (49)(41)
(55)	+ (28)(54)
(65)	- (47)(55)
(67)	v19
(70)	+ (67)(65)
(107)	- (58)(70)
(62)	v25
(36)	v0
(44)	* (36)(41)
(12)	v4
(97)	cos(12)
(100)	* (44)(97)
(108)	+ (100)(62)
(110)	- (107)(108)
(123)	/ (110)(103)
(139)	- (5)(123)
