(10)	v27
(0)	8.55083174914379
(1)	v13
(3)	- (0)(1)
(5)	-11.447962279595645
(6)	/ (5)(3)
(13)	v12
(17)	* (13)(6)
(42)	+ (10)(17)
(4)	v4
(19)	sin(4)
(25)	v26
(11)	v5
(28)	v19
(31)	- (28)(11)
(33)	+ (25)(31)
(53)	- (33)(19)
(55)	- (53)(42)
(15)	v2
(26)	cos(15)
(57)	cos(26)
(62)	e(57)
(80)	/ (55)(62)
(39)	v3
(20)	-4.506886611678871
(27)	v16
(7)	cos(4)
(8)	0.08530811645882608
(21)	+ (3)(8)
(24)	cos(21)
(30)	* (7)(24)
(32)	+ (27)(30)
(43)	/ (32)(20)
(2)	v5
(12)	+ (7)(2)
(14)	+ (12)(2)
(16)	cos(14)
(40)	v27
(45)	+ (20)(40)
(47)	/ (16)(45)
(54)	+ (43)(47)
(96)	+ (39)(54)
(122)	- (11)(96)
(139)	+ (122)(80)
