(26)	-2.310750334344146
(0)	v27
(21)	v25
(39)	+ (21)(0)
(54)	/ (39)(26)
(2)	v3
(5)	v25
(8)	- (2)(5)
(49)	-1.6780482308297167
(78)	/ (8)(49)
(31)	v0
(4)	-2.509736400041376
(3)	cos(0)
(6)	+ (3)(0)
(12)	-6.3304521475021005
(20)	- (12)(6)
(25)	cos(6)
(27)	* (20)(25)
(40)	e(27)
(44)	- (4)(40)
(66)	/ (31)(44)
(1)	v19
(16)	v7
(10)	v2
(17)	+ (10)(8)
(19)	- (16)(17)
(15)	-4.300067352590347
(14)	-1.616646228589186
(18)	cos(14)
(29)	+ (10)(18)
(34)	+ (29)(15)
(42)	- (19)(34)
(45)	e(44)
(47)	* (45)(42)
(60)	* (1)(47)
(32)	v8
(24)	v26
(7)	v23
(23)	sin(7)
(36)	+ (21)(23)
(55)	+ (36)(24)
(61)	+ (32)(55)
(63)	/ (61)(15)
(69)	- (63)(60)
(79)	+ (66)(69)
(102)	- (79)(78)
(139)	- (54)(102)
