(11)	v19
(18)	4.026638014501096
(25)	+ (11)(18)
(28)	v26
(40)	/ (28)(25)
(21)	v16
(0)	0.916470431421331
(1)	v24
(3)	* (0)(1)
(2)	v22
(6)	v8
(9)	+ (2)(6)
(5)	v25
(12)	v27
(17)	- (5)(12)
(26)	+ (9)(17)
(27)	+ (3)(26)
(36)	+ (21)(27)
(47)	-3.108402252161028
(67)	/ (36)(47)
(13)	/ (5)(0)
(22)	v4
(23)	- (22)(13)
(31)	sin(23)
(51)	cos(31)
(65)	v3
(56)	sin(22)
(24)	-0.8904050752371759
(64)	tan(24)
(73)	/ (56)(64)
(75)	- (65)(73)
(7)	-17.196297069960917
(19)	cos(7)
(29)	cos(22)
(71)	+ (29)(19)
(81)	cos(71)
(84)	sin(81)
(95)	* (75)(84)
(114)	* (51)(95)
(115)	+ (67)(114)
(139)	- (40)(115)
