(20)	v22
(3)	v16
(11)	sin(3)
(1)	v0
(4)	v27
(7)	- (1)(4)
(9)	sin(7)
(10)	v3
(16)	- (9)(10)
(18)	v25
(23)	+ (16)(18)
(30)	1.6844613790966712
(32)	* (23)(30)
(35)	+ (11)(32)
(38)	+ (20)(35)
(8)	sin(1)
(2)	v4
(21)	abs(2)
(26)	+ (21)(8)
(22)	6.951676409983968
(27)	- (26)(16)
(41)	- (22)(27)
(57)	/ (26)(41)
(92)	e(57)
(31)	3.847427260602956
(15)	v4
(17)	v12
(19)	- (11)(17)
(44)	+ (35)(19)
(53)	+ (15)(44)
(63)	abs(53)
(62)	sin(38)
(81)	+ (21)(62)
(90)	+ (22)(81)
(96)	+ (63)(90)
(108)	/ (96)(31)
(52)	tan(22)
(12)	v19
(47)	/ (12)(38)
(50)	abs(47)
(91)	sin(50)
(115)	* (91)(52)
(116)	- (108)(115)
(125)	* (92)(116)
(139)	/ (38)(125)
