(41)	-3.543701834869207
(39)	v19
(15)	v20
(35)	v16
(40)	+ (35)(15)
(53)	+ (40)(39)
(82)	/ (53)(41)
(0)	4.264700337746845
(19)	abs(0)
(24)	13.639400868703426
(25)	/ (19)(24)
(21)	v2
(22)	cos(21)
(37)	v24
(42)	* (37)(22)
(46)	* (42)(25)
(26)	-16.2501751407288
(9)	v3
(13)	+ (9)(9)
(1)	v4
(4)	sin(1)
(5)	v27
(10)	+ (4)(5)
(11)	v26
(23)	- (11)(10)
(29)	- (13)(23)
(2)	* (1)(1)
(3)	/ (2)(1)
(8)	e(3)
(14)	- (8)(3)
(27)	v25
(30)	/ (27)(14)
(31)	- (30)(29)
(44)	* (31)(25)
(67)	- (44)(26)
(103)	+ (46)(67)
(114)	- (103)(82)
(18)	v8
(20)	3.537882762433661
(52)	/ (20)(18)
(58)	abs(4)
(60)	cos(58)
(78)	/ (60)(52)
(135)	+ (78)(26)
(139)	+ (114)(135)
