(5)	-0.368498249871422
(10)	-2.4104474469620705
(12)	- (10)(5)
(19)	cos(12)
(2)	v16
(22)	+ (2)(5)
(24)	* (19)(22)
(26)	v19
(47)	- (24)(26)
(0)	-2.148425564961947
(23)	v7
(29)	+ (0)(23)
(34)	e(29)
(17)	2.520043797650512
(16)	v28
(32)	sin(16)
(44)	+ (17)(32)
(57)	- (34)(44)
(58)	/ (47)(57)
(1)	v3
(38)	-0.7117313877861093
(48)	* (38)(1)
(7)	v15
(21)	- (10)(7)
(28)	e(21)
(25)	0.12698258481148272
(8)	v8
(9)	v27
(13)	v25
(18)	- (9)(13)
(27)	v0
(31)	- (18)(27)
(35)	- (31)(8)
(37)	* (35)(10)
(41)	* (37)(25)
(56)	+ (28)(41)
(79)	+ (48)(56)
(139)	+ (58)(79)
