(6)	v0
(20)	-13.590354651130966
(21)	-9.934404767967923
(22)	v26
(38)	+ (21)(22)
(40)	/ (20)(38)
(43)	v15
(58)	* (43)(40)
(64)	abs(20)
(66)	/ (58)(64)
(67)	tan(66)
(0)	v3
(2)	sin(0)
(14)	+ (6)(2)
(29)	- (21)(6)
(32)	+ (29)(14)
(15)	v19
(3)	v4
(18)	5.535705916522851
(36)	- (18)(3)
(39)	+ (15)(36)
(60)	/ (39)(32)
(10)	v25
(16)	- (10)(14)
(28)	sin(16)
(47)	sin(39)
(63)	+ (28)(47)
(70)	* (63)(60)
(4)	v17
(26)	+ (14)(4)
(74)	sin(26)
(75)	e(74)
(13)	sin(2)
(19)	sin(13)
(31)	- (19)(29)
(11)	-16.86234480014776
(25)	v5
(27)	- (11)(25)
(8)	* (4)(3)
(34)	+ (8)(19)
(35)	* (34)(6)
(44)	- (35)(22)
(46)	+ (44)(27)
(50)	v25
(56)	- (50)(46)
(72)	/ (56)(31)
(82)	cos(72)
(90)	* (82)(75)
(106)	+ (90)(70)
(133)	+ (106)(67)
(139)	- (6)(133)
