(0)	-17.145421775799598
(14)	v3
(1)	v4
(4)	v27
(11)	+ (4)(1)
(12)	cos(11)
(13)	-10.164865012301863
(17)	- (12)(13)
(38)	/ (14)(17)
(66)	* (0)(38)
(3)	v16
(6)	12.083587137633856
(9)	- (6)(0)
(15)	2.1992195170178164
(2)	v19
(5)	+ (2)(3)
(7)	v22
(8)	+ (7)(5)
(16)	* (12)(8)
(18)	- (5)(17)
(21)	- (18)(16)
(27)	* (21)(15)
(31)	/ (27)(9)
(32)	* (3)(31)
(10)	- (4)(7)
(26)	v0
(28)	v25
(33)	+ (2)(28)
(40)	+ (26)(33)
(45)	- (10)(40)
(47)	+ (32)(45)
(52)	2.9424912697152195
(55)	/ (47)(52)
(67)	- (14)(55)
(139)	+ (67)(66)
