(50)	13.425720663650978
(0)	v13
(1)	v8
(3)	+ (0)(1)
(20)	10.344357421936753
(22)	v17
(32)	- (22)(20)
(53)	- (3)(32)
(8)	v15
(18)	-7.8542032571819576
(25)	* (8)(18)
(2)	* (1)(1)
(10)	-2.040966748053723
(12)	v16
(13)	/ (10)(12)
(19)	- (13)(2)
(23)	-13.32736979951671
(31)	- (20)(23)
(40)	+ (31)(19)
(4)	-12.586279039913375
(5)	19.4214898499565
(7)	- (1)(5)
(14)	- (7)(4)
(11)	v7
(30)	v26
(34)	+ (30)(11)
(49)	/ (34)(14)
(58)	* (40)(49)
(65)	+ (25)(58)
(77)	+ (53)(65)
(80)	/ (77)(50)
(21)	+ (19)(4)
(28)	+ (19)(21)
(99)	sin(28)
(105)	cos(99)
(139)	- (105)(80)
