(60)	-2.9491686324321833
(80)	5.113511401045315
(92)	/ (80)(60)
(4)	-2.2697924001562058
(1)	17.159950286956118
(3)	v24
(6)	/ (3)(1)
(8)	* (6)(4)
(29)	v1
(32)	- (3)(29)
(82)	v25
(89)	- (32)(82)
(28)	e(8)
(47)	v14
(14)	v18
(5)	cos(3)
(19)	abs(5)
(22)	- (14)(19)
(23)	abs(22)
(24)	* (23)(14)
(0)	18.2591878528132
(30)	tan(0)
(50)	- (30)(24)
(66)	- (50)(47)
(99)	/ (66)(28)
(110)	+ (89)(99)
(111)	+ (8)(110)
(10)	v0
(62)	cos(10)
(101)	6.05521032956398
(123)	- (101)(62)
(136)	/ (123)(111)
(139)	/ (92)(136)
