(5)	-4.534671993517012
(12)	v20
(15)	/ (12)(5)
(17)	v21
(0)	v5
(1)	v1
(3)	- (1)(0)
(7)	cos(1)
(11)	* (3)(7)
(19)	- (5)(11)
(20)	/ (17)(19)
(41)	+ (20)(15)
(2)	+ (0)(0)
(22)	v15
(35)	+ (2)(22)
(8)	-0.5150599679635093
(13)	* (8)(2)
(37)	+ (13)(17)
(4)	7.41323828467479
(14)	v5
(36)	* (14)(4)
(21)	abs(20)
(23)	- (7)(19)
(34)	/ (23)(21)
(40)	+ (34)(13)
(46)	/ (36)(40)
(58)	* (37)(46)
(64)	- (58)(35)
(51)	-12.169188070189158
(16)	- (8)(13)
(42)	v6
(43)	/ (16)(42)
(50)	/ (15)(43)
(53)	abs(50)
(65)	- (53)(51)
(33)	14.486266244495518
(73)	cos(33)
(83)	* (73)(65)
(84)	/ (64)(83)
(139)	- (84)(41)
