(7)	v20
(8)	v5
(18)	-2.527661650276265
(20)	* (18)(8)
(25)	- (7)(20)
(51)	3.328571396915251
(54)	cos(51)
(33)	v1
(55)	sin(33)
(61)	* (55)(54)
(5)	v21
(24)	v15
(28)	+ (24)(5)
(30)	/ (28)(25)
(43)	-1.793912352187462
(44)	- (43)(30)
(45)	- (30)(44)
(4)	-8.166235937536266
(3)	v23
(6)	e(5)
(11)	- (8)(6)
(12)	- (11)(3)
(9)	-19.464912427373786
(14)	- (11)(9)
(19)	/ (12)(14)
(22)	e(8)
(32)	/ (19)(22)
(40)	+ (4)(32)
(1)	-4.33393707768872
(29)	v3
(34)	- (29)(1)
(49)	/ (6)(34)
(60)	- (49)(40)
(74)	/ (45)(60)
(76)	+ (55)(74)
(77)	+ (61)(76)
(139)	* (25)(77)
