(7)	-15.4321052920953
(19)	cos(7)
(30)	cos(19)
(31)	v5
(33)	* (31)(30)
(41)	sin(33)
(5)	v23
(0)	16.44725243560474
(3)	- (0)(0)
(6)	cos(3)
(8)	/ (6)(5)
(10)	+ (7)(8)
(1)	v21
(2)	tan(0)
(12)	+ (2)(1)
(14)	/ (12)(10)
(11)	* (1)(2)
(13)	/ (5)(10)
(22)	+ (13)(11)
(23)	+ (14)(22)
(34)	sin(22)
(35)	- (23)(34)
(39)	-4.602168695711089
(54)	- (35)(39)
(4)	v15
(40)	v20
(42)	+ (40)(22)
(49)	+ (42)(4)
(21)	v19
(24)	- (21)(4)
(56)	cos(34)
(47)	v28
(52)	* (35)(47)
(63)	abs(52)
(65)	* (63)(56)
(83)	* (24)(65)
(103)	+ (49)(83)
(128)	/ (103)(54)
(139)	+ (41)(128)
