(0)	v20
(2)	v21
(3)	- (0)(2)
(5)	-0.5876212317241993
(16)	* (3)(5)
(10)	v21
(1)	v5
(14)	v15
(18)	* (5)(14)
(20)	- (18)(1)
(34)	- (20)(10)
(37)	+ (34)(16)
(38)	v5
(59)	cos(38)
(73)	cos(59)
(25)	v11
(31)	7.890613657937937
(36)	+ (31)(25)
(21)	-6.6675689006109415
(17)	v28
(19)	- (0)(17)
(11)	v19
(22)	sin(11)
(24)	2.362860550239361
(28)	+ (24)(22)
(32)	/ (19)(28)
(41)	+ (21)(32)
(44)	abs(32)
(48)	+ (44)(41)
(74)	/ (36)(48)
(77)	- (74)(73)
(8)	e(2)
(15)	* (0)(14)
(35)	- (8)(15)
(51)	+ (35)(37)
(58)	/ (51)(31)
(95)	cos(58)
(99)	/ (95)(77)
(139)	* (37)(99)
