(17)	18.41223503473075
(2)	v21
(1)	-3.689966017611951
(4)	cos(1)
(5)	* (2)(4)
(10)	e(5)
(0)	v11
(3)	cos(0)
(7)	* (4)(3)
(18)	e(7)
(19)	/ (18)(10)
(23)	- (19)(17)
(8)	v24
(14)	5.180580391355818
(20)	+ (8)(14)
(24)	sin(20)
(26)	/ (24)(23)
(36)	v20
(15)	v5
(34)	e(1)
(37)	* (23)(34)
(44)	/ (15)(37)
(45)	- (44)(36)
(53)	-4.909583691646397
(57)	cos(15)
(59)	+ (53)(57)
(60)	/ (45)(59)
(69)	+ (26)(60)
(11)	v15
(30)	- (11)(5)
(9)	abs(8)
(27)	/ (9)(1)
(32)	- (1)(27)
(28)	- (19)(0)
(29)	* (28)(4)
(66)	abs(29)
(71)	- (66)(32)
(95)	/ (30)(71)
(139)	+ (95)(69)
