(70)	1.002032418742651
(1)	-4.363528234889063
(0)	v20
(4)	v21
(6)	+ (0)(4)
(7)	* (1)(6)
(21)	cos(7)
(49)	cos(21)
(59)	-6.10024890631076
(64)	- (49)(59)
(23)	8.554771947291542
(8)	v21
(10)	abs(8)
(12)	tan(10)
(3)	5.407956389292686
(19)	/ (10)(3)
(27)	* (8)(19)
(42)	/ (27)(12)
(47)	+ (42)(23)
(65)	v27
(67)	- (65)(47)
(74)	/ (67)(64)
(97)	- (74)(70)
(9)	9.367346642115475
(15)	+ (3)(6)
(16)	+ (15)(9)
(18)	v15
(30)	+ (16)(18)
(32)	/ (30)(9)
(40)	v27
(43)	+ (40)(1)
(45)	v5
(54)	/ (45)(43)
(60)	- (32)(54)
(136)	cos(60)
(139)	* (136)(97)
