(0)	v8
(1)	v17
(3)	- (1)(0)
(4)	v4
(6)	cos(4)
(7)	- (3)(6)
(8)	- (4)(0)
(11)	sin(8)
(16)	+ (11)(7)
(13)	v6
(24)	cos(13)
(19)	v14
(39)	cos(19)
(43)	* (39)(24)
(55)	- (16)(43)
(48)	4.340398152277714
(28)	v6
(30)	v25
(34)	- (28)(30)
(57)	sin(34)
(59)	+ (57)(48)
(65)	/ (55)(59)
(18)	v11
(20)	-9.104757855745618
(31)	/ (18)(20)
(12)	v3
(10)	cos(8)
(14)	- (10)(4)
(17)	v28
(23)	+ (17)(14)
(26)	- (23)(12)
(36)	-2.783613129529524
(38)	/ (26)(36)
(41)	+ (38)(31)
(77)	- (0)(41)
(88)	+ (65)(77)
(47)	v7
(5)	16.94362767128697
(45)	cos(5)
(75)	sin(45)
(102)	+ (48)(75)
(111)	/ (47)(102)
(139)	+ (88)(111)
