(1)	v4
(2)	v3
(4)	+ (2)(1)
(6)	v8
(19)	- (4)(6)
(5)	v17
(9)	v7
(13)	+ (9)(5)
(7)	v28
(22)	+ (7)(6)
(24)	+ (13)(22)
(25)	- (24)(19)
(0)	0.041653715316336104
(17)	- (0)(7)
(34)	cos(17)
(28)	v11
(3)	- (2)(1)
(37)	- (17)(3)
(27)	-3.9657211286108236
(29)	e(9)
(42)	- (29)(27)
(43)	+ (42)(37)
(46)	- (28)(43)
(66)	/ (34)(46)
(82)	e(66)
(49)	0.22404593196421274
(51)	-2.148853878982674
(53)	+ (49)(51)
(11)	v2
(14)	cos(11)
(40)	5.907941226414096
(67)	- (14)(40)
(108)	/ (53)(67)
(109)	* (108)(82)
(139)	* (25)(109)
