(1)	v8
(3)	+ (1)(1)
(9)	v17
(27)	+ (3)(9)
(10)	v7
(4)	v11
(6)	2.7574553222412312
(24)	/ (4)(6)
(30)	+ (10)(24)
(31)	+ (27)(30)
(19)	v4
(21)	v3
(36)	+ (21)(19)
(40)	- (31)(36)
(58)	v28
(75)	+ (40)(58)
(32)	-10.420634251446966
(11)	v21
(20)	abs(11)
(2)	sin(1)
(26)	* (2)(19)
(49)	/ (20)(26)
(53)	- (49)(32)
(71)	v8
(89)	v22
(91)	+ (89)(71)
(98)	/ (91)(53)
(25)	3.2140968313198215
(34)	v3
(39)	cos(34)
(77)	* (19)(39)
(12)	v18
(17)	- (2)(12)
(44)	e(17)
(15)	-10.365777969350027
(50)	+ (15)(20)
(81)	- (44)(50)
(82)	- (81)(77)
(103)	/ (82)(25)
(107)	+ (103)(98)
(139)	/ (75)(107)
