(6)	-3.3312431719633615
(13)	v5
(22)	/ (13)(6)
(2)	v1
(10)	2.578264954029976
(12)	/ (2)(10)
(5)	6.062335843580755
(25)	e(12)
(30)	* (25)(5)
(51)	/ (12)(30)
(70)	-4.592969854633546
(1)	v17
(31)	v15
(75)	+ (31)(1)
(0)	-13.997008956038645
(3)	+ (0)(0)
(4)	/ (1)(3)
(14)	v11
(23)	- (14)(4)
(36)	v13
(39)	sin(31)
(64)	+ (36)(39)
(78)	- (23)(64)
(81)	- (78)(75)
(85)	/ (81)(70)
(100)	+ (51)(85)
(26)	v16
(24)	abs(14)
(44)	* (5)(24)
(52)	/ (26)(44)
(93)	sin(52)
(119)	cos(93)
(120)	/ (100)(119)
(139)	- (120)(22)
