(33)	19.135262593227147
(67)	tan(33)
(53)	v15
(0)	v5
(70)	v17
(75)	+ (0)(70)
(87)	v28
(93)	+ (75)(87)
(25)	v28
(1)	v23
(4)	sin(1)
(17)	e(4)
(26)	tan(17)
(40)	/ (25)(26)
(50)	11.37011628820579
(58)	+ (40)(50)
(8)	v14
(7)	v6
(14)	v11
(20)	- (7)(14)
(51)	- (20)(8)
(9)	v26
(2)	v22
(11)	- (2)(9)
(16)	- (9)(11)
(13)	-0.3009512438063844
(5)	tan(2)
(15)	* (11)(5)
(22)	+ (13)(15)
(31)	- (16)(22)
(60)	/ (31)(50)
(72)	+ (51)(60)
(78)	/ (58)(72)
(30)	6.134106557016814
(54)	v5
(90)	+ (54)(30)
(96)	/ (90)(78)
(102)	+ (96)(93)
(117)	+ (102)(53)
(139)	* (67)(117)
