(56)	v27
(3)	-5.386865729584077
(2)	v26
(9)	cos(2)
(10)	+ (3)(9)
(1)	v13
(5)	v27
(16)	+ (5)(1)
(7)	v23
(4)	v9
(12)	+ (2)(4)
(48)	+ (12)(7)
(49)	- (16)(48)
(62)	/ (49)(10)
(74)	+ (62)(56)
(33)	v1
(14)	v15
(8)	tan(4)
(15)	* (8)(2)
(21)	- (15)(14)
(13)	2.7100912806418123
(11)	-8.628127833961097
(17)	tan(4)
(18)	tan(17)
(25)	- (11)(18)
(38)	* (13)(25)
(41)	- (38)(21)
(46)	/ (33)(41)
(36)	tan(11)
(28)	v12
(29)	v0
(40)	/ (29)(12)
(42)	+ (3)(40)
(55)	/ (42)(28)
(89)	/ (36)(55)
(93)	- (89)(46)
(139)	+ (74)(93)
