(40)	-19.657687344625906
(44)	tan(40)
(29)	v6
(8)	v23
(1)	v1
(7)	v11
(11)	+ (7)(1)
(15)	+ (11)(8)
(3)	v16
(4)	tan(3)
(6)	sin(4)
(21)	6.206414926773114
(25)	+ (6)(21)
(34)	/ (15)(25)
(49)	- (29)(34)
(50)	* (44)(49)
(0)	v6
(27)	v27
(9)	v7
(10)	3.784499561310021
(12)	+ (9)(10)
(24)	v15
(28)	/ (24)(12)
(31)	+ (27)(28)
(63)	2.851115196982544
(68)	/ (31)(63)
(39)	6.895854204295912
(20)	-15.121580515824737
(19)	cos(9)
(36)	tan(19)
(46)	- (20)(36)
(51)	/ (46)(39)
(55)	sin(51)
(2)	- (0)(1)
(16)	- (10)(2)
(62)	/ (49)(16)
(81)	/ (62)(55)
(90)	- (81)(68)
(112)	- (0)(90)
(139)	+ (112)(50)
