(57)	v27
(72)	-1.7740904221184728
(76)	/ (57)(72)
(22)	14.533775912925393
(17)	v11
(4)	v6
(11)	v21
(13)	+ (11)(4)
(21)	v13
(23)	- (21)(13)
(26)	- (23)(17)
(28)	/ (22)(26)
(18)	2.8655929115470222
(29)	+ (23)(28)
(30)	* (29)(13)
(37)	/ (13)(30)
(45)	- (18)(37)
(0)	v15
(1)	v7
(3)	* (0)(1)
(2)	3.9305529578273095
(5)	- (2)(4)
(7)	+ (3)(5)
(55)	/ (3)(7)
(63)	- (45)(55)
(64)	/ (63)(28)
(58)	v27
(6)	+ (1)(5)
(8)	+ (1)(6)
(12)	/ (0)(8)
(43)	v1
(54)	+ (12)(43)
(79)	-5.429972221996756
(80)	/ (54)(79)
(84)	- (58)(80)
(97)	- (84)(64)
(139)	+ (97)(76)
