(4)	6.582238002904877
(19)	-2.46141656153085
(21)	sin(19)
(31)	/ (21)(4)
(15)	-3.5749000223314624
(48)	tan(15)
(2)	-5.388534851447755
(32)	v23
(1)	v20
(13)	sin(1)
(63)	v1
(66)	- (63)(13)
(67)	* (32)(66)
(73)	- (67)(2)
(76)	- (73)(48)
(25)	v23
(28)	/ (25)(4)
(8)	18.441506949737494
(17)	v19
(18)	e(17)
(33)	+ (18)(8)
(84)	+ (28)(33)
(91)	/ (84)(76)
(0)	v1
(3)	-7.0338119242898856
(6)	- (0)(3)
(12)	v25
(14)	- (12)(6)
(24)	sin(14)
(42)	v7
(43)	- (42)(24)
(75)	v6
(96)	v9
(97)	+ (96)(75)
(100)	+ (97)(43)
(113)	+ (100)(13)
(132)	/ (113)(91)
(139)	+ (132)(31)
