(31)	v6
(0)	v9
(9)	v2
(15)	- (0)(9)
(20)	e(15)
(1)	v8
(4)	e(1)
(16)	- (4)(0)
(24)	e(16)
(36)	+ (24)(20)
(56)	/ (31)(36)
(25)	-0.4588057178074578
(81)	e(25)
(5)	v20
(7)	2.308182410297835
(19)	/ (5)(7)
(38)	tan(19)
(2)	- (0)(1)
(3)	cos(1)
(6)	* (3)(2)
(10)	sin(6)
(11)	v15
(17)	+ (11)(10)
(8)	- (4)(1)
(13)	cos(5)
(14)	- (13)(7)
(21)	cos(10)
(33)	+ (14)(21)
(41)	* (33)(14)
(44)	+ (8)(41)
(53)	/ (17)(44)
(65)	v7
(26)	9.525265585304076
(43)	sin(26)
(70)	- (43)(7)
(72)	/ (65)(70)
(84)	- (72)(53)
(87)	- (84)(38)
(89)	* (87)(81)
(139)	- (56)(89)
