(1)	2.9804221689748616
(2)	v27
(3)	/ (2)(1)
(7)	e(3)
(10)	7.090033974356377
(18)	v7
(29)	/ (18)(10)
(61)	* (7)(29)
(44)	-3.148570953923201
(46)	v21
(51)	/ (44)(46)
(65)	abs(51)
(68)	cos(65)
(82)	* (68)(61)
(4)	v20
(15)	v6
(24)	+ (15)(4)
(8)	tan(3)
(36)	+ (18)(8)
(45)	+ (36)(24)
(13)	v5
(25)	-14.1265276910636
(26)	+ (25)(4)
(34)	+ (13)(26)
(49)	cos(34)
(53)	abs(49)
(17)	v9
(11)	v15
(12)	v11
(19)	+ (12)(11)
(55)	- (19)(24)
(71)	+ (17)(55)
(86)	* (53)(71)
(94)	+ (86)(45)
(107)	/ (94)(44)
(139)	- (82)(107)
