(42)	12.135128929875101
(64)	cos(42)
(79)	cos(64)
(84)	e(79)
(34)	v5
(3)	v19
(6)	-3.763013399894959
(21)	+ (3)(6)
(1)	v0
(4)	v20
(5)	* (1)(4)
(13)	v19
(14)	sin(13)
(22)	+ (5)(14)
(25)	/ (22)(21)
(26)	e(25)
(2)	v12
(12)	sin(2)
(24)	cos(12)
(36)	-1.191513765556941
(47)	- (36)(24)
(49)	/ (26)(47)
(75)	/ (34)(49)
(15)	v28
(16)	- (15)(12)
(18)	sin(16)
(43)	v17
(31)	-0.14024734028348007
(17)	v2
(20)	-4.522651986674315
(51)	+ (20)(17)
(52)	* (51)(31)
(58)	* (43)(52)
(109)	+ (58)(18)
(137)	- (109)(75)
(139)	/ (137)(84)
