(4)	v5
(5)	v17
(7)	+ (5)(4)
(0)	v20
(3)	/ (0)(0)
(11)	+ (3)(0)
(13)	cos(11)
(23)	cos(13)
(22)	-5.389619014834519
(39)	sin(22)
(52)	cos(39)
(55)	* (23)(52)
(26)	sin(13)
(33)	/ (26)(3)
(1)	-13.940359640724687
(6)	sin(1)
(14)	v28
(16)	/ (14)(7)
(28)	v1
(32)	- (16)(28)
(47)	/ (32)(6)
(48)	+ (33)(47)
(27)	v19
(50)	e(27)
(9)	v24
(21)	tan(9)
(51)	* (11)(21)
(53)	- (50)(51)
(65)	e(53)
(17)	abs(7)
(25)	v4
(43)	+ (17)(25)
(30)	v2
(37)	- (30)(0)
(45)	tan(37)
(79)	abs(45)
(81)	+ (79)(43)
(98)	+ (81)(65)
(108)	/ (48)(98)
(124)	- (55)(108)
(139)	* (7)(124)
