(4)	v5
(2)	v28
(5)	v17
(15)	+ (2)(5)
(16)	/ (4)(15)
(6)	v26
(20)	cos(6)
(26)	e(20)
(28)	* (16)(26)
(0)	19.67554515745274
(10)	/ (5)(0)
(12)	/ (10)(6)
(37)	cos(12)
(40)	* (37)(28)
(41)	1.3027348613227758
(49)	+ (40)(41)
(1)	v14
(3)	+ (1)(2)
(7)	-4.830533170305461
(14)	- (7)(3)
(13)	cos(5)
(33)	* (3)(13)
(42)	- (14)(33)
(44)	8.841537308578712
(54)	/ (42)(44)
(63)	+ (49)(54)
(19)	-2.332894558433189
(23)	/ (19)(15)
(9)	v13
(21)	e(9)
(46)	sin(21)
(48)	cos(46)
(47)	cos(12)
(57)	+ (54)(47)
(58)	+ (19)(57)
(62)	+ (48)(58)
(64)	/ (62)(23)
(139)	* (64)(63)
