(1)	-10.53758472215019
(2)	sin(1)
(10)	cos(2)
(17)	v21
(20)	tan(1)
(21)	- (20)(17)
(31)	sin(10)
(37)	* (31)(21)
(55)	+ (10)(37)
(8)	v28
(5)	-8.06128888578657
(9)	/ (2)(5)
(12)	* (9)(8)
(38)	+ (12)(31)
(29)	v5
(0)	v10
(3)	/ (0)(0)
(25)	e(3)
(4)	v26
(6)	cos(5)
(15)	v24
(19)	* (6)(15)
(26)	- (19)(4)
(32)	v9
(14)	v2
(33)	/ (14)(25)
(43)	+ (32)(33)
(44)	+ (43)(26)
(56)	/ (44)(25)
(60)	+ (56)(29)
(67)	- (60)(38)
(112)	- (67)(55)
(13)	- (8)(0)
(24)	sin(4)
(27)	+ (24)(13)
(30)	+ (3)(27)
(34)	-5.051084898564117
(35)	/ (30)(34)
(102)	cos(35)
(129)	cos(102)
(139)	* (112)(129)
