(35)	-4.651423722725955
(15)	18.980805983272994
(6)	11.2689131828799
(7)	v13
(8)	+ (6)(7)
(41)	cos(8)
(44)	+ (41)(15)
(56)	/ (44)(35)
(63)	cos(56)
(131)	e(63)
(37)	v5
(24)	tan(6)
(25)	v21
(23)	v26
(0)	v9
(28)	v21
(31)	+ (28)(0)
(33)	- (23)(31)
(34)	- (33)(25)
(39)	/ (34)(24)
(42)	+ (37)(39)
(43)	v28
(36)	v9
(48)	-4.50600429808436
(50)	+ (48)(36)
(60)	/ (43)(50)
(13)	-12.836793062268912
(1)	v24
(3)	cos(1)
(9)	e(7)
(11)	* (3)(9)
(10)	v22
(12)	v26
(17)	+ (10)(12)
(30)	- (17)(11)
(32)	- (13)(30)
(66)	abs(56)
(67)	+ (66)(32)
(20)	v24
(18)	v4
(19)	abs(18)
(40)	- (10)(19)
(76)	- (20)(40)
(80)	/ (76)(67)
(81)	- (60)(80)
(133)	- (42)(81)
(139)	* (133)(131)
