(32)	-4.86904785459204
(1)	v9
(8)	-6.567804523978236
(14)	sin(8)
(18)	- (14)(1)
(26)	v21
(34)	- (18)(26)
(35)	/ (34)(32)
(40)	e(35)
(7)	v26
(23)	v15
(27)	- (23)(7)
(9)	3.558465469816152
(12)	v16
(31)	2.1833580313870087
(36)	+ (31)(12)
(59)	+ (9)(36)
(63)	/ (27)(59)
(94)	+ (63)(40)
(52)	0.6569967893123199
(0)	v18
(2)	/ (0)(0)
(45)	v5
(58)	- (45)(2)
(4)	v13
(6)	* (1)(4)
(13)	sin(6)
(5)	-3.5998504144616845
(15)	v24
(19)	- (5)(15)
(24)	+ (19)(13)
(25)	v22
(41)	- (0)(25)
(53)	-5.380932248242685
(55)	+ (53)(41)
(62)	/ (24)(55)
(80)	- (62)(58)
(98)	* (52)(80)
(139)	- (94)(98)
