(10)	-18.583945582038517
(22)	tan(10)
(0)	-3.8635591090360464
(2)	v13
(5)	sin(2)
(8)	+ (0)(5)
(17)	v5
(20)	* (8)(17)
(6)	-3.4039903105572478
(13)	e(6)
(15)	-11.084505615597426
(32)	* (13)(15)
(36)	abs(32)
(38)	* (20)(36)
(9)	v21
(28)	v9
(16)	v22
(18)	3.983878405553231
(19)	/ (16)(18)
(43)	- (19)(22)
(48)	+ (43)(28)
(14)	v24
(30)	cos(0)
(45)	-0.32252962666469287
(57)	* (30)(45)
(58)	* (57)(14)
(63)	- (48)(58)
(65)	+ (63)(9)
(71)	+ (65)(38)
(120)	* (71)(22)
(11)	v15
(12)	v21
(25)	v12
(33)	/ (12)(25)
(7)	7.858096901242533
(35)	- (7)(8)
(42)	- (35)(33)
(47)	/ (11)(42)
(50)	v26
(70)	* (50)(57)
(132)	- (17)(70)
(138)	+ (47)(132)
(139)	+ (120)(138)
