(9)	-3.2831789780472143
(20)	sin(9)
(14)	2.094377316316219
(1)	v20
(4)	v15
(5)	cos(4)
(6)	cos(5)
(8)	v21
(17)	* (8)(6)
(19)	+ (1)(17)
(23)	/ (19)(14)
(24)	+ (23)(20)
(18)	v25
(21)	cos(18)
(27)	cos(21)
(37)	e(27)
(36)	abs(1)
(13)	-4.737814762600397
(35)	v21
(39)	- (13)(35)
(49)	* (36)(39)
(52)	* (49)(36)
(67)	- (37)(52)
(71)	v28
(87)	/ (71)(67)
(116)	+ (24)(87)
(0)	v2
(2)	-1.9071973275028924
(3)	/ (0)(2)
(25)	abs(14)
(26)	v0
(32)	/ (26)(25)
(59)	sin(32)
(78)	+ (59)(3)
(12)	v5
(41)	- (12)(26)
(33)	6.202409336997103
(15)	+ (3)(8)
(62)	16.192706186782267
(69)	/ (62)(15)
(82)	/ (33)(69)
(89)	e(82)
(107)	- (41)(89)
(110)	/ (37)(107)
(136)	/ (78)(110)
(139)	+ (136)(116)
