(0)	-1.8002559331511883
(1)	v20
(2)	* (0)(1)
(4)	v5
(5)	- (4)(0)
(8)	cos(5)
(10)	+ (8)(2)
(13)	v19
(14)	+ (10)(13)
(45)	v21
(47)	- (45)(14)
(27)	abs(0)
(62)	1.6800404821233919
(67)	+ (27)(62)
(91)	/ (47)(67)
(52)	v28
(15)	-16.31384792778661
(36)	12.170285295428435
(60)	/ (15)(36)
(73)	cos(60)
(95)	* (52)(73)
(12)	7.71630326789408
(7)	-4.653476980453174
(17)	+ (2)(1)
(3)	sin(1)
(20)	v26
(26)	+ (3)(20)
(29)	* (17)(26)
(30)	* (29)(7)
(33)	abs(30)
(40)	+ (33)(12)
(61)	5.652354199978564
(74)	- (40)(61)
(79)	v0
(9)	v2
(56)	v19
(85)	+ (56)(9)
(93)	- (85)(79)
(104)	/ (93)(74)
(133)	+ (95)(104)
(139)	+ (91)(133)
