(13)	-3.7522266887935594
(9)	v26
(4)	v19
(8)	v0
(11)	v15
(14)	v2
(16)	+ (14)(11)
(17)	- (16)(8)
(22)	/ (17)(13)
(38)	+ (4)(22)
(50)	/ (38)(9)
(55)	sin(50)
(0)	0.7335555427430727
(3)	sin(0)
(19)	* (4)(3)
(20)	cos(19)
(40)	11.952431408266296
(23)	v26
(47)	- (4)(23)
(56)	- (40)(47)
(58)	- (20)(56)
(1)	v22
(25)	- (1)(8)
(31)	- (22)(25)
(18)	v4
(27)	- (22)(18)
(35)	+ (31)(27)
(63)	* (31)(35)
(67)	- (58)(63)
(70)	- (55)(67)
(87)	/ (13)(70)
(115)	abs(87)
(7)	v20
(37)	v21
(49)	- (37)(35)
(116)	+ (49)(7)
(139)	* (115)(116)
