(1)	-2.8391439646366834
(0)	v21
(2)	- (1)(0)
(3)	/ (2)(1)
(51)	-2.020719598420392
(65)	v20
(80)	/ (65)(51)
(24)	v0
(26)	v15
(13)	v19
(14)	v2
(25)	/ (13)(14)
(29)	e(25)
(36)	/ (26)(29)
(5)	- (3)(1)
(8)	v2
(15)	+ (5)(8)
(7)	v22
(42)	cos(7)
(48)	- (15)(42)
(55)	- (48)(36)
(71)	/ (24)(55)
(76)	e(71)
(6)	0.03509938183990258
(20)	v26
(16)	v4
(18)	+ (7)(16)
(19)	+ (8)(18)
(31)	7.421202425101917
(33)	/ (31)(19)
(39)	+ (20)(33)
(72)	v20
(73)	+ (72)(39)
(79)	/ (51)(73)
(103)	- (79)(6)
(109)	+ (76)(103)
(133)	+ (109)(80)
(139)	- (3)(133)
