(1)	v2
(0)	v20
(2)	v22
(3)	+ (2)(0)
(5)	v21
(8)	+ (3)(5)
(16)	v13
(17)	+ (16)(8)
(31)	+ (17)(1)
(34)	-3.8720111591980455
(44)	/ (31)(34)
(7)	v12
(10)	+ (1)(3)
(12)	- (7)(10)
(15)	cos(10)
(18)	- (12)(15)
(24)	sin(18)
(27)	v1
(14)	v26
(19)	-5.633304944826602
(20)	/ (16)(19)
(21)	v1
(22)	/ (20)(21)
(33)	sin(22)
(36)	+ (33)(14)
(38)	- (27)(36)
(39)	- (24)(38)
(23)	v15
(32)	abs(23)
(41)	+ (19)(32)
(48)	/ (39)(41)
(46)	v0
(49)	-3.0384142240388954
(43)	v6
(52)	/ (46)(19)
(53)	* (52)(43)
(62)	- (49)(53)
(90)	/ (46)(62)
(115)	+ (90)(48)
(139)	- (115)(44)
