(1)	-1.266461045179863
(8)	e(1)
(2)	e(1)
(12)	v24
(21)	e(2)
(0)	v19
(15)	v15
(24)	- (15)(0)
(22)	v3
(25)	* (22)(8)
(29)	- (24)(25)
(38)	* (21)(29)
(66)	- (38)(12)
(74)	* (66)(2)
(4)	-0.160642265536719
(13)	-15.077253982918425
(16)	* (4)(13)
(19)	v17
(76)	/ (19)(16)
(6)	abs(2)
(10)	v12
(14)	- (13)(10)
(3)	v23
(23)	* (3)(8)
(30)	* (23)(1)
(45)	+ (14)(30)
(5)	v13
(7)	abs(0)
(9)	15.407034077980278
(11)	+ (7)(9)
(31)	- (5)(11)
(39)	v26
(51)	+ (31)(39)
(52)	- (45)(51)
(85)	* (52)(6)
(97)	- (85)(76)
(103)	- (97)(74)
(139)	- (8)(103)
