(20)	0.5564617953665376
(78)	v13
(4)	-13.802247317039873
(52)	e(4)
(1)	v15
(5)	v3
(6)	- (1)(5)
(7)	v9
(8)	* (7)(6)
(9)	+ (4)(8)
(0)	7.492339121896087
(2)	e(0)
(13)	* (2)(6)
(17)	* (9)(13)
(18)	+ (6)(17)
(22)	* (4)(18)
(49)	- (20)(18)
(68)	- (22)(49)
(82)	* (68)(52)
(95)	+ (82)(78)
(37)	v19
(25)	v24
(27)	v17
(41)	- (25)(27)
(44)	+ (37)(41)
(59)	v7
(83)	v12
(84)	+ (83)(59)
(89)	- (84)(44)
(45)	tan(0)
(47)	- (4)(45)
(3)	-2.626379085583743
(10)	* (6)(5)
(12)	/ (10)(3)
(19)	- (12)(7)
(11)	v2
(32)	+ (11)(19)
(35)	+ (32)(19)
(50)	+ (35)(0)
(29)	/ (11)(3)
(63)	cos(29)
(102)	/ (63)(50)
(109)	* (47)(102)
(116)	/ (89)(109)
(121)	- (95)(116)
(139)	* (121)(20)
