(4)	v17
(1)	11.99320893935451
(0)	v6
(2)	- (1)(0)
(3)	/ (2)(1)
(14)	cos(3)
(15)	* (14)(4)
(6)	/ (1)(2)
(7)	v7
(9)	+ (6)(7)
(21)	-2.629835814668823
(36)	/ (9)(21)
(41)	- (15)(36)
(13)	v24
(22)	2.2771339966866293
(39)	+ (13)(22)
(43)	v16
(44)	- (15)(43)
(48)	e(44)
(54)	* (48)(39)
(62)	-3.5519358543745128
(11)	v22
(33)	cos(11)
(45)	v25
(67)	- (33)(45)
(68)	+ (67)(62)
(72)	/ (54)(68)
(17)	v6
(20)	v5
(23)	- (17)(20)
(30)	v26
(34)	- (30)(23)
(29)	v3
(47)	/ (29)(22)
(63)	- (47)(34)
(94)	e(63)
(101)	* (94)(72)
(16)	v28
(19)	* (11)(15)
(32)	- (16)(19)
(107)	e(32)
(124)	* (107)(101)
(130)	e(124)
(139)	- (41)(130)
