(2)	-10.341054181117402
(11)	cos(2)
(16)	tan(11)
(59)	e(16)
(21)	v28
(28)	/ (21)(16)
(12)	-4.372767787001312
(14)	v13
(29)	/ (14)(12)
(38)	- (28)(29)
(4)	v6
(6)	v12
(7)	- (4)(6)
(10)	tan(7)
(15)	cos(10)
(17)	- (15)(12)
(18)	e(7)
(35)	/ (18)(17)
(40)	+ (29)(35)
(55)	- (38)(40)
(3)	v22
(0)	v26
(13)	cos(0)
(19)	v17
(22)	- (13)(19)
(37)	v7
(43)	- (37)(22)
(61)	- (43)(3)
(69)	- (55)(61)
(75)	* (69)(11)
(5)	v27
(8)	+ (3)(6)
(9)	+ (4)(8)
(20)	cos(9)
(24)	v9
(32)	+ (20)(24)
(46)	v25
(65)	- (32)(46)
(81)	2.952263895971612
(85)	/ (65)(81)
(111)	+ (85)(5)
(136)	+ (75)(111)
(139)	* (59)(136)
