(18)	-2.3078150866273326
(15)	-11.83964845057654
(0)	v21
(13)	v1
(22)	+ (0)(13)
(17)	v28
(21)	v7
(23)	sin(21)
(25)	+ (23)(17)
(38)	+ (25)(22)
(31)	v5
(3)	v0
(10)	sin(0)
(14)	e(10)
(11)	v25
(16)	tan(11)
(20)	/ (14)(16)
(27)	sin(20)
(1)	-10.504859335679196
(4)	v26
(6)	- (1)(4)
(7)	sin(6)
(30)	abs(7)
(48)	* (27)(30)
(53)	- (48)(3)
(57)	- (31)(53)
(59)	+ (57)(38)
(42)	v8
(44)	sin(7)
(62)	* (42)(44)
(76)	- (62)(59)
(83)	v11
(2)	cos(0)
(5)	* (2)(2)
(86)	sin(5)
(100)	* (86)(83)
(105)	- (100)(76)
(135)	/ (105)(15)
(139)	* (18)(135)
