(4)	11.245546001436416
(5)	12.243284327486037
(11)	sin(5)
(13)	* (11)(4)
(46)	-3.0264630482786146
(33)	v11
(0)	v28
(1)	-6.447115435087474
(8)	v1
(9)	- (1)(8)
(48)	- (9)(0)
(49)	- (33)(48)
(69)	/ (49)(46)
(73)	- (13)(69)
(36)	v17
(52)	* (36)(48)
(55)	sin(52)
(2)	v6
(3)	abs(2)
(6)	+ (3)(4)
(12)	- (6)(0)
(28)	v11
(38)	v21
(39)	- (38)(28)
(51)	v15
(53)	+ (51)(39)
(57)	+ (53)(12)
(59)	- (55)(57)
(24)	v0
(58)	8.825186166000254
(15)	v14
(17)	- (3)(15)
(64)	sin(17)
(72)	- (64)(58)
(74)	+ (72)(24)
(130)	/ (59)(74)
(139)	+ (73)(130)
