(1)	4.289526846476157
(26)	v21
(57)	/ (26)(1)
(7)	-3.858532324244205
(12)	sin(1)
(13)	sin(12)
(6)	v26
(14)	* (12)(6)
(17)	tan(14)
(20)	- (13)(17)
(28)	e(20)
(36)	- (7)(28)
(11)	v17
(21)	v20
(30)	- (21)(11)
(44)	- (6)(30)
(50)	/ (44)(36)
(0)	9.69902695885784
(4)	tan(0)
(22)	v11
(31)	v12
(39)	- (31)(22)
(2)	v22
(5)	v28
(8)	+ (2)(5)
(19)	+ (11)(8)
(25)	v16
(40)	+ (25)(19)
(41)	- (40)(39)
(51)	* (4)(41)
(47)	v10
(27)	+ (13)(1)
(48)	cos(21)
(58)	+ (27)(48)
(72)	/ (47)(58)
(78)	- (51)(72)
(133)	+ (78)(50)
(139)	+ (133)(57)
