(0)	8.998583564746568
(2)	cos(0)
(6)	abs(2)
(7)	e(6)
(9)	sin(7)
(13)	v26
(16)	* (13)(9)
(1)	v22
(3)	sin(1)
(11)	v12
(20)	- (11)(3)
(41)	+ (20)(16)
(4)	v17
(8)	v28
(10)	+ (4)(8)
(5)	v11
(14)	tan(2)
(18)	* (5)(14)
(21)	- (18)(10)
(36)	v21
(45)	- (21)(36)
(84)	+ (41)(45)
(88)	sin(2)
(19)	13.986860978155
(22)	+ (20)(19)
(49)	4.823057572115953
(15)	/ (4)(1)
(30)	e(7)
(44)	- (15)(30)
(53)	cos(44)
(23)	v24
(33)	cos(23)
(46)	sin(33)
(54)	tan(46)
(62)	tan(54)
(67)	* (62)(53)
(99)	+ (67)(49)
(111)	/ (99)(22)
(127)	* (88)(111)
(139)	* (84)(127)
