(8)	v2
(10)	-2.686594510720276
(12)	+ (10)(8)
(15)	v6
(17)	/ (15)(12)
(1)	v21
(4)	v15
(5)	+ (1)(4)
(0)	v11
(3)	v22
(6)	+ (3)(0)
(18)	+ (6)(5)
(41)	+ (18)(17)
(65)	5.997268674819413
(26)	v2
(13)	- (8)(1)
(22)	* (4)(13)
(27)	sin(22)
(30)	sin(12)
(38)	* (30)(27)
(43)	* (38)(26)
(25)	7.21507674283383
(40)	-2.968100583279785
(19)	v14
(51)	/ (41)(19)
(54)	/ (40)(51)
(56)	e(54)
(69)	+ (25)(56)
(2)	-18.43044222784941
(9)	tan(5)
(11)	+ (9)(2)
(73)	sin(11)
(74)	- (73)(69)
(90)	+ (43)(74)
(119)	/ (90)(65)
(134)	e(119)
(139)	* (134)(41)
