(26)	v11
(14)	v21
(3)	v12
(2)	v22
(6)	-18.089650880283685
(7)	cos(6)
(9)	* (7)(2)
(15)	sin(9)
(16)	- (3)(15)
(27)	- (16)(14)
(1)	v15
(10)	v19
(18)	e(10)
(19)	- (1)(18)
(23)	v6
(24)	+ (23)(19)
(4)	v4
(8)	v14
(11)	+ (8)(4)
(12)	e(11)
(35)	e(12)
(36)	/ (24)(35)
(47)	- (27)(36)
(53)	- (26)(47)
(0)	v19
(5)	v17
(21)	+ (5)(7)
(33)	* (21)(7)
(20)	3.7061406541353676
(25)	v6
(22)	abs(20)
(32)	- (26)(22)
(52)	* (25)(32)
(59)	/ (52)(20)
(68)	+ (59)(33)
(76)	+ (0)(68)
(86)	+ (53)(76)
(117)	3.4304314003487733
(139)	/ (86)(117)
