(11)	-11.188003247634999
(19)	cos(11)
(15)	v11
(1)	2.0724568551375953
(6)	cos(1)
(21)	v7
(13)	1.4890823603538514
(22)	v26
(26)	* (22)(13)
(28)	- (21)(26)
(29)	* (6)(28)
(34)	- (15)(29)
(47)	* (34)(19)
(71)	sin(47)
(44)	-4.707004537075097
(52)	v22
(59)	/ (52)(44)
(9)	v17
(12)	v21
(16)	+ (9)(12)
(3)	v28
(2)	v12
(4)	- (2)(3)
(20)	- (4)(3)
(32)	- (16)(20)
(35)	-9.619720911111362
(36)	+ (35)(6)
(14)	-6.105065936143653
(18)	- (2)(15)
(31)	* (18)(14)
(39)	- (22)(31)
(43)	/ (39)(36)
(51)	+ (32)(43)
(61)	* (51)(19)
(62)	- (59)(61)
(109)	sin(62)
(126)	tan(109)
(139)	- (71)(126)
