(6)	v23
(9)	sin(6)
(19)	v19
(24)	* (9)(19)
(32)	-0.8080348704986875
(21)	- (6)(6)
(23)	-11.268829344822873
(33)	+ (21)(23)
(38)	tan(33)
(68)	+ (38)(32)
(86)	+ (68)(24)
(39)	v12
(43)	v14
(59)	- (43)(39)
(5)	-4.779268961844343
(15)	sin(5)
(55)	-0.24811237693356247
(63)	* (15)(55)
(1)	v11
(2)	tan(1)
(13)	tan(6)
(18)	cos(13)
(7)	v7
(22)	e(7)
(28)	- (18)(22)
(37)	- (2)(28)
(101)	sin(37)
(115)	+ (101)(63)
(126)	+ (59)(115)
(135)	/ (126)(86)
(83)	v6
(87)	v18
(98)	+ (83)(87)
(138)	/ (98)(68)
(139)	+ (135)(138)
