(18)	v0
(16)	v25
(17)	v5
(24)	+ (16)(17)
(26)	e(24)
(0)	v18
(1)	v24
(4)	* (1)(0)
(5)	v12
(11)	+ (5)(0)
(20)	/ (4)(11)
(39)	11.230253186700377
(62)	+ (20)(39)
(64)	+ (62)(26)
(35)	-10.532156881217949
(47)	v20
(65)	- (35)(47)
(66)	/ (64)(65)
(3)	cos(0)
(13)	10.891056394302112
(15)	e(13)
(34)	- (3)(15)
(9)	cos(4)
(7)	v3
(10)	sin(7)
(25)	* (10)(9)
(21)	v20
(12)	v7
(23)	- (15)(12)
(27)	- (23)(21)
(36)	+ (25)(27)
(46)	+ (34)(36)
(2)	cos(1)
(8)	/ (2)(3)
(31)	sin(8)
(50)	abs(31)
(69)	- (46)(50)
(72)	/ (69)(66)
(51)	v28
(38)	v15
(28)	17.686141919955993
(42)	tan(28)
(55)	/ (38)(42)
(61)	- (51)(55)
(75)	sin(17)
(84)	+ (75)(61)
(89)	- (84)(72)
(92)	- (89)(16)
(128)	- (18)(92)
(101)	11.470774986339798
(134)	cos(101)
(139)	* (128)(134)
