(35)	-2.8993591126275575
(2)	v11
(3)	cos(2)
(12)	v15
(37)	* (3)(12)
(65)	cos(37)
(69)	+ (35)(65)
(24)	v0
(26)	- (12)(24)
(30)	v28
(40)	+ (26)(30)
(8)	-1.7030983771735784
(31)	v7
(1)	v6
(4)	abs(1)
(15)	* (3)(4)
(17)	* (15)(12)
(23)	v23
(32)	+ (23)(17)
(36)	+ (32)(31)
(41)	/ (36)(8)
(43)	+ (41)(40)
(45)	v25
(60)	- (45)(43)
(0)	v5
(6)	v20
(47)	- (0)(6)
(50)	9.457601961474467
(52)	+ (50)(47)
(73)	sin(52)
(76)	+ (73)(60)
(39)	cos(1)
(87)	-5.453251225287833
(98)	+ (39)(87)
(114)	/ (76)(98)
(139)	* (114)(69)
