(4)	v20
(7)	v0
(10)	+ (4)(7)
(16)	- (10)(4)
(37)	-4.973943604489467
(38)	/ (37)(16)
(49)	sin(38)
(82)	cos(49)
(110)	e(82)
(1)	v25
(33)	abs(1)
(0)	v15
(3)	v7
(5)	* (3)(0)
(19)	-2.286474730832957
(21)	+ (5)(19)
(39)	- (21)(5)
(52)	- (39)(33)
(9)	v5
(14)	- (4)(9)
(18)	2.1997681712440595
(25)	* (18)(14)
(29)	v20
(31)	+ (25)(29)
(55)	- (31)(0)
(59)	- (5)(55)
(64)	/ (59)(52)
(50)	v28
(2)	v12
(8)	+ (2)(1)
(13)	- (8)(10)
(24)	/ (13)(19)
(48)	- (16)(24)
(58)	+ (3)(48)
(69)	- (58)(50)
(121)	+ (69)(64)
(139)	/ (121)(110)
