(4)	v0
(18)	-1.8455647585115287
(19)	/ (4)(18)
(40)	-5.548727189046453
(6)	v25
(3)	v24
(10)	tan(6)
(17)	cos(10)
(25)	/ (17)(3)
(29)	cos(25)
(35)	sin(29)
(42)	tan(35)
(47)	* (42)(6)
(58)	/ (47)(40)
(23)	v5
(13)	v17
(28)	sin(13)
(36)	- (28)(23)
(41)	v25
(96)	+ (36)(41)
(0)	11.610404833623168
(1)	v20
(2)	v15
(7)	- (0)(2)
(8)	+ (1)(7)
(9)	v7
(33)	+ (8)(9)
(44)	- (0)(33)
(51)	v28
(73)	+ (44)(51)
(26)	v3
(30)	* (26)(8)
(39)	-15.39236319920047
(88)	/ (30)(39)
(98)	- (88)(73)
(105)	+ (96)(98)
(37)	3.0431254371333054
(109)	+ (37)(35)
(111)	/ (105)(109)
(130)	- (111)(58)
(139)	- (130)(19)
