(37)	v7
(13)	v8
(5)	v5
(9)	cos(5)
(8)	v25
(1)	v28
(16)	cos(1)
(17)	* (16)(8)
(24)	* (17)(9)
(27)	+ (24)(13)
(36)	sin(27)
(0)	v15
(38)	v25
(41)	- (0)(38)
(45)	- (36)(41)
(46)	+ (37)(45)
(2)	v0
(12)	- (1)(2)
(18)	+ (5)(12)
(14)	-19.295404394504487
(19)	sin(14)
(28)	v3
(51)	* (28)(19)
(58)	- (18)(51)
(63)	v20
(65)	- (63)(58)
(73)	+ (46)(65)
(4)	abs(0)
(20)	- (18)(4)
(3)	abs(2)
(6)	/ (2)(3)
(7)	v18
(23)	- (6)(7)
(25)	- (23)(9)
(26)	- (20)(25)
(29)	14.164065100377513
(33)	+ (24)(13)
(43)	+ (33)(29)
(53)	+ (26)(43)
(67)	4.975930482388687
(100)	/ (53)(67)
(139)	/ (73)(100)
