(6)	v28
(8)	-11.534866663543145
(23)	sin(8)
(35)	/ (6)(23)
(19)	v20
(0)	v5
(10)	v0
(13)	- (10)(0)
(1)	v23
(2)	/ (0)(1)
(9)	sin(1)
(4)	v7
(5)	+ (4)(1)
(3)	v15
(7)	- (1)(3)
(11)	+ (5)(7)
(16)	- (9)(11)
(24)	+ (16)(2)
(27)	sin(24)
(39)	cos(27)
(44)	* (39)(13)
(46)	+ (19)(44)
(12)	2.644861039838492
(22)	/ (16)(12)
(30)	v25
(53)	- (30)(22)
(55)	+ (53)(46)
(89)	- (55)(35)
(32)	v25
(41)	/ (3)(32)
(14)	8.71062925612739
(17)	+ (6)(6)
(18)	+ (17)(16)
(28)	/ (18)(12)
(58)	/ (14)(28)
(60)	/ (41)(58)
(65)	cos(60)
(105)	e(65)
(108)	sin(105)
(139)	* (89)(108)
