(9)	v15
(10)	/ (9)(9)
(17)	e(10)
(13)	v8
(24)	+ (9)(13)
(74)	/ (24)(17)
(4)	v16
(7)	sin(4)
(16)	-18.665919207127025
(19)	tan(16)
(25)	* (10)(19)
(27)	e(25)
(35)	abs(27)
(28)	v13
(20)	-18.807345916909135
(6)	v1
(21)	tan(6)
(23)	/ (21)(20)
(0)	v27
(26)	-1.8196593944403432
(31)	* (0)(26)
(36)	- (31)(23)
(41)	-10.407274086352412
(43)	+ (36)(41)
(44)	+ (28)(43)
(40)	v8
(42)	- (40)(6)
(1)	-3.54682592818493
(8)	/ (0)(4)
(11)	* (8)(1)
(30)	-10.09034699370186
(58)	- (11)(30)
(59)	- (58)(42)
(62)	/ (59)(44)
(73)	+ (35)(62)
(87)	* (7)(73)
(139)	+ (74)(87)
