(21)	3.818031848466532
(30)	tan(21)
(13)	3.872159314565465
(61)	v8
(68)	- (13)(61)
(83)	abs(68)
(94)	- (30)(83)
(14)	-4.987755841459514
(1)	v7
(6)	/ (1)(1)
(8)	e(6)
(77)	cos(8)
(5)	v22
(24)	v6
(32)	sin(24)
(18)	v26
(37)	e(18)
(38)	- (32)(37)
(56)	cos(38)
(78)	- (5)(56)
(92)	+ (77)(78)
(100)	+ (14)(92)
(102)	/ (94)(100)
(66)	0.39909665862189314
(42)	e(38)
(49)	v25
(51)	- (42)(49)
(17)	2.908656138135406
(15)	abs(13)
(9)	+ (5)(1)
(19)	tan(9)
(31)	+ (15)(19)
(35)	cos(31)
(36)	+ (17)(35)
(65)	cos(36)
(69)	- (51)(65)
(107)	* (66)(69)
(45)	v15
(29)	-1.6359668914382013
(34)	cos(1)
(46)	/ (29)(34)
(50)	/ (45)(46)
(63)	v21
(79)	v5
(97)	+ (63)(79)
(109)	- (97)(50)
(116)	/ (109)(8)
(124)	- (107)(116)
(139)	- (102)(124)
