(3)	0.004926773774268867
(5)	cos(3)
(9)	e(5)
(10)	v19
(23)	- (9)(10)
(4)	-3.1072109041496496
(32)	v14
(1)	0.8938432194325259
(11)	+ (5)(1)
(34)	- (11)(32)
(43)	* (34)(32)
(6)	v21
(26)	* (5)(6)
(30)	v25
(46)	+ (30)(26)
(52)	abs(46)
(59)	- (43)(52)
(72)	+ (59)(4)
(80)	/ (23)(72)
(0)	v1
(8)	* (1)(0)
(15)	- (8)(9)
(12)	v26
(28)	e(12)
(35)	* (15)(28)
(39)	e(35)
(18)	/ (3)(8)
(25)	+ (9)(5)
(7)	v3
(14)	- (7)(6)
(17)	v2
(27)	* (17)(14)
(33)	+ (27)(25)
(37)	+ (33)(18)
(2)	5.157620586874945
(16)	tan(2)
(22)	abs(16)
(41)	- (22)(4)
(47)	/ (37)(41)
(57)	- (47)(39)
(84)	/ (46)(22)
(90)	+ (57)(84)
(139)	+ (90)(80)
