(5)	v25
(10)	8.758363140867221
(11)	- (10)(5)
(24)	cos(11)
(9)	16.376612267120535
(28)	sin(9)
(33)	* (28)(24)
(44)	-3.0211099364406593
(50)	/ (33)(44)
(4)	v26
(58)	v6
(59)	- (58)(4)
(80)	* (59)(50)
(8)	3.3984785651779283
(13)	v14
(16)	/ (13)(8)
(20)	- (5)(16)
(0)	6.516314142697578
(3)	tan(0)
(1)	v19
(2)	- (0)(1)
(6)	abs(2)
(7)	* (6)(3)
(38)	v9
(45)	/ (38)(7)
(46)	+ (20)(45)
(34)	v21
(39)	v5
(48)	+ (39)(34)
(62)	+ (46)(48)
(23)	5.711701366081172
(14)	+ (3)(9)
(30)	v14
(19)	tan(0)
(31)	cos(19)
(41)	- (31)(30)
(52)	- (14)(41)
(75)	/ (23)(52)
(93)	* (62)(75)
(139)	+ (93)(80)
