(34)	-2.8644087396378417
(18)	v5
(22)	v8
(24)	- (18)(22)
(6)	v13
(10)	abs(6)
(36)	cos(10)
(44)	- (36)(24)
(2)	9.230883067389506
(7)	- (2)(6)
(12)	v2
(13)	v23
(19)	- (13)(12)
(20)	- (7)(19)
(26)	-19.073321770214577
(28)	+ (26)(20)
(16)	v11
(17)	-1.3593388496325858
(1)	v24
(3)	v14
(4)	- (3)(1)
(15)	v17
(25)	- (15)(4)
(27)	v15
(29)	+ (25)(27)
(37)	/ (29)(17)
(38)	- (37)(16)
(47)	+ (28)(38)
(54)	+ (44)(47)
(14)	tan(2)
(108)	-1.910250940187268
(110)	/ (108)(14)
(112)	tan(110)
(126)	* (112)(54)
(139)	- (34)(126)
