(1)	v26
(2)	v11
(8)	- (2)(1)
(0)	v5
(3)	v26
(4)	0.6343370999261566
(6)	tan(4)
(9)	+ (6)(3)
(11)	+ (9)(0)
(13)	+ (11)(8)
(12)	v17
(15)	- (3)(12)
(24)	- (13)(15)
(5)	v28
(14)	v10
(21)	+ (14)(11)
(25)	cos(21)
(29)	+ (25)(5)
(38)	+ (24)(29)
(10)	-0.5652277842223405
(43)	/ (6)(10)
(53)	e(43)
(59)	* (53)(38)
(33)	+ (6)(4)
(44)	v1
(72)	- (44)(33)
(16)	/ (11)(14)
(22)	cos(16)
(18)	v23
(23)	- (18)(9)
(64)	- (23)(22)
(79)	6.102828266069238
(20)	-15.862642736905336
(30)	cos(20)
(39)	* (30)(0)
(52)	abs(24)
(80)	- (39)(52)
(81)	- (79)(80)
(89)	+ (64)(81)
(113)	/ (72)(89)
(139)	+ (113)(59)
