(12)	v14
(13)	e(12)
(38)	e(13)
(28)	v2
(50)	sin(28)
(69)	cos(50)
(78)	/ (69)(38)
(8)	v26
(0)	v5
(1)	v20
(2)	cos(1)
(3)	- (2)(1)
(6)	/ (0)(0)
(7)	/ (3)(6)
(16)	- (0)(7)
(26)	- (8)(16)
(14)	-3.967160646054669
(18)	v24
(20)	v22
(30)	+ (20)(2)
(31)	- (18)(30)
(32)	cos(31)
(42)	+ (32)(14)
(45)	/ (26)(42)
(37)	v15
(47)	0.16310900399650663
(53)	* (47)(37)
(17)	-5.150144886122629
(29)	/ (28)(17)
(27)	v24
(11)	v17
(34)	- (11)(32)
(43)	+ (34)(27)
(51)	v11
(54)	+ (51)(43)
(59)	/ (54)(14)
(66)	- (29)(59)
(67)	+ (66)(53)
(137)	+ (45)(67)
(139)	+ (137)(78)
