(26)	5.112189730849085
(12)	v11
(2)	v21
(25)	v8
(28)	- (25)(2)
(31)	- (28)(12)
(0)	v18
(34)	v17
(43)	- (0)(34)
(110)	+ (31)(43)
(123)	/ (110)(26)
(3)	3.6603199491340135
(50)	v20
(51)	+ (3)(50)
(13)	4.404579947524091
(61)	tan(13)
(105)	/ (51)(61)
(48)	8.106219695997268
(36)	e(34)
(16)	-10.329268758948839
(22)	- (16)(3)
(17)	* (0)(12)
(14)	v22
(30)	v18
(40)	+ (14)(30)
(42)	+ (17)(40)
(11)	2.583162279488299
(18)	v26
(20)	+ (18)(11)
(46)	+ (20)(14)
(56)	+ (42)(46)
(68)	- (56)(22)
(92)	+ (36)(68)
(94)	/ (92)(48)
(1)	v5
(37)	- (20)(1)
(24)	v3
(38)	+ (24)(26)
(35)	v4
(44)	- (31)(35)
(54)	+ (38)(44)
(62)	/ (20)(54)
(4)	v15
(19)	1.3818526380470857
(75)	/ (19)(4)
(77)	/ (62)(75)
(102)	- (77)(37)
(103)	abs(102)
(129)	/ (103)(94)
(138)	- (105)(129)
(139)	- (138)(123)
