(1)	v5
(2)	cos(1)
(14)	sin(2)
(19)	cos(14)
(33)	-9.628077088449292
(35)	v7
(47)	/ (35)(33)
(58)	/ (47)(19)
(48)	0.2788328002161542
(24)	v15
(3)	v0
(25)	- (3)(24)
(44)	cos(25)
(20)	v26
(22)	sin(19)
(7)	v14
(5)	v17
(15)	cos(5)
(17)	+ (7)(15)
(10)	v22
(23)	+ (10)(5)
(32)	- (17)(23)
(38)	* (32)(22)
(0)	v18
(4)	v20
(9)	- (4)(0)
(12)	v11
(16)	+ (12)(9)
(28)	17.833684119536734
(30)	sin(28)
(43)	* (30)(16)
(54)	+ (38)(43)
(67)	+ (20)(54)
(69)	- (44)(67)
(71)	+ (1)(69)
(72)	+ (24)(71)
(86)	* (72)(48)
(139)	- (86)(58)
