(1)	v7
(23)	13.917999193553428
(31)	/ (1)(23)
(5)	v16
(8)	3.6364922274341325
(0)	v17
(11)	v20
(14)	- (0)(11)
(35)	/ (14)(8)
(83)	+ (5)(35)
(111)	+ (31)(83)
(16)	v25
(3)	v5
(13)	+ (8)(3)
(9)	* (1)(8)
(18)	abs(9)
(24)	+ (13)(18)
(37)	v23
(43)	/ (37)(24)
(46)	+ (16)(43)
(68)	- (5)(46)
(76)	2.424128439163372
(91)	/ (68)(76)
(7)	v25
(12)	* (7)(0)
(25)	- (1)(12)
(22)	+ (5)(16)
(26)	- (22)(23)
(36)	abs(26)
(39)	+ (36)(25)
(2)	cos(1)
(17)	cos(2)
(32)	sin(17)
(52)	+ (32)(17)
(73)	-8.622324245650216
(87)	+ (73)(52)
(100)	/ (39)(87)
(137)	* (100)(91)
(139)	+ (137)(111)
