(6)	v21
(4)	-4.803475255536354
(2)	v20
(5)	e(4)
(7)	/ (5)(5)
(12)	/ (2)(7)
(14)	- (4)(12)
(18)	+ (14)(6)
(40)	sin(18)
(47)	e(40)
(10)	tan(7)
(16)	e(10)
(8)	v25
(23)	sin(8)
(29)	- (23)(2)
(30)	+ (29)(16)
(0)	v23
(1)	-2.3151523780593486
(3)	/ (0)(1)
(17)	v16
(38)	- (8)(17)
(59)	+ (3)(38)
(60)	/ (30)(59)
(24)	v17
(33)	/ (24)(17)
(35)	sin(33)
(73)	- (35)(60)
(77)	- (73)(60)
(82)	/ (47)(77)
(21)	-3.325723421131144
(13)	* (7)(12)
(25)	- (13)(24)
(27)	/ (25)(21)
(34)	v25
(84)	+ (34)(27)
(139)	+ (82)(84)
