(3)	-4.045660425345261
(4)	v16
(11)	+ (4)(3)
(7)	v20
(17)	cos(7)
(20)	- (11)(17)
(0)	v25
(14)	+ (3)(0)
(16)	v17
(22)	- (16)(14)
(27)	/ (20)(22)
(42)	v25
(63)	+ (27)(42)
(2)	+ (0)(0)
(6)	v28
(10)	+ (6)(2)
(13)	-19.340052363661712
(15)	/ (10)(13)
(46)	v27
(47)	v1
(52)	- (47)(46)
(56)	* (52)(15)
(79)	e(56)
(1)	v10
(5)	- (4)(1)
(24)	+ (5)(3)
(28)	sin(7)
(55)	/ (28)(24)
(18)	11.3775038589243
(31)	tan(18)
(8)	- (6)(4)
(19)	- (8)(2)
(30)	e(19)
(41)	abs(30)
(44)	- (41)(31)
(45)	/ (17)(44)
(57)	e(45)
(102)	+ (55)(57)
(123)	/ (102)(79)
(139)	+ (63)(123)
