(2)	7.18400654250582
(74)	cos(2)
(1)	v0
(3)	- (2)(1)
(10)	v25
(17)	+ (3)(10)
(23)	0.5091063311176747
(39)	* (23)(17)
(19)	v5
(4)	v26
(7)	v17
(15)	cos(7)
(26)	+ (15)(23)
(29)	+ (4)(26)
(45)	- (19)(29)
(58)	/ (45)(39)
(38)	v25
(8)	v20
(12)	- (8)(7)
(13)	v16
(14)	sin(13)
(16)	- (14)(12)
(6)	v6
(11)	- (6)(2)
(22)	- (13)(11)
(24)	sin(22)
(30)	-3.3925387402161924
(40)	+ (30)(24)
(44)	/ (16)(40)
(46)	- (38)(44)
(27)	v16
(36)	+ (27)(29)
(48)	v13
(49)	v2
(57)	- (49)(48)
(60)	+ (30)(57)
(77)	/ (36)(60)
(84)	- (46)(77)
(93)	+ (58)(84)
(139)	* (74)(93)
