(32)	6.968809152379013
(28)	-17.45584740395394
(29)	cos(28)
(4)	v4
(6)	v12
(19)	cos(6)
(22)	tan(19)
(25)	9.143329339719028
(31)	abs(25)
(34)	+ (22)(31)
(35)	* (4)(34)
(36)	* (29)(35)
(45)	v7
(49)	+ (36)(45)
(53)	/ (49)(32)
(13)	8.449220048972094
(50)	cos(19)
(64)	/ (50)(13)
(71)	+ (53)(64)
(39)	v15
(10)	6.622595740476015
(59)	v19
(63)	+ (10)(59)
(72)	/ (39)(63)
(84)	+ (71)(72)
(0)	v11
(1)	v20
(9)	+ (1)(0)
(7)	-3.439099799728588
(12)	cos(7)
(17)	- (12)(1)
(38)	cos(17)
(41)	- (38)(9)
(42)	v26
(62)	- (41)(42)
(102)	/ (62)(10)
(139)	- (84)(102)
