(11)	-1.0303489503058358
(14)	e(11)
(33)	v20
(53)	v26
(4)	6.380225044331564
(19)	v8
(54)	/ (19)(4)
(82)	- (54)(53)
(89)	- (33)(82)
(106)	* (89)(14)
(68)	v7
(78)	sin(68)
(1)	-1.2960118486015588
(0)	v15
(2)	* (0)(1)
(16)	* (1)(2)
(28)	/ (16)(1)
(71)	v11
(84)	- (28)(71)
(98)	- (78)(84)
(21)	v11
(5)	-5.697322970255684
(13)	abs(5)
(38)	v13
(45)	- (38)(1)
(47)	+ (45)(13)
(60)	- (21)(47)
(9)	* (2)(5)
(12)	v0
(8)	v7
(31)	sin(8)
(37)	+ (12)(31)
(67)	+ (9)(37)
(87)	cos(67)
(103)	- (60)(87)
(134)	/ (98)(103)
(139)	- (106)(134)
