(24)	-4.026980424243822
(39)	tan(24)
(20)	v1
(41)	5.036282140269456
(77)	/ (20)(41)
(81)	e(77)
(89)	- (81)(39)
(3)	-3.828790245928076
(5)	tan(3)
(2)	6.7816373333612745
(4)	v7
(7)	- (4)(2)
(92)	v11
(97)	+ (92)(7)
(1)	v20
(9)	9.010631794435838
(28)	- (9)(1)
(22)	v15
(6)	v23
(25)	- (24)(6)
(30)	/ (22)(25)
(32)	- (30)(1)
(40)	- (24)(32)
(44)	/ (28)(40)
(0)	v7
(10)	-11.717463916676124
(12)	/ (10)(9)
(13)	+ (12)(0)
(46)	v3
(18)	v2
(38)	abs(18)
(49)	- (41)(38)
(52)	- (46)(49)
(73)	/ (13)(52)
(101)	sin(73)
(106)	- (44)(101)
(107)	/ (106)(97)
(133)	/ (5)(107)
(139)	+ (133)(89)
