(15)	v6
(0)	-1.7299961536524506
(1)	v15
(2)	/ (1)(0)
(4)	e(2)
(5)	e(4)
(6)	v13
(13)	/ (6)(5)
(18)	v27
(19)	+ (13)(18)
(33)	+ (15)(19)
(14)	9.903389844788954
(37)	tan(14)
(38)	* (37)(33)
(34)	-5.485452594863389
(7)	v7
(22)	+ (7)(18)
(16)	v19
(21)	v2
(27)	+ (21)(16)
(41)	- (1)(27)
(50)	v12
(56)	abs(4)
(60)	* (50)(56)
(3)	v10
(8)	v16
(11)	/ (8)(4)
(12)	* (3)(11)
(28)	cos(12)
(17)	sin(13)
(44)	v26
(47)	+ (17)(44)
(54)	- (47)(28)
(61)	cos(54)
(66)	+ (60)(61)
(74)	+ (66)(41)
(85)	- (22)(74)
(116)	/ (85)(34)
(139)	+ (116)(38)
