(11)	v19
(1)	v27
(0)	v13
(2)	v8
(4)	+ (2)(0)
(7)	+ (1)(4)
(5)	0.06377594701471878
(6)	v14
(10)	abs(6)
(16)	* (5)(10)
(19)	+ (16)(7)
(50)	- (19)(11)
(49)	3.303302614664471
(43)	-3.062057566515172
(8)	v11
(28)	- (8)(7)
(29)	v17
(32)	+ (29)(28)
(58)	cos(32)
(12)	v4
(18)	* (12)(8)
(21)	sin(18)
(44)	- (10)(21)
(45)	-12.165684997891844
(71)	- (44)(45)
(75)	- (58)(71)
(30)	v6
(31)	1.8795017595856756
(56)	- (31)(30)
(25)	/ (7)(8)
(57)	abs(25)
(91)	/ (56)(57)
(100)	- (91)(75)
(108)	+ (100)(43)
(112)	/ (49)(108)
(139)	* (112)(50)
