(1)	v27
(6)	v6
(29)	+ (6)(1)
(34)	v15
(0)	v26
(2)	v12
(3)	+ (0)(2)
(23)	v19
(35)	- (23)(3)
(41)	- (35)(6)
(45)	- (34)(41)
(58)	+ (45)(29)
(18)	3.5907112165449995
(4)	cos(3)
(7)	v14
(17)	* (7)(4)
(24)	sin(17)
(42)	-2.6778881707188162
(43)	/ (24)(42)
(65)	e(43)
(71)	* (65)(18)
(30)	v25
(39)	+ (30)(23)
(22)	-16.617058679511622
(36)	sin(29)
(51)	- (36)(22)
(53)	- (51)(39)
(12)	sin(1)
(13)	- (1)(12)
(9)	v12
(33)	v22
(49)	+ (9)(33)
(59)	+ (13)(49)
(67)	cos(59)
(86)	+ (53)(67)
(95)	/ (86)(71)
(139)	/ (58)(95)
