(10)	v27
(1)	v13
(9)	v6
(11)	+ (9)(1)
(12)	+ (10)(11)
(3)	v15
(20)	v26
(14)	v19
(18)	v8
(28)	- (18)(14)
(36)	+ (20)(28)
(41)	+ (36)(3)
(98)	+ (41)(12)
(23)	-10.311784803893026
(69)	tan(23)
(75)	12.408511420294332
(79)	/ (69)(75)
(16)	v0
(30)	cos(16)
(57)	cos(30)
(7)	v19
(25)	-15.174859248323326
(32)	+ (25)(7)
(37)	+ (32)(12)
(42)	cos(37)
(48)	7.070378718501761
(60)	+ (42)(48)
(0)	v24
(5)	sin(0)
(2)	v28
(6)	e(2)
(17)	* (10)(6)
(26)	- (5)(17)
(49)	- (26)(37)
(74)	sin(49)
(77)	+ (74)(60)
(106)	/ (57)(77)
(110)	- (106)(79)
(131)	abs(110)
(139)	* (98)(131)
