(2)	6.52565946015898
(78)	sin(2)
(46)	v3
(17)	-6.657650216679954
(13)	v25
(1)	v0
(3)	v15
(12)	+ (3)(1)
(4)	v26
(16)	-3.383776110400806
(20)	- (4)(16)
(24)	* (20)(12)
(43)	+ (24)(13)
(53)	/ (43)(17)
(63)	+ (53)(46)
(77)	v8
(84)	- (77)(63)
(95)	* (84)(78)
(9)	v12
(10)	abs(9)
(18)	-3.513795186113743
(21)	/ (18)(10)
(7)	v27
(5)	v2
(14)	v6
(15)	- (14)(5)
(23)	+ (15)(7)
(27)	+ (9)(23)
(73)	/ (27)(18)
(85)	+ (73)(21)
(28)	cos(10)
(37)	+ (4)(28)
(47)	v6
(71)	+ (47)(37)
(89)	sin(71)
(93)	/ (89)(17)
(94)	+ (85)(93)
(103)	- (21)(94)
(139)	+ (95)(103)
