(0)	3.596195463594416
(11)	-18.130444116763698
(20)	11.629576978885279
(7)	v15
(31)	v28
(32)	+ (7)(31)
(38)	+ (20)(32)
(39)	- (38)(11)
(9)	v6
(13)	v27
(15)	v8
(27)	- (20)(15)
(35)	- (27)(13)
(59)	- (35)(9)
(104)	/ (59)(39)
(91)	-7.206473494978063
(36)	v2
(21)	sin(9)
(12)	4.583187141685396
(1)	v9
(2)	cos(1)
(16)	- (15)(2)
(37)	- (16)(12)
(49)	- (37)(21)
(61)	+ (36)(49)
(5)	- (2)(1)
(40)	- (5)(35)
(45)	+ (0)(40)
(4)	v13
(19)	- (13)(4)
(52)	sin(19)
(73)	- (52)(45)
(84)	v13
(85)	- (73)(84)
(86)	/ (85)(61)
(3)	v26
(14)	+ (3)(0)
(18)	v19
(55)	+ (18)(2)
(79)	/ (55)(14)
(88)	e(79)
(107)	* (88)(86)
(128)	+ (91)(107)
(136)	* (104)(128)
(139)	+ (0)(136)
