(2)	12.695757672679505
(6)	tan(2)
(1)	v24
(8)	v28
(9)	+ (8)(1)
(0)	3.815657637373917
(3)	cos(0)
(7)	+ (3)(1)
(11)	+ (7)(3)
(21)	* (9)(11)
(31)	e(8)
(67)	- (21)(31)
(5)	- (1)(3)
(18)	cos(5)
(19)	tan(18)
(10)	tan(9)
(43)	cos(10)
(45)	e(43)
(48)	+ (19)(45)
(4)	v14
(24)	+ (4)(3)
(26)	v7
(32)	+ (24)(26)
(29)	v20
(39)	sin(5)
(49)	sin(39)
(51)	+ (49)(29)
(60)	+ (32)(51)
(87)	* (60)(48)
(41)	-11.73058009394326
(52)	sin(41)
(30)	v27
(14)	cos(6)
(71)	sin(14)
(72)	+ (30)(71)
(79)	v10
(109)	+ (72)(79)
(120)	/ (109)(52)
(121)	+ (120)(87)
(123)	+ (121)(67)
(139)	* (6)(123)
