(17)	3.811696025061508
(10)	2.8318558902015276
(11)	e(10)
(8)	v20
(0)	-19.67013008367093
(1)	v25
(2)	- (1)(0)
(7)	+ (0)(2)
(12)	v19
(13)	- (7)(12)
(14)	+ (8)(13)
(18)	+ (14)(11)
(9)	v7
(26)	cos(9)
(32)	- (26)(18)
(49)	sin(32)
(4)	7.141029616244879
(53)	v26
(62)	- (4)(53)
(64)	+ (62)(49)
(5)	v20
(23)	+ (14)(5)
(47)	+ (13)(23)
(25)	v24
(43)	- (4)(25)
(60)	v7
(65)	* (60)(43)
(79)	+ (47)(65)
(116)	/ (79)(64)
(55)	v11
(44)	v27
(51)	-1.9454071038758336
(75)	* (44)(51)
(95)	v13
(107)	+ (75)(95)
(108)	v14
(124)	- (107)(108)
(132)	+ (55)(124)
(133)	- (116)(132)
(139)	/ (133)(17)
