(21)	v11
(31)	v25
(33)	- (21)(31)
(3)	v1
(9)	-9.817144927991155
(22)	tan(9)
(32)	/ (22)(3)
(1)	5.4564018546764
(6)	- (1)(3)
(23)	17.489774794469596
(25)	sin(23)
(35)	- (25)(6)
(54)	+ (32)(35)
(64)	/ (33)(54)
(28)	-3.699701937945413
(36)	e(28)
(19)	-4.45271261426706
(14)	v19
(15)	v14
(20)	- (14)(15)
(24)	+ (19)(20)
(26)	* (24)(24)
(0)	v27
(2)	7.2490793795955994
(4)	* (2)(0)
(5)	* (2)(3)
(7)	+ (4)(5)
(27)	- (7)(23)
(40)	+ (26)(27)
(46)	* (36)(40)
(17)	-3.1816008891344936
(34)	v7
(47)	/ (34)(28)
(70)	- (17)(47)
(102)	tan(70)
(121)	+ (46)(102)
(139)	+ (121)(64)
