(11)	v11
(13)	abs(11)
(4)	-0.7426652661104427
(5)	/ (4)(4)
(9)	v5
(12)	* (5)(9)
(14)	sin(12)
(16)	+ (13)(14)
(0)	3.947180102045401
(1)	v24
(10)	-3.2554489774124775
(20)	- (10)(1)
(26)	cos(20)
(29)	+ (26)(0)
(31)	+ (16)(29)
(37)	v15
(43)	/ (37)(31)
(15)	v6
(18)	+ (14)(15)
(23)	abs(10)
(62)	/ (18)(23)
(64)	+ (43)(62)
(3)	+ (1)(1)
(6)	e(3)
(8)	+ (6)(6)
(24)	-7.838245143669212
(32)	- (8)(24)
(22)	* (14)(18)
(41)	- (22)(16)
(95)	/ (41)(32)
(107)	+ (95)(64)
(2)	+ (1)(0)
(7)	e(2)
(19)	/ (12)(7)
(39)	- (29)(19)
(50)	v19
(33)	v17
(36)	v13
(61)	+ (36)(33)
(65)	- (61)(50)
(127)	/ (65)(39)
(139)	+ (127)(107)
