(7)	-3.931051297134772
(17)	v17
(0)	v24
(2)	cos(0)
(20)	sin(2)
(26)	cos(20)
(31)	/ (17)(26)
(29)	v1
(38)	sin(29)
(58)	+ (31)(38)
(77)	/ (58)(7)
(34)	v6
(43)	abs(34)
(87)	2.9592728388816916
(97)	+ (87)(43)
(23)	v12
(4)	v3
(10)	-16.283878251340216
(28)	/ (4)(10)
(62)	e(28)
(1)	v15
(3)	* (1)(2)
(5)	- (3)(4)
(30)	-1.5908911532406265
(8)	v14
(35)	+ (0)(8)
(39)	sin(35)
(44)	/ (39)(30)
(46)	+ (5)(44)
(19)	v6
(6)	v13
(22)	tan(7)
(59)	/ (6)(22)
(66)	- (59)(19)
(74)	- (46)(66)
(92)	/ (74)(62)
(105)	+ (92)(23)
(112)	/ (105)(97)
(139)	- (112)(77)
