(4)	-6.522212986428531
(3)	v3
(7)	/ (3)(3)
(31)	/ (4)(7)
(13)	tan(4)
(27)	v24
(33)	- (13)(27)
(61)	-11.366236058434001
(96)	- (33)(61)
(101)	/ (31)(96)
(2)	v13
(1)	8.559536971117915
(5)	cos(1)
(8)	* (2)(5)
(16)	-1.4977807856084233
(45)	abs(16)
(23)	v17
(12)	v15
(15)	-4.253444014725378
(6)	cos(2)
(22)	- (6)(16)
(30)	/ (15)(22)
(38)	/ (12)(30)
(57)	- (38)(23)
(60)	/ (57)(45)
(84)	+ (60)(8)
(46)	v6
(86)	- (3)(46)
(89)	sin(86)
(21)	e(16)
(29)	- (21)(16)
(0)	v1
(9)	- (3)(0)
(10)	7.076038436013743
(18)	+ (9)(10)
(28)	v5
(48)	v26
(52)	- (48)(28)
(58)	+ (18)(52)
(71)	/ (58)(29)
(25)	6.059966413715948
(42)	sin(9)
(43)	* (9)(42)
(34)	v28
(49)	cos(34)
(11)	sin(7)
(47)	v0
(51)	+ (47)(11)
(53)	- (51)(49)
(67)	- (43)(53)
(91)	- (25)(67)
(94)	/ (91)(71)
(104)	/ (89)(94)
(107)	+ (104)(84)
(139)	* (101)(107)
