(52)	0.7603342878479324
(0)	v17
(1)	-3.3970129646925287
(5)	- (1)(0)
(16)	-6.432438830646916
(83)	- (5)(16)
(88)	-3.897912345344153
(123)	/ (83)(88)
(124)	+ (123)(52)
(2)	0.49004981630986677
(13)	v24
(15)	* (2)(13)
(25)	cos(15)
(40)	-18.141723766936778
(68)	cos(40)
(75)	* (68)(25)
(4)	v5
(9)	cos(0)
(19)	* (9)(4)
(21)	v15
(28)	+ (21)(19)
(22)	v13
(7)	v17
(8)	v6
(10)	+ (7)(8)
(24)	v19
(30)	- (24)(10)
(31)	- (30)(22)
(39)	- (31)(28)
(81)	-3.116126901384959
(120)	/ (81)(39)
(126)	/ (75)(120)
(139)	+ (126)(124)
