(2)	-4.212971097298501
(1)	v24
(3)	+ (1)(1)
(10)	v26
(16)	+ (3)(10)
(28)	cos(16)
(38)	+ (2)(28)
(0)	v5
(4)	/ (2)(0)
(15)	2.7085298558290276
(18)	abs(15)
(29)	/ (18)(4)
(19)	v17
(24)	v19
(30)	- (19)(24)
(41)	- (29)(30)
(50)	/ (41)(38)
(45)	-4.958227847535639
(11)	v13
(12)	sin(11)
(17)	+ (15)(12)
(14)	v6
(26)	/ (14)(15)
(34)	* (26)(17)
(27)	v27
(52)	+ (27)(11)
(54)	+ (34)(52)
(73)	/ (54)(45)
(123)	- (50)(73)
(13)	v4
(31)	* (1)(13)
(35)	cos(31)
(47)	e(35)
(72)	8.613739615997183
(80)	/ (72)(47)
(94)	v15
(135)	/ (94)(80)
(139)	+ (123)(135)
