(47)	3.5672045485527057
(27)	v5
(37)	sin(27)
(53)	v6
(54)	+ (53)(37)
(59)	/ (54)(47)
(7)	v17
(0)	v24
(9)	cos(0)
(24)	* (9)(7)
(29)	v26
(39)	- (24)(29)
(52)	cos(39)
(12)	-7.217347760706083
(13)	tan(12)
(11)	v3
(17)	cos(11)
(25)	cos(17)
(32)	* (13)(25)
(48)	3.621786570263403
(55)	+ (32)(48)
(71)	+ (55)(52)
(1)	-3.7413544793126583
(5)	/ (0)(1)
(2)	18.772369895209273
(6)	sin(2)
(8)	* (5)(6)
(26)	- (8)(24)
(4)	v13
(14)	v19
(21)	- (14)(4)
(22)	v15
(38)	- (21)(22)
(80)	+ (26)(38)
(87)	/ (80)(71)
(139)	- (59)(87)
