(28)	v15
(65)	2.900375798833572
(83)	/ (28)(65)
(114)	e(83)
(51)	6.122444814810123
(38)	v16
(5)	v1
(1)	v1
(3)	v5
(6)	- (3)(1)
(39)	+ (6)(5)
(59)	- (38)(39)
(68)	+ (51)(59)
(0)	v15
(4)	/ (1)(0)
(26)	sin(4)
(31)	5.322434438851399
(33)	v11
(41)	+ (33)(31)
(71)	- (41)(26)
(75)	v4
(85)	- (75)(71)
(117)	/ (68)(85)
(8)	-16.25493234948582
(13)	sin(8)
(20)	abs(13)
(10)	v2
(11)	sin(10)
(24)	cos(11)
(12)	v13
(30)	e(12)
(36)	* (30)(24)
(2)	/ (0)(1)
(18)	+ (2)(8)
(23)	/ (10)(18)
(40)	tan(8)
(49)	* (40)(23)
(72)	- (36)(49)
(130)	+ (20)(72)
(137)	/ (117)(130)
(139)	+ (137)(114)
