(0)	v5
(1)	v15
(10)	0.4637993815665844
(11)	* (1)(10)
(23)	+ (11)(0)
(19)	v21
(25)	- (19)(23)
(20)	v18
(26)	v2
(53)	+ (20)(26)
(78)	- (53)(25)
(59)	2.1948633138619975
(52)	/ (26)(10)
(64)	cos(52)
(2)	abs(1)
(24)	v5
(28)	+ (2)(24)
(38)	v23
(72)	- (28)(38)
(73)	+ (64)(72)
(68)	v6
(44)	v9
(3)	tan(2)
(4)	cos(3)
(7)	9.061312811451891
(54)	+ (7)(4)
(5)	cos(1)
(12)	v26
(29)	- (12)(25)
(51)	- (29)(5)
(63)	sin(51)
(66)	+ (63)(54)
(69)	+ (66)(44)
(75)	- (68)(69)
(80)	+ (75)(73)
(81)	/ (59)(80)
(110)	tan(81)
(119)	* (110)(78)
(139)	+ (119)(23)
