(21)	-13.599630489475878
(0)	v18
(1)	v14
(2)	- (1)(1)
(20)	- (2)(0)
(11)	v5
(23)	-5.7639038318486016
(25)	/ (11)(23)
(31)	/ (20)(25)
(3)	v2
(9)	- (1)(3)
(8)	/ (3)(1)
(28)	sin(8)
(43)	* (28)(9)
(47)	+ (31)(43)
(52)	+ (47)(21)
(4)	v9
(6)	v1
(7)	- (4)(6)
(5)	v15
(10)	2.8262128901455377
(14)	* (10)(5)
(18)	abs(14)
(22)	- (7)(18)
(26)	v3
(27)	+ (14)(26)
(29)	/ (27)(23)
(15)	v21
(12)	-1.6453250834044688
(17)	/ (9)(12)
(34)	- (17)(15)
(36)	+ (29)(34)
(39)	tan(25)
(49)	tan(39)
(51)	/ (36)(49)
(59)	+ (51)(22)
(65)	- (59)(52)
(69)	-3.1000887219128472
(134)	/ (25)(69)
(139)	* (65)(134)
