(24)	v5
(12)	-4.2420080886316
(0)	v18
(1)	v2
(4)	+ (1)(0)
(8)	v21
(9)	- (8)(4)
(10)	- (0)(9)
(6)	v15
(11)	+ (6)(8)
(13)	- (10)(11)
(28)	/ (13)(12)
(14)	5.247822304801129
(19)	abs(14)
(15)	* (4)(10)
(18)	cos(15)
(20)	tan(18)
(22)	- (20)(19)
(26)	v6
(34)	/ (26)(22)
(37)	+ (28)(34)
(51)	+ (37)(24)
(2)	v14
(36)	-8.891612710760421
(43)	sin(37)
(44)	+ (36)(43)
(52)	+ (2)(44)
(23)	-5.296558714220371
(55)	v15
(69)	+ (55)(23)
(74)	/ (69)(52)
(75)	* (74)(51)
(25)	0.1442115897262184
(16)	v15
(48)	+ (2)(16)
(87)	* (25)(48)
(139)	+ (87)(75)
