(10)	v14
(14)	v6
(17)	- (14)(10)
(28)	abs(17)
(29)	2.7371534271868896
(19)	-6.548461639705723
(34)	/ (10)(19)
(38)	+ (34)(29)
(42)	+ (28)(38)
(2)	v5
(1)	v21
(4)	v18
(6)	- (4)(1)
(3)	e(2)
(7)	+ (3)(6)
(9)	cos(7)
(11)	tan(9)
(12)	abs(11)
(26)	/ (6)(12)
(30)	e(26)
(37)	* (2)(30)
(44)	e(37)
(47)	+ (44)(42)
(13)	v2
(15)	-6.667199166737991
(16)	v6
(23)	/ (16)(15)
(32)	- (23)(13)
(40)	v15
(55)	+ (40)(32)
(64)	/ (55)(47)
(39)	- (2)(34)
(0)	-3.1683194058787834
(65)	/ (6)(0)
(66)	+ (39)(65)
(83)	e(23)
(87)	e(83)
(95)	/ (2)(87)
(99)	- (66)(95)
(139)	+ (99)(64)
