(6)	v15
(1)	v21
(2)	v18
(4)	- (1)(2)
(8)	v10
(15)	- (8)(4)
(20)	- (15)(6)
(9)	18.38390333866009
(22)	sin(9)
(25)	* (20)(22)
(26)	v5
(31)	+ (25)(26)
(33)	v14
(40)	-9.25150951056775
(42)	+ (6)(40)
(52)	/ (33)(42)
(92)	- (31)(52)
(5)	v1
(0)	-6.222472472217824
(3)	* (2)(2)
(7)	- (0)(3)
(12)	- (5)(7)
(28)	/ (12)(22)
(32)	sin(28)
(35)	cos(32)
(43)	4.84167642228385
(63)	/ (35)(43)
(13)	* (3)(2)
(19)	* (13)(3)
(21)	+ (12)(19)
(60)	+ (21)(28)
(66)	+ (60)(25)
(30)	v25
(44)	sin(30)
(73)	abs(44)
(82)	/ (73)(66)
(115)	-0.49537915473995753
(129)	- (115)(82)
(136)	- (63)(129)
(139)	* (92)(136)
