(9)	2.1699910123713764
(1)	v3
(2)	v27
(5)	- (2)(1)
(0)	v26
(7)	sin(0)
(10)	* (5)(7)
(16)	- (10)(5)
(19)	/ (16)(9)
(13)	v5
(4)	v21
(8)	-0.5279502724913172
(14)	* (4)(8)
(15)	- (13)(14)
(34)	v2
(45)	- (15)(34)
(47)	+ (19)(45)
(28)	v15
(51)	v18
(30)	+ (15)(0)
(18)	abs(0)
(3)	4.792615911263951
(11)	+ (1)(3)
(12)	abs(11)
(20)	abs(12)
(29)	/ (18)(20)
(49)	* (29)(34)
(52)	+ (30)(49)
(61)	- (52)(51)
(62)	+ (61)(28)
(6)	sin(5)
(22)	+ (18)(6)
(17)	sin(5)
(55)	- (20)(17)
(56)	/ (22)(55)
(68)	e(56)
(86)	/ (62)(68)
(92)	+ (47)(86)
(138)	3.154579113582024
(139)	/ (92)(138)
