(1)	v27
(2)	v4
(6)	cos(2)
(8)	* (6)(1)
(5)	v2
(0)	v21
(4)	v5
(9)	+ (0)(4)
(10)	+ (5)(9)
(11)	- (10)(8)
(13)	v18
(17)	- (13)(11)
(25)	-3.744858585437534
(28)	/ (17)(25)
(3)	5.866117971846183
(7)	/ (6)(3)
(33)	v14
(46)	* (7)(33)
(53)	+ (28)(46)
(61)	-6.073071026499823
(102)	tan(61)
(38)	v15
(27)	- (2)(0)
(22)	11.87836347584576
(16)	v1
(19)	* (16)(17)
(20)	+ (19)(8)
(34)	- (20)(4)
(36)	- (22)(34)
(39)	* (16)(8)
(43)	+ (39)(36)
(45)	- (27)(43)
(54)	/ (38)(45)
(24)	10.259538333873607
(42)	- (4)(5)
(58)	/ (42)(24)
(104)	- (58)(54)
(108)	/ (104)(102)
(139)	+ (53)(108)
