(21)	-0.40920708234848746
(5)	v19
(8)	sin(5)
(13)	v1
(15)	- (13)(8)
(7)	3.3864168984305856
(17)	v10
(22)	+ (7)(17)
(0)	v27
(3)	v14
(4)	sin(3)
(20)	tan(4)
(24)	- (20)(0)
(27)	/ (24)(22)
(10)	+ (8)(4)
(30)	-17.04358004308077
(32)	- (10)(30)
(35)	16.6785924644796
(38)	- (35)(32)
(50)	+ (27)(38)
(85)	- (50)(15)
(96)	v15
(40)	v26
(1)	-2.6750788288216825
(43)	* (40)(7)
(47)	- (1)(43)
(53)	- (40)(47)
(61)	* (27)(53)
(87)	cos(61)
(11)	cos(5)
(19)	- (0)(11)
(23)	sin(19)
(56)	+ (23)(15)
(88)	cos(56)
(99)	* (87)(88)
(105)	- (96)(99)
(122)	- (85)(105)
(139)	* (21)(122)
