(2)	v27
(26)	-5.411492087051455
(33)	+ (2)(26)
(44)	v0
(52)	- (44)(33)
(22)	v19
(1)	3.437642671291382
(6)	* (2)(1)
(13)	sin(6)
(14)	cos(13)
(18)	v1
(32)	/ (18)(14)
(3)	v10
(4)	sin(3)
(29)	+ (14)(4)
(30)	abs(29)
(34)	+ (30)(18)
(57)	abs(34)
(67)	+ (32)(57)
(82)	+ (67)(22)
(89)	/ (82)(52)
(63)	8.509737769261754
(9)	- (3)(4)
(8)	17.938855523009046
(16)	* (3)(8)
(35)	v5
(36)	/ (35)(16)
(38)	sin(18)
(58)	- (1)(44)
(62)	+ (58)(38)
(66)	+ (36)(62)
(75)	- (9)(66)
(86)	/ (75)(63)
(69)	cos(52)
(121)	v15
(122)	- (69)(121)
(136)	* (86)(122)
(139)	+ (136)(89)
