(5)	-9.88668579910835
(7)	sin(5)
(2)	v10
(4)	sin(2)
(10)	-4.046379175755167
(13)	+ (10)(4)
(8)	v6
(16)	16.795400987304944
(19)	cos(16)
(20)	* (8)(19)
(24)	+ (13)(20)
(29)	v19
(32)	/ (29)(24)
(18)	v27
(28)	- (18)(20)
(3)	v1
(9)	sin(5)
(31)	+ (9)(3)
(37)	sin(31)
(6)	v0
(33)	v26
(38)	/ (6)(33)
(49)	- (38)(20)
(56)	cos(49)
(59)	+ (56)(37)
(60)	cos(59)
(68)	e(60)
(72)	/ (28)(68)
(73)	- (72)(32)
(57)	1.6268550702515512
(66)	v0
(21)	v7
(23)	+ (3)(21)
(43)	v15
(71)	+ (43)(23)
(76)	- (71)(66)
(90)	/ (76)(57)
(111)	+ (73)(90)
(139)	* (7)(111)
