(39)	v15
(2)	2.059402047857386
(15)	16.540125285438442
(35)	/ (15)(2)
(46)	v9
(50)	+ (46)(35)
(84)	+ (50)(39)
(34)	1.983277158055273
(70)	e(34)
(3)	v26
(26)	tan(3)
(71)	sin(26)
(4)	19.045279995897275
(29)	v27
(20)	v22
(36)	e(20)
(41)	* (29)(36)
(72)	sin(41)
(97)	- (4)(72)
(98)	- (97)(71)
(109)	/ (98)(70)
(120)	/ (84)(109)
(85)	tan(4)
(55)	v25
(32)	v9
(60)	- (32)(2)
(1)	16.38811947884544
(37)	cos(29)
(5)	+ (4)(3)
(9)	cos(5)
(42)	- (9)(29)
(68)	+ (37)(42)
(80)	+ (1)(68)
(81)	+ (60)(80)
(99)	- (55)(81)
(123)	* (99)(85)
(139)	+ (123)(120)
