(72)	1.864149525113433
(10)	v0
(8)	-2.721731016017131
(0)	v12
(14)	- (8)(0)
(28)	tan(14)
(31)	sin(28)
(33)	+ (8)(31)
(39)	/ (10)(33)
(2)	-14.55326463408554
(6)	-18.997813541909725
(11)	- (6)(2)
(17)	v25
(23)	- (11)(17)
(3)	v11
(20)	v6
(27)	+ (20)(3)
(38)	/ (27)(23)
(54)	tan(38)
(69)	- (39)(54)
(68)	v1
(1)	v6
(65)	tan(1)
(7)	8.821285556809563
(15)	e(6)
(16)	+ (14)(7)
(18)	/ (16)(15)
(26)	+ (18)(7)
(36)	-14.827557399429555
(52)	e(36)
(70)	/ (26)(52)
(73)	+ (70)(65)
(79)	v15
(83)	+ (73)(79)
(91)	- (83)(73)
(92)	+ (91)(68)
(94)	+ (92)(69)
(139)	/ (94)(72)
