(66)	v15
(1)	v25
(3)	cos(1)
(4)	- (1)(3)
(10)	sin(3)
(24)	- (10)(4)
(7)	v8
(2)	/ (1)(1)
(6)	7.65684968704392
(11)	- (7)(6)
(15)	+ (11)(2)
(18)	/ (7)(15)
(33)	sin(18)
(62)	abs(33)
(73)	* (62)(24)
(83)	+ (66)(73)
(0)	v17
(13)	- (0)(7)
(17)	v1
(29)	+ (13)(17)
(32)	cos(29)
(34)	+ (32)(6)
(43)	/ (34)(15)
(61)	v21
(75)	/ (61)(43)
(31)	v24
(19)	v13
(9)	v6
(14)	v9
(28)	- (9)(14)
(36)	0.40269226199179187
(46)	* (28)(36)
(65)	+ (46)(19)
(81)	- (31)(65)
(64)	tan(36)
(76)	cos(64)
(92)	tan(76)
(95)	/ (81)(92)
(113)	+ (95)(75)
(118)	- (83)(113)
(58)	-19.8816056762127
(131)	cos(58)
(139)	* (118)(131)
