(16)	v1
(27)	abs(16)
(2)	2.732279295107695
(12)	-10.436226335072533
(18)	v9
(28)	+ (12)(18)
(29)	+ (2)(28)
(31)	- (27)(29)
(4)	v11
(5)	-14.063402996199951
(7)	/ (4)(5)
(15)	* (7)(2)
(41)	- (15)(12)
(54)	/ (41)(31)
(8)	v13
(0)	v0
(9)	abs(2)
(10)	- (0)(9)
(1)	v8
(6)	+ (1)(0)
(22)	v15
(35)	* (22)(6)
(38)	- (35)(10)
(39)	/ (8)(38)
(67)	v0
(34)	v15
(20)	-2.9324408846478853
(17)	v6
(21)	- (0)(17)
(25)	/ (21)(20)
(19)	v24
(51)	-1.1207228460860819
(66)	/ (19)(51)
(68)	+ (25)(66)
(71)	+ (34)(68)
(93)	+ (67)(71)
(129)	+ (93)(39)
(139)	/ (129)(54)
