(5)	v15
(4)	-5.600024629946724
(6)	sin(4)
(9)	* (6)(5)
(2)	v27
(15)	v28
(31)	- (15)(2)
(39)	-10.136945515189062
(41)	/ (31)(39)
(43)	+ (41)(9)
(1)	v6
(3)	4.2295166229894505
(10)	sin(3)
(17)	6.755865697657335
(21)	+ (17)(10)
(27)	/ (1)(21)
(42)	tan(27)
(34)	-3.846140801462056
(7)	v3
(19)	sin(7)
(23)	tan(19)
(16)	v13
(25)	+ (19)(16)
(36)	- (25)(23)
(55)	/ (36)(34)
(63)	- (42)(55)
(13)	v24
(30)	v21
(62)	- (30)(13)
(28)	abs(16)
(33)	- (3)(28)
(0)	v4
(12)	+ (0)(1)
(38)	sin(12)
(51)	sin(38)
(58)	tan(51)
(83)	+ (33)(58)
(94)	/ (62)(83)
(114)	+ (63)(94)
(139)	+ (114)(43)
