(13)	11.176421366696868
(41)	v11
(46)	- (13)(41)
(16)	18.925116070056482
(1)	v6
(7)	cos(1)
(35)	+ (7)(13)
(47)	/ (35)(16)
(73)	* (47)(46)
(96)	v3
(97)	- (73)(96)
(14)	10.010677862871628
(6)	v23
(27)	sin(6)
(71)	- (27)(14)
(113)	abs(71)
(120)	/ (97)(113)
(4)	v24
(5)	- (4)(1)
(11)	-16.871271173972758
(21)	cos(11)
(28)	* (5)(21)
(29)	sin(28)
(10)	v21
(2)	v12
(15)	-3.695976924889731
(25)	+ (2)(15)
(31)	/ (10)(25)
(54)	v15
(75)	- (54)(31)
(80)	+ (75)(29)
(3)	abs(2)
(23)	- (2)(3)
(34)	- (16)(23)
(45)	16.000886013745117
(64)	- (34)(45)
(12)	0.6345252040151159
(32)	v13
(81)	/ (32)(12)
(90)	/ (81)(64)
(122)	+ (80)(90)
(139)	* (120)(122)
