(9)	-16.07590526190455
(40)	tan(9)
(1)	-3.9531853868365197
(11)	abs(1)
(18)	e(11)
(19)	sin(18)
(16)	v24
(27)	v15
(33)	+ (27)(16)
(28)	v13
(31)	v21
(47)	+ (28)(31)
(44)	abs(1)
(46)	-7.29428994694668
(49)	/ (46)(44)
(53)	sin(49)
(54)	* (53)(47)
(60)	+ (54)(33)
(62)	* (19)(60)
(85)	* (40)(62)
(25)	v15
(0)	v7
(2)	v3
(3)	- (2)(0)
(4)	abs(3)
(7)	- (2)(4)
(8)	- (4)(7)
(5)	-3.5304669740849235
(10)	v0
(14)	+ (10)(5)
(23)	/ (8)(14)
(6)	v8
(15)	cos(6)
(35)	v6
(36)	- (35)(15)
(48)	- (36)(23)
(56)	- (44)(16)
(70)	/ (48)(56)
(98)	+ (70)(25)
(139)	+ (85)(98)
