(2)	v27
(17)	-8.878498726994177
(5)	v15
(19)	-9.874797699591738
(26)	- (5)(19)
(31)	/ (26)(17)
(14)	v26
(1)	v25
(4)	v10
(9)	v20
(11)	+ (9)(4)
(13)	- (1)(11)
(8)	v17
(0)	v28
(6)	v7
(12)	+ (0)(6)
(22)	+ (12)(8)
(25)	- (22)(13)
(40)	- (25)(14)
(66)	/ (40)(31)
(86)	- (2)(66)
(33)	sin(17)
(35)	sin(33)
(7)	-2.8935336352336165
(10)	- (2)(0)
(16)	- (7)(10)
(20)	e(16)
(36)	e(20)
(18)	sin(17)
(34)	v22
(38)	cos(34)
(23)	abs(13)
(27)	3.154957651416545
(39)	+ (27)(23)
(43)	/ (38)(39)
(47)	- (18)(43)
(55)	/ (36)(47)
(132)	/ (35)(55)
(139)	* (86)(132)
