(0)	v7
(12)	v12
(21)	+ (0)(12)
(23)	v10
(30)	+ (23)(21)
(17)	v20
(6)	abs(0)
(7)	v26
(8)	- (6)(7)
(9)	cos(8)
(10)	cos(9)
(15)	v25
(18)	/ (15)(10)
(38)	- (17)(18)
(49)	+ (38)(30)
(26)	v28
(5)	v17
(16)	v24
(24)	-3.5544980358756746
(32)	/ (16)(24)
(43)	+ (5)(32)
(51)	+ (43)(43)
(66)	+ (26)(51)
(92)	+ (49)(66)
(67)	0.01619124059468291
(39)	15.412354167440355
(53)	abs(39)
(11)	v19
(41)	* (11)(17)
(44)	cos(41)
(3)	11.53824005335791
(4)	+ (0)(3)
(29)	abs(4)
(47)	e(29)
(57)	sin(47)
(62)	- (57)(44)
(35)	v23
(102)	+ (57)(35)
(105)	+ (102)(62)
(107)	- (53)(105)
(136)	* (67)(107)
(139)	* (136)(92)
