(16)	2.4133752968324096
(21)	v4
(41)	/ (21)(16)
(0)	v13
(1)	v22
(3)	- (1)(0)
(7)	v17
(10)	/ (1)(7)
(17)	sin(10)
(35)	- (3)(17)
(53)	abs(35)
(8)	-6.972613806312605
(58)	tan(8)
(69)	* (58)(53)
(12)	v11
(5)	cos(3)
(6)	v9
(11)	- (5)(6)
(18)	v21
(19)	- (18)(11)
(25)	+ (12)(19)
(48)	v27
(56)	+ (25)(48)
(2)	abs(1)
(20)	7.85020574079482
(23)	* (20)(12)
(27)	+ (23)(2)
(78)	cos(27)
(87)	+ (78)(56)
(104)	- (69)(87)
(109)	+ (104)(41)
(43)	e(35)
(71)	cos(43)
(98)	sin(71)
(124)	-3.9550737962696587
(132)	+ (124)(98)
(139)	/ (109)(132)
