(5)	-2.120804207731414
(8)	v9
(10)	- (5)(8)
(0)	v13
(3)	v6
(4)	- (3)(0)
(6)	sin(4)
(9)	v12
(13)	v10
(15)	- (9)(13)
(17)	- (15)(6)
(19)	+ (17)(10)
(46)	cos(19)
(22)	v10
(25)	sin(22)
(60)	- (25)(5)
(78)	/ (46)(60)
(32)	17.422761839156117
(23)	v15
(33)	- (23)(22)
(11)	v7
(14)	sin(11)
(34)	+ (14)(4)
(39)	- (33)(34)
(66)	- (39)(32)
(67)	-10.224987295254856
(74)	/ (66)(67)
(87)	v6
(82)	v21
(86)	+ (15)(82)
(1)	-3.318493773832433
(89)	v26
(110)	+ (1)(89)
(122)	/ (86)(110)
(134)	+ (87)(122)
(135)	/ (134)(74)
(139)	- (135)(78)
