(62)	-4.638702575389942
(55)	v15
(9)	v13
(5)	-0.545127573050511
(11)	e(5)
(65)	+ (9)(11)
(70)	- (65)(55)
(75)	/ (70)(62)
(40)	0.37773968018770887
(20)	v27
(32)	3.8143007973078547
(39)	/ (20)(32)
(43)	+ (9)(39)
(30)	v20
(2)	v17
(13)	v27
(16)	- (13)(2)
(3)	-16.7525276241051
(4)	sin(3)
(10)	+ (4)(9)
(7)	v27
(17)	cos(7)
(22)	+ (17)(10)
(0)	v6
(21)	v19
(25)	- (21)(0)
(28)	+ (25)(22)
(33)	+ (28)(16)
(41)	+ (33)(30)
(19)	v12
(26)	-5.94013762574097
(51)	- (26)(19)
(56)	/ (41)(51)
(61)	+ (43)(56)
(132)	+ (40)(61)
(139)	+ (132)(75)
