(58)	v13
(55)	-4.888592062123195
(33)	v18
(1)	v8
(20)	-9.095491642284216
(36)	- (20)(1)
(45)	- (33)(36)
(12)	v17
(6)	v6
(13)	v15
(32)	* (13)(6)
(37)	+ (32)(12)
(0)	v11
(3)	- (1)(0)
(2)	v2
(5)	abs(2)
(17)	- (3)(5)
(26)	+ (12)(17)
(43)	e(26)
(51)	* (43)(37)
(68)	+ (45)(51)
(4)	- (2)(3)
(14)	tan(4)
(34)	- (14)(13)
(78)	cos(34)
(92)	- (68)(78)
(94)	/ (55)(92)
(118)	e(94)
(136)	* (118)(58)
(10)	v17
(29)	+ (13)(10)
(9)	v4
(11)	- (3)(10)
(15)	* (11)(9)
(16)	cos(15)
(25)	cos(16)
(8)	v19
(23)	cos(15)
(27)	+ (8)(23)
(30)	- (27)(25)
(38)	- (29)(30)
(82)	+ (38)(6)
(18)	3.3516815870705727
(122)	+ (18)(36)
(138)	/ (82)(122)
(139)	- (136)(138)
