(25)	6.067273682798987
(0)	v27
(1)	v13
(11)	+ (1)(0)
(8)	/ (0)(1)
(17)	e(8)
(18)	+ (17)(11)
(46)	v19
(87)	- (46)(18)
(34)	v15
(92)	v6
(97)	+ (92)(34)
(115)	- (97)(87)
(3)	6.535396403377817
(5)	tan(3)
(36)	v12
(44)	- (36)(5)
(53)	+ (1)(44)
(55)	- (53)(17)
(7)	abs(1)
(42)	v28
(59)	- (42)(7)
(71)	- (53)(59)
(75)	+ (71)(55)
(41)	v8
(49)	v15
(68)	+ (41)(49)
(30)	2.1317857994804115
(14)	/ (7)(3)
(4)	v12
(12)	sin(4)
(16)	abs(8)
(19)	+ (16)(12)
(40)	+ (19)(14)
(50)	* (40)(49)
(80)	- (30)(50)
(96)	+ (68)(80)
(108)	cos(96)
(118)	+ (75)(108)
(131)	+ (118)(115)
(139)	/ (131)(25)
