(47)	-3.6892935508226117
(49)	v17
(56)	/ (49)(47)
(7)	7.45014155143793
(8)	abs(7)
(1)	-18.298243127946936
(5)	sin(1)
(11)	abs(5)
(17)	- (8)(11)
(20)	v28
(22)	+ (20)(17)
(0)	v19
(2)	/ (0)(0)
(4)	- (2)(0)
(27)	v15
(42)	+ (27)(4)
(35)	v6
(38)	v20
(46)	- (35)(38)
(51)	+ (46)(42)
(61)	/ (51)(22)
(63)	- (56)(61)
(18)	v13
(9)	sin(5)
(23)	+ (9)(18)
(12)	1.2859934191982987
(3)	tan(2)
(16)	v27
(25)	+ (16)(3)
(10)	-0.3719567598216571
(28)	- (10)(27)
(29)	abs(28)
(33)	* (29)(25)
(43)	+ (12)(33)
(62)	/ (23)(43)
(67)	- (18)(62)
(139)	- (67)(63)
