(41)	0.2658053539442484
(1)	v15
(0)	v27
(8)	v27
(28)	/ (8)(0)
(3)	abs(0)
(10)	v17
(11)	-0.5666882869035916
(15)	e(11)
(2)	v20
(4)	- (0)(2)
(14)	cos(4)
(16)	cos(8)
(18)	/ (16)(14)
(24)	/ (18)(15)
(25)	sin(24)
(38)	- (25)(10)
(46)	- (3)(38)
(53)	* (28)(46)
(56)	+ (1)(53)
(9)	v19
(17)	v6
(27)	- (17)(9)
(33)	+ (27)(4)
(12)	v13
(6)	4.327016110362575
(30)	v0
(39)	cos(30)
(43)	- (39)(6)
(44)	* (12)(43)
(48)	- (33)(44)
(63)	- (48)(46)
(73)	-1.5772830652895777
(95)	/ (63)(73)
(122)	- (56)(95)
(139)	* (122)(41)
