(37)	v13
(0)	v11
(25)	+ (0)(0)
(14)	v27
(2)	3.141186749894416
(3)	- (2)(0)
(8)	-3.413109120870157
(9)	- (8)(3)
(21)	e(9)
(32)	+ (21)(14)
(38)	+ (25)(32)
(42)	8.123136804586913
(43)	+ (38)(42)
(15)	v4
(16)	v19
(18)	- (14)(16)
(50)	- (18)(15)
(54)	/ (50)(43)
(55)	+ (37)(54)
(5)	v17
(10)	v6
(17)	+ (5)(10)
(51)	sin(17)
(58)	6.793791265027245
(94)	+ (58)(51)
(1)	3.5317589665429807
(24)	sin(1)
(20)	-8.772997905656812
(7)	- (0)(5)
(22)	cos(7)
(23)	- (22)(18)
(26)	- (20)(23)
(30)	* (26)(24)
(65)	* (37)(30)
(11)	v12
(12)	+ (10)(11)
(56)	cos(22)
(64)	+ (12)(56)
(60)	v4
(68)	cos(60)
(69)	- (64)(68)
(31)	v15
(39)	- (1)(18)
(40)	sin(39)
(63)	+ (31)(40)
(84)	+ (63)(5)
(98)	+ (69)(84)
(102)	- (98)(65)
(119)	/ (102)(94)
(139)	+ (55)(119)
