(1)	v16
(0)	16.04302230474631
(4)	+ (1)(0)
(9)	+ (4)(1)
(7)	v19
(14)	cos(7)
(30)	/ (9)(14)
(29)	v12
(40)	+ (30)(29)
(59)	/ (40)(30)
(17)	v6
(37)	11.731525042127572
(53)	+ (37)(17)
(39)	+ (37)(7)
(50)	v28
(63)	+ (39)(50)
(64)	/ (53)(63)
(22)	-5.113054543339288
(2)	v13
(3)	v15
(8)	+ (3)(2)
(10)	6.54789156668976
(31)	- (10)(8)
(36)	* (22)(31)
(18)	v27
(6)	v27
(12)	+ (6)(2)
(16)	abs(2)
(20)	+ (12)(16)
(28)	/ (20)(10)
(45)	e(28)
(47)	* (45)(3)
(48)	- (47)(0)
(62)	- (18)(48)
(73)	/ (36)(62)
(90)	+ (73)(64)
(93)	+ (90)(59)
(54)	1.4766265739948494
(137)	+ (54)(28)
(139)	* (93)(137)
