(4)	v17
(11)	v13
(37)	- (4)(11)
(38)	sin(37)
(22)	v13
(5)	v6
(0)	v15
(1)	v19
(7)	- (0)(1)
(12)	cos(7)
(13)	- (5)(12)
(18)	v4
(21)	cos(18)
(26)	- (13)(21)
(41)	+ (22)(26)
(45)	+ (38)(41)
(3)	v25
(8)	-0.6851807139088741
(10)	- (8)(3)
(34)	- (12)(10)
(6)	-2.3373894988698716
(9)	/ (7)(6)
(28)	- (11)(9)
(40)	+ (28)(28)
(86)	+ (40)(34)
(96)	+ (45)(86)
(36)	1.8104051411893671
(43)	8.36020610172898
(14)	+ (6)(1)
(20)	* (12)(3)
(46)	sin(20)
(55)	/ (46)(14)
(69)	abs(55)
(71)	+ (69)(43)
(101)	/ (36)(71)
(139)	* (101)(96)
