(1)	-18.383224108577156
(28)	tan(1)
(8)	v20
(13)	cos(8)
(26)	cos(13)
(22)	v18
(25)	v1
(29)	+ (25)(22)
(31)	- (29)(26)
(2)	v5
(6)	+ (1)(2)
(9)	-10.714923383668978
(19)	- (6)(9)
(0)	-10.321845073129605
(4)	v8
(7)	+ (4)(0)
(12)	v14
(24)	v18
(10)	v28
(5)	v23
(14)	/ (5)(9)
(20)	+ (14)(10)
(21)	/ (19)(20)
(34)	/ (1)(21)
(37)	- (34)(12)
(38)	- (37)(24)
(39)	- (12)(38)
(40)	/ (39)(0)
(46)	- (40)(7)
(51)	+ (19)(46)
(16)	v12
(17)	- (16)(10)
(30)	e(17)
(15)	v26
(32)	- (1)(15)
(41)	- (30)(32)
(48)	+ (30)(41)
(55)	/ (48)(0)
(61)	+ (51)(55)
(68)	+ (61)(31)
(139)	* (28)(68)
