(15)	0.6987677259862899
(47)	e(15)
(12)	v5
(16)	v23
(3)	v20
(0)	v13
(4)	4.0996801716209
(5)	- (0)(4)
(8)	e(5)
(17)	* (3)(8)
(18)	* (16)(17)
(46)	cos(18)
(50)	+ (12)(46)
(52)	/ (50)(47)
(41)	-4.07667939352379
(1)	v23
(26)	v8
(28)	+ (1)(26)
(6)	v28
(9)	+ (3)(6)
(20)	tan(18)
(21)	- (20)(5)
(24)	v25
(35)	+ (24)(21)
(40)	+ (35)(9)
(79)	- (28)(40)
(83)	/ (79)(41)
(87)	+ (52)(83)
(34)	-5.725326078445905
(43)	/ (34)(4)
(57)	-3.3762766414847505
(42)	v1
(13)	12.441297773585
(19)	cos(13)
(44)	v21
(49)	- (19)(44)
(48)	v13
(54)	cos(48)
(70)	- (49)(54)
(89)	- (42)(70)
(97)	/ (89)(57)
(138)	- (43)(97)
(139)	+ (87)(138)
