(3)	-2.0127851331388698
(14)	cos(3)
(23)	v1
(24)	v5
(34)	+ (24)(23)
(41)	* (14)(34)
(93)	-0.2102086382694459
(73)	cos(3)
(44)	abs(3)
(4)	v18
(7)	cos(4)
(0)	v12
(10)	+ (0)(7)
(20)	abs(10)
(36)	* (7)(20)
(71)	e(36)
(2)	- (0)(0)
(8)	v0
(12)	e(8)
(13)	+ (2)(12)
(1)	v21
(19)	v28
(26)	+ (19)(1)
(33)	- (13)(26)
(57)	* (33)(24)
(87)	abs(57)
(99)	+ (71)(87)
(101)	+ (44)(99)
(102)	/ (73)(101)
(16)	v8
(28)	sin(16)
(59)	- (26)(28)
(79)	e(59)
(43)	10.548334806960415
(40)	v9
(52)	tan(40)
(50)	-11.30278206475225
(48)	v13
(65)	* (10)(48)
(66)	+ (65)(50)
(69)	- (52)(66)
(64)	v4
(75)	e(64)
(80)	/ (75)(69)
(83)	- (80)(43)
(89)	tan(83)
(98)	- (89)(79)
(112)	e(98)
(122)	+ (112)(102)
(129)	/ (122)(93)
(139)	- (129)(41)
