(0)	-2.6642721873793676
(4)	-16.69615527107912
(16)	/ (0)(4)
(2)	v1
(7)	v8
(18)	+ (7)(2)
(6)	v2
(5)	abs(2)
(9)	v5
(17)	* (5)(9)
(31)	+ (6)(17)
(33)	+ (18)(31)
(40)	* (33)(16)
(13)	4.332373958915898
(42)	tan(13)
(43)	v15
(47)	/ (43)(42)
(72)	+ (47)(40)
(8)	v18
(10)	* (0)(8)
(36)	v21
(38)	+ (36)(10)
(3)	v28
(14)	v5
(54)	+ (3)(14)
(56)	+ (54)(38)
(39)	v13
(26)	cos(13)
(37)	+ (13)(26)
(15)	tan(3)
(21)	+ (15)(3)
(22)	- (14)(21)
(44)	abs(22)
(64)	+ (44)(37)
(71)	+ (39)(64)
(110)	/ (56)(71)
(139)	+ (110)(72)
