(1)	v15
(0)	7.75258013621896
(4)	- (1)(0)
(5)	v11
(7)	- (4)(5)
(26)	* (1)(7)
(12)	v18
(18)	v5
(6)	v21
(3)	v28
(14)	- (12)(3)
(16)	/ (14)(0)
(20)	+ (16)(6)
(22)	+ (20)(18)
(27)	- (12)(22)
(30)	- (27)(26)
(13)	cos(1)
(19)	cos(13)
(10)	-10.946431925692416
(21)	+ (10)(3)
(36)	* (19)(21)
(44)	v6
(56)	/ (44)(36)
(58)	+ (56)(26)
(65)	/ (30)(58)
(43)	1.5472731866670983
(15)	- (3)(12)
(28)	+ (15)(18)
(31)	/ (28)(1)
(34)	cos(16)
(48)	e(34)
(53)	/ (31)(48)
(77)	+ (43)(53)
(138)	+ (65)(77)
(139)	* (138)(1)
