(2)	2.8889573824227135
(13)	v28
(21)	sin(13)
(45)	cos(21)
(52)	+ (45)(2)
(3)	v5
(12)	v21
(16)	+ (3)(12)
(31)	-2.0563780556214617
(7)	sin(3)
(20)	- (2)(7)
(5)	v7
(9)	v18
(14)	- (5)(9)
(25)	+ (21)(14)
(54)	/ (20)(25)
(59)	/ (31)(54)
(62)	- (16)(59)
(66)	/ (52)(62)
(40)	1.2014006677771008
(0)	v1
(22)	/ (0)(16)
(38)	sin(22)
(10)	v11
(19)	- (3)(10)
(28)	- (19)(14)
(15)	tan(14)
(18)	+ (15)(16)
(23)	* (2)(18)
(24)	- (2)(23)
(27)	abs(24)
(34)	e(27)
(56)	/ (28)(34)
(57)	sin(56)
(101)	- (38)(57)
(105)	+ (40)(101)
(139)	/ (105)(66)
