(13)	v1
(22)	v25
(27)	+ (22)(13)
(96)	4.7501368392855845
(109)	/ (27)(96)
(1)	v18
(7)	v28
(8)	- (7)(1)
(10)	v23
(11)	- (10)(8)
(12)	-3.2135296733499494
(18)	/ (11)(12)
(0)	5.187228768206978
(4)	cos(0)
(20)	v15
(2)	v5
(9)	v19
(15)	- (9)(2)
(26)	sin(15)
(33)	v19
(34)	- (26)(33)
(58)	- (34)(20)
(19)	tan(0)
(30)	* (15)(19)
(35)	cos(30)
(5)	v5
(37)	+ (5)(2)
(40)	+ (37)(35)
(16)	v25
(39)	6.831557171040572
(45)	+ (39)(16)
(60)	/ (40)(45)
(65)	- (60)(58)
(86)	* (4)(65)
(117)	+ (18)(86)
(139)	+ (109)(117)
