(18)	v1
(5)	3.9001272045321045
(10)	abs(5)
(1)	v5
(6)	0.3703621223698619
(2)	v1
(7)	sin(5)
(11)	+ (2)(7)
(17)	+ (6)(11)
(20)	- (17)(1)
(33)	cos(20)
(51)	+ (10)(33)
(3)	+ (2)(2)
(23)	- (1)(2)
(28)	- (23)(3)
(31)	v28
(36)	v25
(43)	+ (31)(36)
(62)	+ (43)(28)
(80)	/ (62)(51)
(86)	+ (80)(18)
(47)	10.369915556394584
(55)	* (47)(18)
(56)	sin(55)
(77)	- (56)(51)
(13)	10.493612112674008
(9)	sin(3)
(19)	- (2)(9)
(38)	- (19)(9)
(53)	+ (13)(38)
(82)	v3
(92)	- (82)(53)
(57)	v15
(44)	v21
(30)	-6.90124269044774
(46)	-9.363138602408515
(48)	- (30)(46)
(63)	/ (44)(48)
(72)	+ (63)(57)
(83)	v18
(105)	- (72)(83)
(110)	/ (105)(92)
(138)	* (77)(110)
(139)	+ (138)(86)
