(1)	2.5998515240019024
(6)	v21
(27)	/ (6)(1)
(7)	v19
(22)	-2.1420841335809158
(58)	/ (7)(22)
(60)	- (58)(27)
(10)	-12.382774322117115
(19)	tan(10)
(25)	v11
(26)	* (19)(25)
(3)	2.4557619092154503
(8)	v7
(11)	/ (8)(3)
(2)	v15
(5)	+ (2)(2)
(12)	- (2)(5)
(17)	- (11)(12)
(35)	v18
(37)	- (35)(17)
(43)	sin(37)
(47)	/ (43)(22)
(62)	+ (47)(26)
(0)	v5
(9)	- (7)(0)
(20)	+ (9)(11)
(24)	sin(20)
(21)	1.6073400555849844
(29)	v18
(42)	e(29)
(61)	+ (21)(42)
(66)	/ (24)(61)
(18)	1.3709939878444999
(30)	* (7)(18)
(40)	* (26)(30)
(13)	e(0)
(15)	10.534914617024192
(46)	/ (15)(13)
(63)	/ (2)(46)
(68)	* (40)(63)
(73)	- (66)(68)
(131)	- (62)(73)
(139)	- (131)(60)
