(0)	3.400114279172218
(2)	v27
(21)	/ (2)(0)
(10)	4.2702129620921845
(3)	v16
(31)	sin(3)
(52)	- (10)(31)
(4)	v22
(11)	cos(4)
(16)	v0
(22)	- (11)(16)
(58)	v20
(68)	+ (58)(22)
(75)	v7
(78)	+ (75)(68)
(104)	/ (78)(52)
(87)	-1.0372924329454065
(8)	v23
(32)	+ (8)(10)
(6)	4.097535163331656
(12)	v9
(44)	+ (6)(12)
(26)	-18.045071674848767
(7)	v6
(1)	5.386108509241318
(9)	tan(1)
(23)	* (7)(9)
(40)	e(23)
(41)	- (40)(26)
(47)	abs(41)
(18)	v17
(34)	* (18)(7)
(19)	cos(1)
(29)	/ (7)(19)
(36)	abs(29)
(39)	+ (34)(36)
(48)	+ (23)(39)
(56)	+ (48)(47)
(64)	/ (56)(44)
(123)	/ (32)(64)
(124)	+ (87)(123)
(129)	+ (124)(104)
(139)	+ (129)(21)
