(19)	v5
(2)	-8.552482704268979
(15)	v24
(33)	- (2)(15)
(77)	/ (19)(33)
(3)	v25
(30)	abs(3)
(49)	7.65921758793349
(62)	+ (49)(30)
(74)	sin(62)
(4)	v20
(5)	v11
(6)	- (5)(4)
(41)	+ (6)(15)
(47)	-10.091686572081432
(79)	/ (41)(47)
(82)	* (74)(79)
(89)	e(82)
(107)	- (89)(77)
(14)	3.809817347077473
(20)	v9
(31)	/ (20)(14)
(16)	v11
(11)	-0.6673085462347252
(13)	v27
(29)	- (13)(11)
(32)	+ (29)(16)
(24)	- (20)(2)
(37)	- (24)(32)
(46)	/ (32)(37)
(53)	+ (31)(46)
(22)	v7
(56)	e(22)
(87)	2.917643264222267
(97)	+ (87)(56)
(35)	v6
(36)	- (35)(14)
(21)	cos(3)
(0)	v11
(10)	+ (5)(0)
(25)	0.9816180955229434
(28)	/ (25)(10)
(42)	cos(28)
(68)	- (21)(42)
(85)	cos(68)
(113)	- (36)(85)
(124)	/ (113)(97)
(127)	+ (124)(53)
(139)	+ (127)(107)
