(26)	-11.172810558624878
(46)	v27
(4)	v7
(13)	sin(4)
(1)	v9
(15)	+ (4)(1)
(23)	+ (13)(15)
(25)	v6
(32)	+ (25)(23)
(0)	11.975503487311041
(2)	- (1)(0)
(5)	+ (2)(1)
(6)	sin(5)
(7)	-0.4195147284813281
(8)	/ (7)(6)
(18)	/ (8)(2)
(24)	v20
(47)	+ (24)(18)
(95)	+ (47)(32)
(111)	+ (46)(95)
(133)	/ (26)(111)
(9)	16.883435985340938
(42)	v0
(48)	+ (9)(42)
(64)	v18
(73)	+ (48)(64)
(3)	-6.7176587670739085
(21)	1.0987711171091483
(37)	v10
(41)	+ (37)(21)
(106)	sin(41)
(108)	- (3)(106)
(136)	/ (73)(108)
(139)	/ (136)(133)
