(12)	19.869981898981848
(14)	v7
(22)	+ (12)(14)
(25)	-1.9605943210638408
(31)	cos(25)
(36)	v28
(42)	* (31)(36)
(45)	+ (42)(12)
(8)	-0.23330098761026363
(41)	-15.305534375438107
(44)	* (41)(8)
(49)	v27
(52)	/ (49)(44)
(54)	- (52)(45)
(17)	v19
(0)	3.3296934154518354
(3)	sin(0)
(1)	v26
(2)	+ (1)(1)
(4)	* (3)(2)
(5)	v7
(7)	- (4)(5)
(26)	- (7)(3)
(37)	- (26)(17)
(38)	3.6121746485984794
(11)	v22
(13)	-13.099738482304177
(16)	tan(13)
(18)	- (11)(16)
(23)	cos(18)
(6)	sin(2)
(39)	e(6)
(40)	* (39)(23)
(51)	+ (38)(40)
(61)	/ (37)(51)
(75)	+ (54)(61)
(139)	+ (22)(75)
