(22)	v25
(33)	sin(22)
(55)	1.8098395761372679
(76)	/ (33)(55)
(79)	cos(76)
(57)	v7
(5)	-3.498518370883559
(15)	v27
(2)	v23
(13)	/ (5)(2)
(18)	-0.9526596732782053
(40)	/ (18)(13)
(44)	- (40)(15)
(50)	v28
(64)	- (44)(50)
(67)	/ (64)(5)
(82)	+ (57)(67)
(4)	10.204448711115319
(6)	v19
(12)	- (4)(6)
(1)	v19
(8)	v17
(17)	- (1)(8)
(21)	v26
(26)	+ (17)(21)
(28)	/ (26)(12)
(27)	v7
(34)	8.87452070319329
(42)	/ (27)(34)
(48)	+ (28)(42)
(32)	-2.0084511035854646
(37)	- (32)(33)
(3)	tan(1)
(7)	+ (3)(1)
(19)	cos(7)
(24)	/ (19)(5)
(36)	cos(12)
(52)	- (36)(24)
(61)	- (37)(52)
(92)	* (48)(61)
(100)	+ (92)(82)
(139)	* (100)(79)
