(5)	-1.4028881471861325
(12)	abs(5)
(1)	v6
(4)	sin(1)
(9)	sin(4)
(19)	3.036302635595529
(35)	/ (9)(19)
(13)	v7
(11)	v14
(16)	cos(11)
(26)	v19
(29)	+ (26)(16)
(2)	v27
(0)	0.20771317240920695
(3)	abs(2)
(6)	* (3)(0)
(7)	+ (4)(6)
(10)	* (7)(9)
(14)	+ (10)(2)
(20)	+ (12)(19)
(37)	- (20)(14)
(42)	/ (29)(37)
(93)	- (13)(42)
(22)	v28
(38)	v26
(60)	- (38)(14)
(61)	- (22)(60)
(45)	v9
(41)	-5.149770359077031
(48)	v23
(62)	- (41)(48)
(66)	+ (45)(62)
(85)	/ (61)(66)
(117)	+ (85)(85)
(119)	- (93)(117)
(137)	+ (119)(35)
(139)	/ (137)(12)
