(24)	-3.5250095475099315
(2)	3.7720027366228273
(12)	v19
(13)	- (2)(12)
(1)	v6
(3)	- (2)(1)
(8)	sin(1)
(19)	/ (8)(3)
(31)	* (13)(19)
(14)	v28
(10)	v26
(5)	17.727934413992344
(25)	* (2)(13)
(33)	/ (25)(5)
(39)	+ (10)(33)
(40)	- (39)(14)
(48)	+ (31)(40)
(50)	/ (48)(24)
(74)	-1.8631759903011549
(11)	- (2)(8)
(18)	sin(11)
(4)	v27
(15)	cos(1)
(20)	abs(15)
(21)	/ (20)(13)
(23)	e(21)
(26)	/ (4)(23)
(27)	+ (18)(26)
(9)	v7
(0)	v13
(29)	/ (11)(23)
(32)	/ (0)(29)
(38)	- (32)(33)
(61)	abs(38)
(69)	+ (9)(61)
(77)	+ (27)(69)
(129)	/ (77)(74)
(133)	- (19)(129)
(139)	+ (50)(133)
