(7)	v17
(1)	v26
(2)	v19
(3)	+ (1)(2)
(9)	v22
(15)	- (9)(3)
(37)	- (15)(7)
(17)	-3.8171571109372664
(27)	sin(17)
(24)	12.16136060260255
(29)	sin(24)
(38)	* (29)(27)
(48)	* (37)(38)
(11)	-18.57258961681822
(59)	/ (2)(11)
(61)	/ (24)(59)
(8)	* (7)(2)
(0)	v21
(14)	tan(0)
(46)	/ (8)(14)
(44)	* (3)(37)
(54)	e(44)
(56)	* (46)(54)
(62)	* (9)(56)
(64)	* (56)(62)
(68)	/ (61)(64)
(39)	v23
(28)	v18
(52)	- (28)(39)
(53)	- (39)(52)
(23)	v21
(57)	- (17)(23)
(60)	/ (53)(57)
(22)	-2.607925411123418
(67)	v25
(69)	/ (67)(22)
(73)	+ (69)(60)
(84)	+ (68)(73)
(116)	- (84)(68)
(139)	- (48)(116)
