(0)	-2.6185911959327335
(66)	tan(0)
(29)	v17
(1)	v16
(6)	- (1)(0)
(22)	v27
(32)	+ (6)(22)
(8)	v5
(14)	v16
(2)	v23
(3)	v19
(11)	+ (3)(2)
(27)	sin(11)
(39)	- (27)(14)
(50)	+ (8)(39)
(72)	* (32)(50)
(12)	3.5235949707804366
(34)	/ (12)(32)
(15)	-10.80272161941847
(37)	+ (15)(22)
(73)	* (37)(34)
(83)	/ (72)(73)
(84)	+ (83)(29)
(40)	5.237362830294607
(36)	v28
(10)	v27
(28)	v26
(30)	+ (11)(28)
(55)	- (10)(30)
(65)	+ (36)(55)
(81)	/ (40)(65)
(9)	abs(8)
(21)	v0
(25)	7.246036901288825
(31)	- (21)(25)
(53)	cos(31)
(56)	cos(53)
(59)	e(56)
(43)	- (14)(36)
(79)	abs(43)
(108)	+ (79)(59)
(119)	+ (108)(9)
(121)	/ (119)(81)
(123)	- (84)(121)
(139)	* (123)(66)
