(15)	v4
(21)	1.8920591284604704
(7)	v28
(0)	v23
(1)	v18
(3)	- (1)(0)
(5)	v0
(9)	- (5)(3)
(22)	- (9)(7)
(24)	/ (22)(21)
(41)	+ (15)(24)
(10)	cos(9)
(20)	cos(10)
(30)	e(3)
(36)	sin(30)
(64)	* (36)(20)
(74)	cos(64)
(87)	sin(74)
(6)	v27
(4)	-16.285390657712565
(27)	tan(4)
(29)	* (27)(6)
(25)	12.659016855190494
(33)	* (1)(25)
(40)	- (29)(33)
(52)	sin(40)
(34)	sin(15)
(13)	e(10)
(14)	* (13)(3)
(38)	v26
(54)	+ (14)(38)
(70)	* (54)(34)
(78)	+ (52)(70)
(92)	6.6351213095737585
(93)	/ (78)(92)
(99)	+ (87)(93)
(139)	* (99)(41)
