(22)	-1.4403098000139067
(2)	v24
(8)	v28
(11)	- (8)(2)
(28)	v4
(37)	- (11)(28)
(38)	/ (37)(22)
(5)	v19
(20)	e(5)
(17)	-1.9598560477604323
(4)	8.262691253602274
(9)	e(5)
(12)	- (5)(9)
(18)	- (12)(4)
(19)	* (17)(18)
(24)	v17
(6)	v2
(25)	abs(6)
(27)	+ (24)(25)
(48)	+ (27)(19)
(49)	v21
(50)	/ (49)(48)
(53)	* (50)(20)
(31)	sin(17)
(73)	e(31)
(85)	- (73)(53)
(0)	v19
(13)	v23
(58)	- (2)(13)
(87)	- (0)(58)
(46)	v3
(1)	1.9548434722380392
(60)	/ (24)(4)
(61)	- (1)(60)
(36)	- (27)(31)
(76)	- (36)(50)
(83)	/ (61)(76)
(91)	/ (46)(83)
(93)	- (87)(91)
(100)	* (85)(93)
(139)	+ (100)(38)
