(1)	3.24165929072781
(0)	-14.058908636790633
(2)	v25
(3)	sin(0)
(5)	* (3)(2)
(6)	v9
(8)	- (6)(5)
(9)	+ (8)(0)
(13)	-6.896070852073599
(15)	/ (13)(9)
(18)	- (15)(1)
(48)	cos(18)
(52)	cos(48)
(16)	v2
(20)	v27
(27)	- (20)(16)
(36)	v23
(46)	- (36)(27)
(26)	v28
(4)	v17
(12)	v18
(19)	+ (12)(5)
(21)	- (20)(15)
(40)	- (21)(19)
(50)	+ (40)(4)
(58)	- (26)(50)
(24)	+ (13)(19)
(10)	v23
(17)	- (12)(10)
(22)	sin(20)
(25)	/ (22)(17)
(28)	cos(25)
(41)	/ (28)(24)
(70)	+ (41)(15)
(82)	* (70)(58)
(119)	- (46)(82)
(139)	* (119)(52)
