(9)	-2.76863427685635
(4)	v25
(5)	v27
(13)	- (5)(4)
(2)	v26
(10)	v21
(3)	v7
(7)	/ (3)(4)
(14)	* (4)(7)
(19)	- (10)(14)
(25)	- (2)(19)
(27)	- (25)(13)
(50)	/ (27)(9)
(26)	-2.988583478151419
(0)	v17
(1)	v23
(8)	+ (0)(1)
(36)	v18
(46)	- (8)(36)
(57)	* (26)(46)
(49)	v21
(61)	abs(49)
(33)	-0.7726601857944146
(45)	+ (19)(33)
(35)	17.39494649417469
(56)	tan(35)
(62)	- (45)(56)
(78)	- (61)(62)
(82)	/ (57)(78)
(43)	cos(35)
(52)	v24
(73)	v6
(74)	- (52)(73)
(86)	* (74)(43)
(87)	+ (82)(86)
(139)	- (87)(50)
