(43)	1.38702152365477
(7)	v26
(2)	-4.462445702711921
(26)	abs(2)
(31)	/ (7)(26)
(5)	v25
(10)	4.965260543787231
(13)	- (10)(5)
(34)	v17
(39)	v28
(55)	- (39)(34)
(61)	/ (55)(13)
(73)	- (31)(61)
(0)	-18.321249829924685
(6)	tan(0)
(8)	2.46755667764619
(16)	+ (8)(6)
(36)	v23
(49)	/ (36)(16)
(19)	v18
(17)	v8
(12)	-3.109760258387361
(11)	v6
(18)	sin(11)
(22)	/ (18)(12)
(25)	* (22)(17)
(28)	- (25)(19)
(9)	v22
(14)	- (5)(9)
(52)	sin(14)
(3)	v19
(24)	v24
(44)	* (6)(24)
(56)	+ (3)(44)
(63)	+ (52)(56)
(77)	+ (63)(28)
(29)	v10
(40)	- (5)(29)
(71)	abs(40)
(76)	+ (71)(2)
(94)	abs(76)
(122)	/ (77)(94)
(130)	+ (49)(122)
(131)	+ (73)(130)
(139)	* (43)(131)
