(20)	2.373254286483977
(1)	v27
(9)	-19.949350250267216
(0)	v25
(4)	18.811108441654206
(5)	- (0)(4)
(10)	v23
(14)	- (10)(5)
(30)	/ (9)(14)
(35)	/ (1)(30)
(41)	v17
(85)	+ (35)(41)
(93)	/ (85)(20)
(21)	v24
(23)	sin(1)
(29)	abs(23)
(31)	- (1)(29)
(36)	e(31)
(37)	- (21)(36)
(66)	cos(37)
(13)	/ (4)(5)
(18)	e(13)
(19)	v18
(39)	v0
(64)	- (39)(19)
(72)	* (64)(18)
(114)	* (72)(66)
(115)	+ (114)(93)
(6)	cos(0)
(3)	v22
(7)	- (5)(3)
(8)	/ (6)(7)
(59)	e(8)
(46)	1.8160301757836237
(45)	+ (1)(35)
(11)	e(4)
(17)	+ (11)(10)
(57)	- (11)(17)
(67)	- (45)(57)
(16)	sin(7)
(34)	v26
(78)	+ (16)(34)
(87)	+ (78)(67)
(90)	/ (46)(87)
(130)	/ (59)(90)
(139)	+ (115)(130)
