(12)	v7
(15)	-5.238279733178185
(30)	/ (12)(15)
(2)	v15
(7)	v20
(11)	- (7)(2)
(22)	e(11)
(31)	sin(22)
(24)	v23
(43)	cos(24)
(50)	- (31)(43)
(1)	v12
(25)	sin(1)
(40)	* (25)(1)
(8)	v16
(4)	v27
(3)	v17
(5)	/ (1)(3)
(10)	- (5)(4)
(26)	sin(10)
(41)	+ (26)(8)
(57)	- (40)(41)
(69)	sin(57)
(86)	+ (69)(50)
(92)	* (86)(30)
(83)	-2.420766422799602
(38)	2.372418397140489
(89)	* (38)(38)
(16)	/ (15)(15)
(23)	cos(16)
(62)	v17
(72)	+ (4)(62)
(47)	v15
(61)	sin(47)
(91)	- (61)(22)
(97)	e(91)
(109)	+ (72)(97)
(122)	- (23)(109)
(123)	/ (122)(89)
(130)	* (83)(123)
(139)	+ (130)(92)
