(10)	v15
(18)	-9.443712144184397
(17)	v17
(21)	+ (17)(18)
(22)	- (21)(18)
(25)	+ (10)(22)
(8)	v3
(1)	v20
(4)	v27
(9)	- (1)(4)
(11)	- (8)(9)
(0)	v2
(3)	abs(0)
(16)	e(3)
(36)	/ (11)(16)
(44)	+ (25)(36)
(23)	e(22)
(61)	sin(23)
(19)	v1
(27)	sin(19)
(5)	+ (3)(1)
(6)	cos(5)
(20)	+ (16)(6)
(28)	- (9)(20)
(60)	- (28)(27)
(74)	sin(60)
(2)	-16.09761497824357
(76)	sin(2)
(15)	-3.456846239347392
(41)	sin(20)
(53)	cos(41)
(84)	- (53)(15)
(92)	+ (84)(76)
(100)	+ (92)(74)
(102)	- (100)(61)
(104)	11.261501745206637
(111)	/ (102)(104)
(139)	* (44)(111)
