(16)	v20
(1)	v2
(0)	v15
(2)	v23
(3)	- (2)(0)
(7)	v27
(13)	- (3)(7)
(23)	- (13)(1)
(27)	+ (16)(23)
(31)	6.274216728415432
(15)	v1
(42)	+ (23)(15)
(44)	+ (31)(42)
(58)	/ (27)(44)
(103)	v17
(14)	-3.062589523645194
(4)	v26
(9)	sin(2)
(10)	+ (9)(9)
(17)	+ (4)(10)
(39)	/ (17)(14)
(57)	v17
(66)	+ (57)(39)
(5)	-14.579113376936865
(21)	v9
(22)	-9.9103156698638
(29)	- (21)(22)
(55)	/ (5)(29)
(67)	e(55)
(77)	* (67)(66)
(6)	v16
(19)	tan(6)
(20)	v24
(24)	* (19)(20)
(30)	cos(24)
(32)	/ (30)(29)
(11)	- (2)(5)
(51)	cos(11)
(74)	tan(51)
(84)	- (74)(32)
(85)	cos(84)
(95)	e(85)
(117)	* (77)(95)
(118)	- (103)(117)
(139)	- (118)(58)
