(23)	0.3648448620055298
(32)	v16
(0)	v22
(7)	v7
(13)	- (0)(7)
(2)	1.5828088924520785
(1)	v17
(4)	cos(1)
(5)	e(0)
(6)	* (5)(5)
(9)	* (4)(6)
(14)	+ (2)(9)
(17)	- (13)(14)
(33)	v6
(34)	/ (33)(17)
(21)	v15
(3)	- (1)(2)
(11)	* (1)(4)
(16)	cos(11)
(18)	tan(16)
(42)	+ (3)(18)
(48)	+ (42)(21)
(49)	- (48)(34)
(55)	+ (32)(49)
(22)	e(5)
(30)	/ (21)(22)
(36)	abs(30)
(38)	v15
(46)	-1.3840636630413883
(53)	- (46)(38)
(10)	1.2737628978900126
(27)	v16
(35)	v12
(37)	sin(35)
(44)	- (27)(37)
(69)	/ (44)(10)
(79)	* (69)(53)
(99)	+ (79)(36)
(103)	+ (55)(99)
(139)	* (23)(103)
