(8)	4.450291341518149
(29)	14.418944445753233
(41)	/ (8)(29)
(42)	v27
(0)	6.237657283380855
(2)	v23
(4)	+ (2)(0)
(7)	+ (4)(4)
(10)	sin(7)
(1)	v17
(3)	-2.0213674197764604
(5)	* (1)(3)
(13)	v20
(14)	+ (5)(13)
(26)	- (10)(14)
(48)	v13
(79)	+ (48)(26)
(53)	sin(8)
(60)	- (4)(53)
(25)	-1.0884369477909885
(27)	/ (0)(25)
(38)	sin(7)
(50)	- (38)(27)
(22)	v15
(33)	cos(22)
(23)	e(7)
(17)	15.193615094959817
(24)	tan(17)
(28)	/ (13)(24)
(46)	- (23)(28)
(47)	cos(46)
(56)	+ (47)(33)
(63)	- (56)(50)
(89)	/ (60)(63)
(94)	/ (79)(89)
(102)	- (42)(94)
(139)	* (102)(41)
