(1)	v17
(14)	v15
(17)	tan(14)
(36)	cos(17)
(3)	-5.491867332302913
(25)	v20
(33)	/ (25)(1)
(39)	+ (3)(33)
(41)	+ (39)(36)
(4)	v23
(0)	v27
(5)	- (4)(0)
(9)	* (4)(5)
(2)	+ (0)(0)
(10)	/ (2)(4)
(12)	sin(10)
(13)	- (9)(12)
(19)	v5
(16)	v12
(22)	7.605700448262208
(27)	- (22)(16)
(28)	+ (27)(19)
(50)	+ (13)(28)
(59)	/ (50)(41)
(63)	abs(59)
(98)	/ (1)(63)
(20)	cos(12)
(11)	cos(9)
(45)	* (11)(0)
(76)	* (45)(20)
(43)	3.623918164107245
(78)	v6
(90)	/ (78)(43)
(95)	+ (90)(76)
(96)	2.0355738377518975
(101)	/ (95)(96)
(139)	+ (101)(98)
