(47)	v20
(0)	v22
(3)	v4
(6)	+ (0)(3)
(33)	abs(6)
(14)	v11
(19)	3.8143482826238504
(49)	- (19)(14)
(52)	+ (49)(33)
(54)	/ (47)(52)
(1)	v17
(8)	- (3)(1)
(16)	sin(8)
(10)	4.359676829773274
(41)	v28
(42)	+ (41)(10)
(56)	- (42)(16)
(4)	v25
(18)	- (4)(10)
(28)	v22
(34)	+ (28)(18)
(2)	v13
(26)	* (10)(2)
(35)	* (0)(26)
(48)	/ (34)(35)
(13)	10.936943405599916
(25)	v15
(27)	+ (25)(4)
(51)	- (13)(27)
(55)	* (48)(51)
(66)	/ (6)(55)
(78)	cos(66)
(97)	/ (78)(56)
(111)	- (97)(54)
(21)	-4.385086473133102
(58)	- (56)(21)
(65)	v3
(5)	v24
(37)	- (0)(19)
(61)	* (5)(37)
(69)	- (51)(61)
(72)	/ (69)(42)
(73)	+ (65)(72)
(75)	/ (73)(58)
(30)	-5.363158804484058
(11)	v23
(22)	- (16)(11)
(24)	v0
(31)	tan(10)
(40)	+ (24)(31)
(59)	- (22)(40)
(64)	/ (59)(30)
(9)	v5
(12)	+ (9)(0)
(44)	5.044297998524815
(83)	/ (12)(44)
(104)	+ (64)(83)
(118)	- (104)(75)
(139)	- (118)(111)
