(0)	v28
(2)	e(0)
(3)	- (2)(2)
(4)	v23
(14)	v3
(18)	- (4)(14)
(9)	v17
(19)	v19
(20)	+ (19)(9)
(24)	+ (18)(20)
(25)	-4.342999122114662
(30)	/ (24)(25)
(21)	6.303784427666756
(32)	v15
(39)	/ (32)(21)
(40)	- (39)(30)
(45)	+ (40)(3)
(26)	v5
(33)	+ (0)(26)
(63)	-2.115687572327932
(5)	v7
(6)	- (5)(0)
(8)	- (0)(6)
(13)	e(8)
(16)	v14
(35)	- (13)(16)
(64)	abs(35)
(72)	- (63)(64)
(10)	4.324583329603172
(22)	+ (14)(10)
(38)	sin(22)
(46)	/ (38)(9)
(55)	+ (18)(46)
(43)	14.363576974733249
(44)	e(33)
(56)	cos(44)
(71)	+ (56)(43)
(74)	+ (71)(55)
(79)	/ (74)(72)
(85)	- (2)(79)
(31)	v14
(104)	sin(31)
(106)	- (85)(104)
(136)	/ (33)(106)
(139)	+ (136)(45)
