(2)	-4.134543656746072
(3)	tan(2)
(1)	v25
(5)	5.873702693984249
(14)	v10
(18)	v22
(21)	+ (14)(18)
(16)	v4
(22)	- (16)(2)
(25)	- (21)(22)
(28)	/ (25)(5)
(29)	+ (1)(28)
(32)	-1.2908177912886174
(38)	/ (1)(32)
(55)	+ (29)(38)
(34)	v17
(20)	v28
(31)	-4.283803830668775
(33)	/ (20)(31)
(45)	e(33)
(59)	+ (34)(45)
(63)	- (59)(55)
(73)	/ (63)(3)
(11)	5.797348048077808
(19)	v20
(36)	cos(19)
(9)	abs(2)
(10)	cos(9)
(23)	* (10)(9)
(53)	v23
(56)	- (53)(23)
(61)	- (56)(36)
(68)	/ (61)(11)
(76)	e(68)
(0)	v5
(4)	- (0)(2)
(8)	-10.761794823736647
(17)	/ (8)(4)
(26)	v3
(39)	sin(22)
(43)	+ (39)(26)
(54)	- (17)(43)
(57)	/ (54)(31)
(89)	cos(57)
(97)	* (89)(76)
(100)	+ (34)(97)
(139)	+ (73)(100)
