(34)	5.136914883887734
(18)	v17
(26)	v25
(1)	v23
(12)	v3
(15)	- (12)(1)
(0)	v0
(3)	v19
(5)	+ (0)(3)
(23)	sin(5)
(27)	- (23)(15)
(29)	+ (26)(27)
(44)	+ (29)(18)
(48)	v28
(56)	+ (48)(44)
(80)	/ (56)(34)
(28)	-12.358141687143354
(31)	1.8205608377702802
(45)	/ (31)(28)
(11)	v10
(30)	/ (23)(5)
(8)	v13
(9)	- (3)(8)
(39)	cos(9)
(6)	v2
(13)	v15
(16)	- (6)(13)
(10)	cos(8)
(19)	* (10)(12)
(20)	abs(19)
(24)	v24
(35)	+ (24)(20)
(40)	+ (35)(16)
(42)	- (39)(40)
(50)	* (30)(42)
(72)	+ (50)(11)
(36)	v5
(82)	- (36)(45)
(94)	+ (72)(82)
(129)	* (94)(45)
(139)	- (80)(129)
