(4)	v17
(7)	v28
(13)	+ (4)(7)
(3)	7.242577653581556
(24)	/ (13)(3)
(31)	+ (13)(24)
(53)	0.01941113324338062
(0)	v3
(1)	5.812524580046315
(2)	* (0)(1)
(10)	cos(0)
(11)	- (2)(10)
(22)	/ (11)(13)
(15)	/ (3)(13)
(18)	v23
(25)	+ (15)(18)
(29)	v5
(30)	* (25)(29)
(49)	- (22)(30)
(33)	v21
(20)	v19
(23)	1.9438283454655974
(39)	+ (23)(20)
(41)	cos(39)
(55)	+ (41)(33)
(58)	-7.558816976373182
(59)	tan(58)
(60)	* (59)(55)
(70)	- (49)(60)
(71)	-8.823732968015152
(73)	+ (70)(71)
(21)	v16
(5)	v18
(8)	sin(4)
(9)	+ (5)(8)
(28)	/ (9)(24)
(42)	v25
(45)	v19
(50)	+ (42)(45)
(56)	/ (50)(24)
(69)	+ (28)(56)
(72)	- (22)(69)
(85)	- (21)(72)
(93)	- (85)(73)
(99)	* (93)(53)
(139)	* (99)(31)
