(54)	v25
(0)	v0
(11)	v3
(13)	- (0)(11)
(7)	-7.157506855195258
(22)	- (7)(11)
(16)	v22
(23)	abs(16)
(28)	- (23)(22)
(51)	- (28)(13)
(63)	abs(51)
(65)	/ (54)(63)
(44)	5.5791509652586555
(2)	v17
(19)	v5
(25)	v23
(26)	+ (19)(25)
(24)	v3
(30)	- (16)(24)
(57)	+ (26)(30)
(71)	+ (57)(2)
(96)	/ (71)(44)
(114)	2.6965127253632204
(8)	-1.9377029073095606
(4)	5.230127600194521
(10)	v2
(20)	- (10)(16)
(35)	v28
(36)	- (20)(35)
(37)	v28
(39)	- (37)(36)
(52)	+ (4)(39)
(64)	/ (52)(8)
(91)	e(64)
(9)	v27
(1)	v15
(3)	v18
(14)	+ (3)(1)
(78)	- (14)(9)
(5)	v20
(49)	sin(23)
(82)	+ (49)(5)
(85)	+ (78)(82)
(89)	-2.9254033642353185
(105)	/ (85)(89)
(116)	+ (105)(91)
(117)	/ (116)(114)
(125)	- (96)(117)
(139)	+ (125)(65)
