(12)	v25
(13)	v17
(8)	v28
(1)	v5
(2)	v3
(9)	- (2)(1)
(30)	- (8)(9)
(31)	+ (13)(30)
(32)	+ (12)(31)
(18)	-3.9248951928874547
(21)	e(18)
(4)	v23
(25)	/ (4)(21)
(0)	v2
(5)	v15
(3)	v19
(7)	/ (3)(1)
(10)	- (5)(7)
(11)	* (1)(10)
(16)	+ (0)(11)
(15)	18.718831042861176
(24)	sin(9)
(26)	+ (24)(15)
(27)	* (26)(16)
(29)	- (25)(27)
(38)	* (29)(21)
(74)	+ (38)(32)
(36)	-1.7573703429458334
(63)	7.638270254560947
(19)	v22
(23)	+ (19)(21)
(41)	v17
(51)	* (41)(12)
(52)	+ (51)(23)
(76)	/ (52)(32)
(80)	- (76)(63)
(82)	/ (36)(80)
(139)	* (82)(74)
