(61)	v5
(62)	v3
(1)	v10
(4)	abs(1)
(66)	v17
(80)	* (4)(66)
(85)	+ (62)(80)
(89)	+ (61)(85)
(95)	6.797274479201146
(98)	/ (89)(95)
(19)	-8.811521966781548
(21)	v23
(23)	7.459548555913823
(24)	+ (23)(21)
(6)	v26
(9)	abs(6)
(0)	-2.981594583253706
(12)	v20
(13)	- (6)(12)
(14)	e(13)
(15)	- (14)(0)
(36)	cos(15)
(38)	- (9)(36)
(39)	e(4)
(42)	/ (38)(39)
(60)	+ (42)(24)
(69)	/ (19)(60)
(11)	0.7470933921780762
(25)	e(11)
(16)	* (15)(11)
(26)	/ (24)(16)
(3)	v2
(18)	v7
(22)	- (3)(18)
(35)	/ (22)(16)
(53)	- (26)(35)
(83)	/ (53)(25)
(105)	+ (69)(83)
(107)	+ (105)(98)
(30)	15.336262799768278
(8)	-1.814192962193438
(33)	+ (18)(8)
(34)	* (4)(33)
(37)	- (30)(34)
(59)	+ (26)(37)
(32)	abs(12)
(51)	v15
(70)	- (51)(32)
(7)	v1
(72)	sin(7)
(75)	+ (70)(72)
(97)	/ (75)(59)
(10)	v13
(50)	+ (10)(26)
(102)	abs(50)
(130)	* (102)(97)
(139)	+ (130)(107)
