(0)	-3.818312310264595
(6)	v0
(11)	+ (0)(6)
(24)	sin(11)
(35)	- (24)(0)
(2)	sin(0)
(5)	v26
(7)	* (5)(2)
(8)	- (7)(0)
(12)	cos(8)
(16)	- (7)(12)
(30)	v3
(37)	- (30)(16)
(9)	4.823822542131261
(10)	/ (6)(9)
(18)	tan(10)
(1)	v20
(3)	cos(1)
(26)	sin(3)
(41)	+ (18)(26)
(46)	+ (41)(37)
(61)	v17
(70)	+ (46)(61)
(14)	- (7)(3)
(22)	+ (14)(8)
(45)	sin(22)
(21)	v7
(19)	v2
(13)	v23
(17)	16.83794162166523
(20)	sin(17)
(40)	* (20)(13)
(51)	+ (19)(40)
(58)	- (51)(21)
(59)	v20
(68)	- (58)(59)
(71)	- (45)(68)
(84)	+ (71)(70)
(139)	/ (84)(35)
