(33)	3.744275180758059
(0)	v17
(1)	6.702165779220962
(4)	sin(1)
(7)	* (0)(4)
(14)	tan(7)
(2)	v13
(3)	v23
(12)	- (3)(2)
(28)	v15
(51)	- (12)(28)
(60)	+ (14)(51)
(62)	-5.2528283016907515
(102)	+ (60)(62)
(103)	/ (33)(102)
(17)	0.1956563890133367
(18)	v3
(6)	tan(1)
(15)	- (6)(2)
(24)	sin(15)
(25)	+ (24)(18)
(32)	abs(25)
(39)	* (32)(17)
(5)	v17
(9)	cos(6)
(10)	v8
(11)	- (5)(10)
(13)	* (11)(6)
(19)	tan(13)
(20)	- (19)(9)
(40)	sin(19)
(45)	/ (40)(20)
(55)	e(45)
(63)	+ (55)(5)
(115)	- (63)(39)
(139)	+ (115)(103)
