(13)	v2
(14)	v17
(17)	- (13)(14)
(3)	-9.88597806389597
(36)	tan(3)
(38)	+ (36)(17)
(48)	sin(38)
(1)	0.6292177061076032
(18)	cos(1)
(5)	v8
(10)	v3
(20)	- (5)(10)
(24)	- (18)(20)
(27)	cos(24)
(39)	sin(27)
(21)	18.206290656632873
(0)	v15
(4)	cos(0)
(16)	- (13)(4)
(22)	+ (16)(3)
(45)	/ (21)(22)
(64)	/ (39)(45)
(77)	* (64)(48)
(41)	* (1)(0)
(60)	v13
(2)	abs(0)
(6)	-9.931844457460471
(9)	sin(6)
(12)	- (2)(9)
(8)	-15.2175053468109
(40)	v24
(43)	+ (8)(40)
(49)	- (43)(12)
(11)	11.331027695642703
(19)	sin(11)
(25)	+ (17)(19)
(28)	- (14)(16)
(34)	* (28)(25)
(50)	5.064292140322241
(54)	- (34)(50)
(66)	/ (54)(49)
(83)	* (60)(66)
(112)	+ (83)(41)
(139)	+ (77)(112)
