(25)	v8
(0)	4.277964187421443
(1)	v17
(2)	v8
(4)	- (1)(2)
(6)	e(4)
(11)	sin(6)
(22)	/ (11)(0)
(41)	abs(22)
(56)	+ (41)(25)
(9)	v27
(15)	-14.361330537050812
(3)	v21
(5)	tan(3)
(18)	e(5)
(20)	tan(6)
(30)	+ (18)(20)
(32)	- (30)(15)
(57)	/ (9)(32)
(69)	+ (56)(57)
(7)	-1.487069230389963
(17)	- (11)(7)
(34)	* (4)(17)
(8)	v3
(12)	- (3)(7)
(21)	- (1)(12)
(24)	/ (12)(9)
(39)	abs(24)
(51)	/ (39)(21)
(33)	v2
(10)	1.7415244509940067
(35)	* (17)(10)
(54)	- (35)(33)
(67)	- (51)(54)
(85)	- (8)(67)
(126)	/ (34)(85)
(139)	+ (126)(69)
