(4)	v17
(5)	v8
(7)	- (4)(5)
(12)	9.132288356474952
(1)	v27
(2)	-1.5691073471150503
(3)	* (1)(2)
(6)	v5
(8)	- (2)(6)
(9)	v3
(10)	+ (8)(9)
(11)	abs(10)
(13)	* (3)(11)
(22)	abs(13)
(23)	+ (12)(22)
(25)	v26
(43)	+ (23)(25)
(14)	+ (10)(7)
(15)	sin(14)
(20)	12.580501423824728
(26)	e(6)
(34)	+ (20)(26)
(48)	+ (15)(34)
(55)	/ (48)(43)
(75)	/ (7)(55)
(0)	v8
(79)	-5.350393498620424
(16)	/ (14)(9)
(19)	e(16)
(24)	tan(15)
(27)	+ (24)(7)
(45)	- (19)(27)
(30)	v13
(36)	+ (19)(4)
(59)	- (30)(36)
(83)	+ (45)(59)
(86)	/ (83)(79)
(125)	- (0)(86)
(139)	+ (75)(125)
