(16)	v8
(0)	-1.2166946053193364
(2)	v17
(10)	* (0)(2)
(11)	e(10)
(12)	abs(10)
(1)	v25
(5)	abs(1)
(15)	- (0)(5)
(17)	- (12)(15)
(26)	+ (11)(17)
(29)	/ (16)(26)
(51)	3.5301109230636953
(52)	abs(51)
(24)	v27
(27)	v2
(34)	+ (27)(5)
(57)	- (24)(34)
(39)	v15
(3)	v5
(4)	- (3)(2)
(28)	v12
(9)	- (5)(4)
(20)	abs(4)
(36)	- (20)(9)
(44)	- (28)(36)
(45)	+ (44)(4)
(50)	+ (39)(45)
(58)	/ (50)(0)
(60)	- (57)(58)
(63)	v21
(64)	+ (63)(60)
(65)	/ (64)(52)
(81)	+ (29)(65)
(32)	3.9303980700056016
(18)	v3
(38)	* (29)(32)
(41)	- (38)(18)
(69)	cos(41)
(109)	/ (69)(32)
(139)	+ (81)(109)
