0.321737660123
0.373781994311
0.305116545751
0.146746739267
0.348910215777
0.415185790664
0.262848194771
0.431184930144
0.253658254503
0.19255609119
0.347112118462
0.28179835104
0.351234224758
0.30776473824
0.339132967242
0.335608354427
0.351880334499
0.25595977701
0.235918894389
0.259427282589
0.312275388033
0.184792765303
0.204437154848
0.313873107069
0.402157226435
0.249149341906
0.230509277572
0.186897491547
0.266849496211
0.309688407056
0.236576250483
0.269695359017
0.423072250643
0.384244706522
0.335791601609
0.341821831339
0.50730873966
0.609310509622
0.215087561024
0.325564235974
0.220224810117
