0.401189526706
0.512541044278
0.41437881747
0.165069337992
0.496331776036
0.467882507056
0.430230661087
0.469984222741
0.389447026444
0.194686022917
0.403514406791
0.418769625286
0.446423193955
0.400544204053
0.47347884463
0.464536930377
0.418945912928
0.322855630006
0.357285576046
0.316199923012
0.376704770096
0.273171015143
0.294378777425
0.335345280344
0.444224347729
0.311571534634
0.292564338227
0.280522186584
0.401806126259
0.368955158788
0.372339797664
0.311004588634
0.50154044372
0.514530107069
0.374434675751
0.437345297399
0.599880130418
0.701476530177
0.275102387177
0.395956565304
0.278652950174
