0.495644953076
0.278278517476
0.408651116335
0.276464866877
0.427384384032
0.424208059946
0.416626273355
0.244465295922
0.242099392297
0.377569422164
0.349311065174
0.41834747518
0.372345951997
0.34514462001
0.383950247663
0.306146347277
0.346040595728
0.433853976532
0.334677037227
0.218196702916
0.392270252717
0.3044240911
0.191610193527
0.48315467451
0.28562875055
0.371591116316
0.401757096719
0.242898164373
0.501874962543
0.436529203967
0.360907487484
0.255958171082
0.456879818753
0.48343402535
0.514502270773
0.115902418851
0.487568212144
0.255030016726
0.451976989194
0.302557513272
0.503913633765
