0.296644685632
0.396058976128
0.28385743622
0.147595070039
0.346240533356
0.315110352865
0.273322745715
0.357523941464
0.327722432685
0.293448755608
0.200887862018
0.352594136001
0.296400231373
0.350568400264
0.188851957669
0.313170117294
0.478155774931
0.313799911118
0.28258644457
0.158574095452
0.282609323313
0.234406621538
0.255071964809
0.256229119422
0.318757288253
0.274253080156
0.242483627624
0.243666220896
0.217298158657
0.27332928231
0.331537986874
0.204415878496
0.311823171178
0.282359262911
0.294403726485
0.286783084496
0.306469661916
0.340330418952
0.296882197628
0.310815747881
