0.471567009242
0.460215979689
0.660637522621
0.232428666117
0.413464774092
0.471241638402
0.563078560603
0.497595010593
0.280380834787
0.331667441565
0.714885926092
0.545281055235
0.537454256326
0.586104837823
0.580147754305
0.486353178828
0.551851375871
0.44916037933
0.405770602319
0.407509710233
0.648918808206
0.328674760678
0.376780119409
0.58578848607
0.358901639061
0.608731722907
0.411770205319
0.261470825654
0.408340755213
0.525576487878
0.550983951767
0.562155351327
0.523453597257
0.622900208378
0.437223398292
0.438762006565
0.508230369227
0.495037045471
0.50100631637
0.612148277534
