0.409455473496
0.516661056274
0.416401002217
0.186149815018
0.510648778703
0.470000388541
0.44707463893
0.476117558879
0.393416108831
0.206259895068
0.402622326555
0.427057846348
0.446853634375
0.410743474531
0.486990151134
0.471467431717
0.426206286881
0.331836714599
0.368774102957
0.333972769853
0.385150936824
0.284250749144
0.301566962634
0.343933274767
0.452554481908
0.328209061323
0.306521453351
0.298088703726
0.413363844701
0.37403259688
0.382423351336
0.314279339819
0.513478696663
0.52571906839
0.38108899459
0.437632407903
0.60630517216
0.70725617249
0.27082881151
0.396006973027
0.283425077772
