0.337070670964
0.413976786613
0.305849235837
0.161550589827
0.458078347828
0.415427355954
0.288712434929
0.381761111718
0.396139996583
0.345053231372
0.247173655861
0.396335285898
0.348105082492
0.412181523425
0.192063697801
0.381960717775
0.570324242211
0.337963733324
0.323528891936
0.186607563541
0.325505154638
0.265977785613
0.296312302228
0.315868151595
0.367153964121
0.298514439261
0.297068462722
0.270196871907
0.249934288328
0.30724014294
0.373673543303
0.216480438426
0.329070789136
0.323229031073
0.364072985375
0.318154213869
0.36484447174
0.365981065442
0.384035011923
0.328955393098
