0.48286737264
0.490324825316
0.505502919734
0.270780774687
0.543064803964
0.537458163287
0.40890066169
0.485084516822
0.353388091043
0.346749281157
0.54215619318
0.48310465034
0.403345463656
0.567457168765
0.351960467759
0.436426501432
0.427675109986
0.400287092627
0.366450418162
0.323978020755
0.432835464809
0.347559515939
0.485986282078
0.548166718394
0.496190503418
0.464271809207
0.651163418714
0.304397093113
0.330622618844
0.344309583829
0.478749748928
0.281445246311
0.586117070433
0.540858387103
0.412200276783
0.454576145219
0.480963912378
0.528383732796
0.578590797422
0.621040786276
