0.394603723925
0.357466800373
0.534483374908
0.287032166861
0.232419721567
0.255459582164
0.378647561456
0.36200526934
0.253918491491
0.229787040568
0.239347901487
0.330393674276
0.36060826101
0.229170957187
0.395270865112
0.308457356628
0.317970642143
0.363140860826
0.288125476532
0.192882776909
0.329103250983
0.284491521364
0.203533086846
0.24744056583
0.34466298681
0.306615275721
0.27386048402
0.212682533718
0.321941031815
0.352800111916
0.342233286862
0.208459309397
0.292048891468
0.239200654389
0.355323877484
0.489303185923
0.320307838091
0.340152006772
0.423254354946
0.24354494991
0.35974154404
