0.471567666444
0.460215643517
0.549763040815
0.232428360248
0.408056170565
0.447726223117
0.542815236259
0.495847959688
0.217280148256
0.276293465129
0.617199214687
0.496339600672
0.532175927926
0.532677558925
0.577968406726
0.470660974526
0.54298190389
0.448861057864
0.388969217838
0.407490475144
0.604443132236
0.295293834551
0.376780046021
0.55611506664
0.341685320102
0.603138063016
0.398339541275
0.261470768877
0.331659601429
0.525576401821
0.494138918126
0.556920419744
0.495124600954
0.574728059555
0.433808540419
0.397559389654
0.477806159444
0.479714414384
0.498953173307
0.542263708749
0.48156042932
