0.37821209342
0.51187033307
0.413164824042
0.199598592036
0.481310180297
0.499793808009
0.397528954156
0.44266381527
0.463230922487
0.370738968051
0.50189641157
0.479959573851
0.503813174305
0.508902931885
0.277181073324
0.484064231941
0.614029229228
0.463982925286
0.449520979861
0.231605605828
0.46532490809
0.372737945357
0.35790713462
0.391031137863
0.422908857393
0.359691669954
0.385502995871
0.321665517378
0.388623621121
0.368296509517
0.493979785118
0.264261897494
0.389933736101
0.408012959577
0.485461151642
0.430347960733
0.434219646361
0.562096886031
0.477699266671
0.548771127104
