0.471567666444
0.460216044925
0.573366646725
0.232428821514
0.408057742383
0.467171941986
0.559837652699
0.497595049822
0.272602544052
0.331667441565
0.62118791383
0.506572191034
0.5374542324
0.543676046027
0.577968137562
0.471689988495
0.542981831338
0.448860807107
0.392738333289
0.407490490403
0.640770338024
0.295293834551
0.376780143914
0.585788641928
0.341685284004
0.608731653545
0.398338837132
0.261470825654
0.340420171551
0.525576487878
0.503080856137
0.556920214935
0.521899100587
0.585574172254
0.433808819208
0.412026633704
0.509509813717
0.487449785979
0.50100631637
0.612761489206
