0.318283040382
0.348017855985
0.360544385884
0.125725495788
0.382926126383
0.372570328607
0.232578039385
0.39623927723
0.233257577049
0.181762091533
0.341636768662
0.277371272395
0.370662764303
0.279309828534
0.336232624583
0.337993639561
0.311541850309
0.246669603501
0.189228579641
0.24222921317
0.266003395121
0.153730566097
0.208256737397
0.267901895871
0.353584368736
0.228474815079
0.208682483465
0.164643397621
0.246346346919
0.274175544992
0.281251536105
0.254455658898
0.409439702712
0.364735415336
0.316557086958
0.315665308598
0.468588347727
0.631531928413
0.205549190717
0.315227899738
0.23657039618
