0.366921523655
0.454037218823
0.319659293323
0.176091914983
0.462779817487
0.492811574765
0.322414936568
0.415449802322
0.427868888505
0.349289256821
0.402307127071
0.422736270913
0.395861288084
0.449713122071
0.199436813281
0.401670224414
0.573068732407
0.399012461872
0.3880643464
0.199782082823
0.354097700525
0.295289826929
0.318352869229
0.337655556415
0.378932514892
0.319925241158
0.326395331289
0.288330013555
0.349354118373
0.320574022139
0.441867106884
0.236302268999
0.357616235297
0.389249145468
0.386729478276
0.371199535164
0.387922063239
0.54960870868
0.443806324545
0.348130502264
0.277000129201
