0.458449819708
0.260261845783
0.348585295453
0.268131439521
0.406359125117
0.419955348632
0.392801878558
0.200969355461
0.232092405461
0.364860106807
0.337302182051
0.397230041723
0.360269057712
0.315667616977
0.35564008152
0.281666371945
0.298413922387
0.412656474919
0.330215176878
0.203068749589
0.380190580327
0.28749762415
0.1780111068
0.465096889185
0.267941090331
0.338446340436
0.373631947003
0.229927415027
0.48995202542
0.414335041441
0.317232750082
0.223837222536
0.404127034993
0.407940918038
0.503121725809
0.103466640707
0.459158990587
0.235351426191
0.433295707768
0.261927093431
0.477457726743
