0.471567666444
0.436072474333
0.573366646725
0.232428287423
0.408056061369
0.447726223117
0.522544194644
0.495847969648
0.217280942959
0.276293465129
0.62118791383
0.500693398241
0.532175927926
0.543676899699
0.577968406726
0.471689869032
0.542981634672
0.448860441987
0.388967859916
0.390044035448
0.641702695241
0.295293612063
0.352540829076
0.585787835266
0.341685561818
0.603138063016
0.39833932152
0.261470768877
0.331659601429
0.525576481294
0.503080251102
0.547505575641
0.495124600954
0.585574172254
0.433810066223
0.396774856274
0.477806159444
0.450022081058
0.498952722146
0.562963884282
