0.376835559094
0.496317452188
0.405555058279
0.194478274349
0.479146255387
0.499652888862
0.395452436695
0.422438435837
0.446176006342
0.367693304922
0.345297895071
0.455263958111
0.435557107621
0.492983327021
0.250529837262
0.462727957611
0.605817521955
0.435067600612
0.42810027719
0.231606250124
0.377948587325
0.338206843135
0.357601506097
0.370520006345
0.411120626048
0.349223875014
0.343420725541
0.309459311037
0.361576989866
0.36829721127
0.493553217248
0.263630273334
0.373888806381
0.400216385237
0.433434404428
0.430348318163
0.419982885763
0.545594541041
0.437692329182
0.414097946234
