0.376834885517
0.496321331191
0.40555503049
0.194478481145
0.433521013553
0.468910804466
0.395453505857
0.422437725801
0.444482296471
0.367224812121
0.345298155443
0.447004216241
0.434410802127
0.477878097792
0.250529050367
0.389166423727
0.605816382773
0.429770378954
0.428100456398
0.231606085848
0.377947615574
0.336348788579
0.357602070464
0.368423891703
0.408757706728
0.340658929479
0.341199091153
0.30945929568
0.353778955142
0.36829715468
0.484442575977
0.26363012153
0.373408290283
0.360848614061
0.421206103145
0.430346528398
0.407934931151
0.443258326594
0.414102877987
0.414098199288
0.298531043013
