0.505193780476
0.491042341723
0.664398284362
0.223276280851
0.436197092522
0.468636805818
0.593327874468
0.549471370611
0.281703952617
0.331240468589
0.662081113261
0.556992710364
0.552180307018
0.617388667978
0.588646402548
0.566944478563
0.543933128747
0.49382768497
0.392708376949
0.41354234766
0.683062150084
0.334568787709
0.428117537942
0.588600912866
0.360064735673
0.6160781407
0.418477270484
0.296070296885
0.470741502527
0.539712976
0.539853548406
0.550741546337
0.532974766508
0.61984992476
0.478241850727
0.459003878664
0.515572642172
0.510833350939
0.499487203208
0.608539028078
