0.320123001722
0.296979659002
0.45539064519
0.160706597935
0.191690266724
0.174495726387
0.332909553511
0.299915531312
0.203955270338
0.180432750258
0.201009795495
0.295951717186
0.222664161568
0.190792683961
0.314565510955
0.255057981426
0.268411821823
0.328033624096
0.221854234478
0.157197595343
0.275584217139
0.244678894945
0.160271830432
0.166370244024
0.291833438815
0.208661911159
0.233615588477
0.166250145026
0.280400604268
0.309469672089
0.266594108293
0.171327383945
0.253052689911
0.177653757463
0.292758140194
0.337873794805
0.291638797712
0.286956537407
0.369909399614
0.204600966579
0.224151882101
