0.565552929612
0.558320214356
0.68909776484
0.234061076654
0.495861314745
0.536068114322
0.639872473342
0.584674630272
0.320339491836
0.348955046978
0.727174589637
0.635554061167
0.603537376774
0.692156717868
0.609980651865
0.719801556974
0.648720924062
0.565116207714
0.413367175212
0.463138661951
0.690835911194
0.365622945829
0.464715592873
0.644631471039
0.419181227117
0.645299013968
0.463993825464
0.31888094038
0.52760072574
0.561945918349
0.592612379809
0.61456444973
0.597370349951
0.70175900366
0.517036339848
0.504425390844
0.543385093808
0.558233855965
0.526888254353
0.647696775255
