0.2831052025
0.332292126325
0.305430641814
0.123884181783
0.308969932812
0.338872116617
0.225658872963
0.356321774476
0.205347880603
0.161285666342
0.315262668948
0.265327361943
0.334753520003
0.270774959737
0.311606802172
0.295839094639
0.305319852262
0.237226273236
0.183246521528
0.220752316636
0.258432165331
0.143715343491
0.199010524621
0.254991576878
0.269897409515
0.21170161854
0.166987826479
0.15278013595
0.221652329834
0.245672772971
0.201509898674
0.209907176673
0.397345685434
0.34189874826
0.299631383128
0.265474136558
0.46702272757
0.570840249857
0.199700709656
0.308781108021
