0.323291416564
0.400044931128
0.289866448085
0.158504600365
0.402412016655
0.388328544766
0.285326463199
0.375546838465
0.359675417666
0.310260868581
0.206092383882
0.38143800587
0.32665441154
0.358815737735
0.190230214357
0.326000347094
0.53136920625
0.336666577403
0.315681809297
0.179795752303
0.312769605673
0.23456752348
0.293107773723
0.290166486455
0.344630363673
0.293262405111
0.251591691017
0.2481722328
0.231923706009
0.286219417697
0.359858760778
0.210101206867
0.322075985705
0.295234834824
0.353447519969
0.300504620113
0.348948042642
0.349912390049
0.369583040238
0.32376958279
0.234096498156
