0.275474519959
0.354088108405
0.263131008148
0.131771294085
0.303870528059
0.295343366305
0.242460329335
0.303873372174
0.309994368966
0.271642012642
0.194647976076
0.352547749727
0.247967199681
0.299531128364
0.169232585954
0.297925091446
0.437286060779
0.287326245276
0.246692379891
0.139335917783
0.271693326777
0.2033739984
0.244914960686
0.244711052153
0.296095969801
0.247705108023
0.213180596926
0.234236236927
0.210340512448
0.235759904907
0.303729801035
0.197464829781
0.267828381073
0.261864740437
0.271588842778
0.277126142497
0.242482828108
0.320997089688
0.277690539496
0.281078684204
