0.492320948889
0.273061882171
0.35096347069
0.283828484175
0.408295070393
0.43617334588
0.390006335716
0.247861807954
0.252980768987
0.383278250417
0.353146921845
0.417832292404
0.365584492098
0.322307672055
0.378722586371
0.301016157527
0.325692180218
0.451735783291
0.323972209964
0.22266685972
0.397626638693
0.309954662855
0.186507598804
0.484123515772
0.284159679561
0.380878001315
0.392651098528
0.270084383228
0.509180608859
0.426305766952
0.365062273938
0.246208732814
0.415640838961
0.471418245908
0.519303793496
0.146144389742
0.485115552445
0.2509844757
0.458579371803
0.29523860933
