0.376834663367
0.474418356722
0.345266647122
0.194478488993
0.429966136784
0.466662685041
0.38505277034
0.422437944827
0.441188878457
0.36722521039
0.345297344966
0.447007810951
0.357796586945
0.418742700576
0.250529758242
0.382943725862
0.569068260124
0.422945823404
0.405097183812
0.231606329757
0.377948513458
0.336348273241
0.357602068733
0.368424688444
0.407635003666
0.340659555343
0.341198815402
0.309459064499
0.325651560796
0.367439739994
0.465704262844
0.263629853237
0.368149916621
0.353333227826
0.421206307619
0.430342298436
0.380781224637
0.44285390882
0.4070237652
0.414098083578
