0.471567666444
0.460215966448
0.549763040815
0.232428821514
0.408056170522
0.447726223117
0.542815236259
0.495847967455
0.217280132988
0.27769090434
0.617199214687
0.49677032129
0.532175927926
0.532677558925
0.577968406726
0.470660067565
0.542981822119
0.448861057864
0.392738333289
0.407491152409
0.604443005264
0.295293834551
0.37678006404
0.585787835266
0.341685271446
0.603138063016
0.398339554408
0.261469684435
0.331659601429
0.525576401821
0.494139802709
0.556920419744
0.495124729133
0.574728059555
0.433808361928
0.397559389654
0.477806159444
0.479714414384
0.498953173307
0.54226424591
