0.420169825157
0.438741147323
0.293616372045
0.350721184415
0.303936962177
0.307610763492
0.333925272731
0.329891737155
0.35649657825
0.263615553694
0.268197097801
0.338423544656
0.197970001593
0.311207045891
0.385178761888
0.35154582359
0.232812594131
0.327857449872
0.351956694049
0.246128248788
0.331633530279
0.349846178172
0.315221248199
0.336444401721
0.363978434685
0.248632773793
0.236286731262
0.246027013841
0.243425467666
0.367472586182
0.317534378516
0.208439391127
0.256984686114
0.386550417832
0.316974456766
0.394405043739
0.415202934133
0.230372352417
0.393831010253
0.162682276419
0.391705192641
