0.424075351678
0.437146960265
0.278879088739
0.343775117429
0.333180951118
0.306684367868
0.307236896349
0.321882796689
0.334751689176
0.254466727787
0.26314046997
0.342917652161
0.170551521203
0.293951203111
0.355203163148
0.346707189221
0.236510818097
0.313139840467
0.337059997098
0.225057699072
0.329551739198
0.346735211146
0.331120612266
0.317889472235
0.350379965006
0.233734190918
0.215264466264
0.238537532711
0.206535000442
0.363219613242
0.298384617338
0.227530403901
0.238614790102
0.395558209158
0.389364389603
0.3777702928
0.424316169819
0.21243198439
0.3872713264
0.163990217715
