0.437104203046
0.503661422648
0.309013860195
0.385576618052
0.34454811973
0.307576506147
0.326307855652
0.368441371273
0.350334022768
0.261064531456
0.287809594995
0.352437742459
0.197033175984
0.340357380733
0.37238216118
0.415017417396
0.294000535097
0.324261568345
0.355132067978
0.237763602481
0.380985096198
0.411311876443
0.347187078333
0.349475061546
0.373593033153
0.245521022333
0.236653514398
0.27622783621
0.235659791679
0.399201847889
0.334679935467
0.24126023833
0.249469402116
0.432068904247
0.388299158968
0.387817923894
0.433061143961
0.218346533158
0.427499518628
0.197272920988
0.384751531518
