0.34889201512
0.466900239774
0.404024628943
0.134719454242
0.4238020608
0.447044533121
0.378566659354
0.469700373863
0.300368157246
0.191392514456
0.387725503629
0.2924049545
0.407852955955
0.324651273348
0.408097197505
0.377599502645
0.352868301399
0.266128496009
0.233732929784
0.278212932928
0.30281415218
0.166630409859
0.23184612736
0.305255535173
0.412982394
0.283457898235
0.260237464099
0.190749461656
0.314299432516
0.313155455689
0.33560580535
0.300722840345
0.430394533662
0.418226597364
0.348420990969
0.347410867999
0.530164221207
0.68501936052
0.241701547397
0.324644655304
0.253907947846
