0.276559774441
0.348190847619
0.282207365571
0.110860176341
0.332732259258
0.31252139905
0.255047783484
0.314356020324
0.282326132729
0.274556318753
0.186308638089
0.36576045725
0.262293404654
0.322106801404
0.169202600044
0.306742670459
0.421322408012
0.298619890715
0.244612594452
0.147197925841
0.281802772329
0.199032575404
0.237362768783
0.233120772708
0.300533777127
0.25421735314
0.222493916518
0.234246395753
0.211017477899
0.257669201838
0.279534665072
0.20264838514
0.277868998012
0.271612593998
0.294226995247
0.29604686901
0.240406274279
0.329272782553
0.284441438511
0.283796956386
