0.394603817773
0.357338767551
0.534483374908
0.287032166861
0.232419721567
0.255459582957
0.378647561456
0.36200522082
0.253918155989
0.229787039386
0.239347901487
0.329796036839
0.360612138038
0.229170948113
0.395270865112
0.308459227608
0.31797097438
0.36314299262
0.288125475939
0.192882776909
0.329103227986
0.284491521364
0.203533086846
0.247440396634
0.344662984124
0.293387934587
0.273860188957
0.212682533718
0.318794855906
0.352800111916
0.342233286862
0.208459308799
0.292048891468
0.239200654389
0.354410898687
0.457538258215
0.320309278561
0.340152006772
0.423254354946
0.24354494991
