0.427121749187
0.217957400891
0.321749452925
0.251272782874
0.360197905907
0.386382352703
0.337750644888
0.178465470802
0.209769999549
0.312750724074
0.317575731243
0.3215152742
0.329538585428
0.277519605249
0.319677721539
0.25879019817
0.27404369359
0.363775993369
0.254853011798
0.174891388757
0.368207175636
0.25384491329
0.148862955674
0.406037382859
0.245655847453
0.303484089655
0.315539194822
0.182843780586
0.428393829911
0.363924698052
0.269396512454
0.180613110496
0.371284406645
0.377811039838
0.485536974584
0.096176028731
0.430266961719
0.199686807925
0.413145884792
0.222379707303
