0.272075840548
0.2548090018
0.221938865019
0.0840359211896
0.194490557799
0.293556477464
0.21376244498
0.28508030101
0.149524833824
0.120261915021
0.252997427112
0.2214981225
0.295542580535
0.242206884155
0.221763813781
0.202157456571
0.279426710238
0.194767213803
0.143448256162
0.148341056674
0.217051799199
0.113976920204
0.121405804826
0.224264200134
0.234568269412
0.172457337004
0.147432351206
0.0992725211481
0.172962111138
0.207134901772
0.154598653721
0.16611217851
0.374579504384
0.274621784555
0.266745671147
0.241179023703
0.415749719988
0.49174830416
0.148344315517
0.260356789891
