0.424630062961
0.358844355452
0.462164703263
0.179802677683
0.334422810156
0.395025683808
0.471773323496
0.393245982001
0.168342393462
0.231612399602
0.488517345712
0.420729333148
0.445925473335
0.452287834546
0.515827087242
0.386532354207
0.50099446656
0.4074221374
0.311637938058
0.333073375134
0.524366666545
0.220783895214
0.313917310468
0.49181016275
0.275231683366
0.52468951355
0.354327205733
0.218915353405
0.277799840145
0.378392614683
0.455876682616
0.465251042336
0.468373199438
0.494597676376
0.396127068761
0.343602339115
0.376836927305
0.425924344589
0.463862864489
0.505803744881
0.404744668243
