0.380727618594
0.282196456154
0.200411005809
0.303793661268
0.271184812046
0.259153524358
0.277833301653
0.286065280847
0.240552448695
0.207371913076
0.242453435837
0.301128019104
0.161844845583
0.230475129791
0.294275457473
0.288022224562
0.187531535965
0.257334813867
0.274057810485
0.196970874935
0.29773913116
0.313236221391
0.256849509983
0.289745201053
0.304142136352
0.190778471651
0.164334323409
0.190600809352
0.19301655162
0.285510542619
0.256346758426
0.138719588836
0.193454615048
0.290175672516
0.211364013719
0.293568157659
0.341291816219
0.181922890806
0.314676249329
0.128203377011
