0.303574101839
0.355280202231
0.427936222541
0.21002395338
0.363054569858
0.357902658877
0.302629572202
0.387721515781
0.287160908599
0.226184045522
0.390942377517
0.433091719947
0.327966695399
0.355359464077
0.262531825391
0.350090720429
0.330845631079
0.316539254221
0.241469764415
0.258733747248
0.321689420537
0.2099945154
0.383751517275
0.43322762222
0.30681837152
0.317124875496
0.449746771107
0.190033277776
0.241113134534
0.269197894386
0.311602309884
0.195428646666
0.373151223763
0.439045076966
0.3188324108
0.367499315856
0.376912814088
0.347622713798
0.280486872922
0.514058970117
0.291627425899
