0.376835346024
0.496321394576
0.405554793955
0.194478481145
0.479145525311
0.499652965904
0.395453234416
0.422437904785
0.444480536786
0.367224746455
0.345297601797
0.447004629712
0.434411271663
0.485632989163
0.2505296592
0.462727957611
0.605817429206
0.435068230054
0.428100483608
0.231606360644
0.377948435737
0.336348788579
0.357601098068
0.368970026983
0.408757691237
0.349223873194
0.343420114536
0.309459289898
0.361576675396
0.368297209035
0.485646438384
0.26363012153
0.37340827119
0.360849894546
0.433434385367
0.430347387707
0.419982885763
0.443258325788
0.437692348035
0.414098444464
0.298531043013
