(0)	-17.626986278697533
(9)	-0.3246783000543729
(2)	v21
(1)	3.077249189778982
(3)	* (1)(0)
(5)	- (3)(2)
(13)	-6.438692640257383
(15)	* (13)(9)
(16)	v11
(21)	/ (16)(15)
(22)	- (21)(5)
(29)	* (9)(22)
(24)	v17
(35)	3.9563102016723484
(53)	/ (24)(35)
(79)	- (53)(29)
(28)	v4
(48)	cos(28)
(17)	+ (16)(15)
(56)	cos(17)
(18)	v22
(10)	v23
(47)	+ (10)(35)
(60)	- (18)(47)
(64)	- (56)(60)
(71)	+ (64)(48)
(37)	v1
(31)	v27
(32)	- (18)(31)
(19)	v28
(54)	/ (19)(47)
(61)	+ (54)(32)
(76)	+ (37)(61)
(85)	/ (76)(71)
(110)	+ (85)(79)
(139)	+ (0)(110)
