(21)	-3.084815434168032
(8)	v22
(17)	v0
(18)	cos(17)
(25)	+ (18)(8)
(37)	/ (25)(21)
(33)	-14.47924428578113
(1)	v1
(0)	v11
(2)	+ (0)(1)
(6)	v4
(12)	+ (6)(2)
(20)	2.7493627451206315
(29)	- (20)(12)
(39)	- (29)(1)
(43)	/ (39)(33)
(53)	- (43)(37)
(66)	v21
(75)	/ (66)(20)
(16)	v3
(49)	abs(16)
(35)	tan(21)
(10)	v21
(13)	2.771094326493312
(15)	* (10)(13)
(23)	sin(15)
(41)	v25
(45)	+ (41)(23)
(87)	* (35)(45)
(98)	* (49)(87)
(24)	abs(10)
(36)	-15.86885401339079
(52)	/ (24)(36)
(81)	cos(52)
(85)	v15
(104)	+ (85)(81)
(105)	* (98)(104)
(121)	+ (105)(75)
(139)	+ (53)(121)
