(9)	-2.3244525908651497
(10)	-5.745528543725635
(11)	e(10)
(25)	* (11)(9)
(23)	1.2080900001203396
(26)	cos(23)
(89)	+ (26)(25)
(18)	v22
(29)	v9
(37)	abs(29)
(12)	v28
(27)	cos(12)
(0)	11.225826266275881
(1)	v15
(2)	/ (0)(1)
(7)	v2
(20)	- (7)(2)
(24)	-3.2981846568059616
(3)	v27
(30)	+ (18)(3)
(32)	- (30)(24)
(44)	/ (20)(32)
(45)	- (44)(27)
(57)	v8
(58)	- (45)(57)
(63)	/ (37)(58)
(112)	- (63)(18)
(132)	* (112)(89)
(43)	sin(24)
(15)	v11
(35)	v4
(86)	+ (35)(15)
(66)	v1
(46)	1.595589579053236
(21)	-0.5532027933094881
(50)	abs(21)
(53)	* (46)(50)
(72)	0.05267189241088133
(77)	* (53)(72)
(80)	+ (77)(66)
(5)	v21
(6)	- (5)(3)
(14)	sin(6)
(33)	sin(14)
(13)	v5
(22)	+ (14)(13)
(49)	/ (22)(46)
(54)	+ (49)(33)
(19)	- (5)(15)
(16)	v9
(28)	cos(16)
(55)	* (19)(28)
(60)	+ (55)(54)
(81)	sin(15)
(102)	+ (81)(60)
(108)	+ (80)(102)
(111)	+ (86)(108)
(135)	* (43)(111)
(139)	- (135)(132)
