(44)	8.248245299467484
(26)	v27
(30)	v16
(35)	cos(30)
(46)	- (35)(26)
(52)	/ (46)(44)
(4)	5.134012855081849
(12)	v1
(51)	/ (12)(4)
(0)	v22
(1)	v4
(2)	+ (0)(1)
(6)	v21
(14)	+ (6)(2)
(47)	-3.213729622367957
(56)	/ (14)(47)
(71)	- (51)(56)
(75)	+ (52)(71)
(38)	abs(26)
(55)	e(38)
(22)	v3
(3)	e(2)
(9)	abs(4)
(39)	v4
(21)	v11
(43)	cos(21)
(48)	/ (43)(39)
(50)	/ (9)(48)
(59)	/ (3)(50)
(61)	* (59)(22)
(62)	cos(61)
(64)	v15
(79)	- (64)(62)
(84)	/ (79)(55)
(88)	v4
(94)	- (21)(88)
(101)	+ (84)(94)
(18)	/ (0)(12)
(25)	v10
(27)	* (18)(25)
(29)	sin(27)
(49)	v26
(24)	-4.635699380545448
(93)	+ (24)(21)
(99)	- (93)(49)
(110)	- (29)(99)
(121)	/ (101)(110)
(139)	+ (75)(121)
