(14)	v25
(27)	v7
(39)	+ (27)(14)
(64)	tan(39)
(74)	cos(64)
(114)	cos(74)
(56)	v0
(11)	3.598672833172106
(5)	v25
(2)	v10
(6)	* (5)(2)
(7)	/ (6)(5)
(9)	-17.42742018563389
(12)	* (9)(7)
(13)	sin(12)
(15)	+ (11)(13)
(36)	v20
(55)	+ (39)(36)
(75)	/ (55)(15)
(91)	+ (75)(56)
(54)	v21
(83)	1.7704835116255602
(0)	v7
(16)	+ (6)(0)
(45)	cos(16)
(30)	cos(13)
(61)	sin(30)
(92)	* (45)(61)
(96)	- (92)(83)
(102)	/ (54)(96)
(103)	+ (91)(102)
(21)	v28
(37)	v26
(63)	- (21)(37)
(17)	-10.917962855314173
(25)	tan(7)
(40)	/ (25)(17)
(52)	v0
(72)	/ (40)(52)
(89)	cos(72)
(115)	- (89)(15)
(119)	/ (63)(115)
(133)	+ (119)(103)
(139)	* (133)(114)
