(4)	v21
(8)	v7
(6)	v26
(9)	v0
(12)	+ (6)(9)
(19)	+ (8)(12)
(36)	- (4)(19)
(55)	-8.677592769733792
(41)	cos(6)
(44)	tan(41)
(0)	v18
(2)	tan(0)
(10)	/ (4)(2)
(1)	-3.8235439667615125
(7)	- (1)(0)
(11)	- (7)(0)
(16)	- (10)(11)
(23)	cos(11)
(56)	* (23)(16)
(68)	- (56)(44)
(104)	cos(68)
(105)	3.507871365902915
(108)	- (105)(104)
(110)	/ (55)(108)
(113)	/ (36)(110)
(27)	v6
(20)	v25
(31)	+ (7)(20)
(54)	/ (27)(31)
(61)	-4.042594618878095
(77)	v24
(84)	/ (77)(61)
(38)	-18.82899265212327
(75)	sin(38)
(22)	sin(16)
(28)	+ (0)(27)
(52)	- (28)(22)
(60)	-10.581443583990144
(80)	* (52)(60)
(95)	* (75)(80)
(111)	- (84)(95)
(120)	+ (111)(54)
(139)	- (113)(120)
