(14)	v17
(95)	v24
(78)	v20
(0)	18.96425293232707
(2)	v17
(3)	cos(2)
(4)	/ (3)(0)
(1)	v18
(5)	5.256896666865977
(8)	+ (1)(5)
(29)	- (8)(14)
(88)	+ (4)(29)
(96)	/ (78)(88)
(104)	* (95)(96)
(10)	abs(3)
(12)	v19
(9)	sin(3)
(16)	/ (10)(9)
(34)	- (12)(16)
(38)	2.591388042126166
(41)	/ (34)(38)
(55)	+ (10)(41)
(26)	v15
(46)	v20
(54)	+ (4)(46)
(67)	- (26)(54)
(73)	- (55)(67)
(32)	- (3)(2)
(15)	abs(12)
(35)	sin(15)
(39)	tan(35)
(57)	+ (39)(32)
(102)	/ (57)(8)
(121)	* (73)(102)
(130)	+ (104)(121)
(139)	+ (130)(14)
