(14)	-4.114507784024198
(5)	v0
(1)	v18
(3)	v21
(9)	- (1)(3)
(10)	- (5)(9)
(23)	12.283847866423024
(38)	* (10)(23)
(50)	cos(38)
(57)	/ (50)(14)
(61)	abs(57)
(67)	e(61)
(4)	v26
(13)	2.95694357532674
(15)	+ (5)(13)
(17)	/ (4)(15)
(19)	v17
(46)	- (19)(17)
(6)	-9.144372933044004
(22)	v24
(26)	+ (6)(22)
(27)	v18
(32)	cos(5)
(34)	- (32)(27)
(35)	+ (26)(34)
(25)	v15
(29)	+ (25)(10)
(21)	abs(19)
(30)	v21
(31)	+ (30)(21)
(43)	+ (31)(29)
(2)	-10.586836234360808
(0)	v20
(7)	3.2278705772858096
(18)	* (7)(0)
(41)	+ (18)(2)
(55)	+ (13)(41)
(74)	- (43)(55)
(85)	/ (74)(35)
(106)	+ (46)(85)
(139)	+ (67)(106)
