(6)	v20
(27)	v15
(30)	- (27)(6)
(43)	v6
(53)	e(43)
(2)	v2
(18)	cos(2)
(64)	e(18)
(79)	+ (53)(64)
(105)	/ (30)(79)
(21)	-5.1207712523707105
(26)	tan(21)
(13)	5.633958631910222
(37)	v5
(41)	- (13)(37)
(47)	/ (26)(41)
(36)	0.48396854267235057
(34)	v1
(1)	v7
(7)	3.636912689928131
(40)	+ (7)(1)
(60)	/ (34)(40)
(61)	e(60)
(72)	* (61)(36)
(54)	v26
(3)	-5.111850444423043
(5)	abs(2)
(9)	+ (5)(3)
(16)	cos(9)
(28)	abs(16)
(8)	v0
(10)	+ (8)(7)
(0)	-0.7111805105406148
(17)	e(8)
(19)	/ (17)(0)
(25)	/ (19)(7)
(51)	cos(25)
(59)	/ (10)(51)
(63)	- (28)(59)
(73)	/ (54)(63)
(24)	v17
(12)	+ (10)(5)
(14)	v18
(33)	- (14)(30)
(86)	/ (33)(12)
(91)	+ (86)(24)
(95)	+ (91)(73)
(122)	+ (72)(95)
(127)	- (122)(47)
(139)	- (127)(105)
