(4)	v27
(19)	v3
(20)	+ (19)(4)
(7)	5.090051505003753
(3)	v6
(5)	v24
(8)	+ (5)(3)
(11)	v21
(12)	* (11)(8)
(21)	* (12)(12)
(22)	+ (21)(7)
(27)	v26
(34)	- (27)(22)
(35)	v2
(47)	+ (34)(35)
(53)	/ (20)(47)
(0)	-1.5662869086300333
(1)	v13
(2)	+ (1)(1)
(6)	* (2)(1)
(9)	- (0)(6)
(13)	/ (11)(9)
(25)	v17
(57)	- (25)(13)
(17)	v13
(29)	v28
(50)	/ (29)(9)
(79)	+ (50)(17)
(101)	- (79)(57)
(105)	- (4)(101)
(16)	-13.936517686030644
(67)	sin(16)
(58)	-2.2942242975953064
(43)	v26
(76)	cos(43)
(78)	- (76)(58)
(86)	/ (67)(78)
(104)	tan(86)
(124)	e(104)
(133)	* (105)(124)
(139)	+ (53)(133)
