(26)	-4.428410153524588
(32)	tan(26)
(11)	-19.963117186425276
(2)	v17
(1)	17.708190990020853
(5)	v27
(6)	- (1)(5)
(9)	- (6)(2)
(0)	v4
(40)	v1
(46)	- (0)(40)
(58)	+ (9)(46)
(62)	+ (11)(58)
(22)	v26
(14)	7.18996143389554
(29)	sin(14)
(34)	+ (29)(22)
(15)	v13
(3)	-16.60009344470303
(7)	+ (6)(3)
(8)	v17
(21)	- (7)(8)
(39)	+ (15)(21)
(43)	+ (34)(39)
(12)	v20
(18)	cos(12)
(19)	- (18)(2)
(20)	+ (19)(12)
(31)	- (20)(14)
(13)	v28
(30)	e(6)
(36)	- (30)(13)
(42)	sin(36)
(47)	+ (42)(31)
(17)	-5.735156506026486
(48)	v28
(49)	- (48)(17)
(54)	/ (49)(47)
(68)	/ (43)(54)
(69)	- (62)(68)
(139)	/ (69)(32)
