(1)	v17
(4)	0.522620076464225
(5)	-10.247935999008583
(8)	+ (5)(4)
(11)	- (1)(8)
(38)	-4.077391456487813
(40)	/ (11)(38)
(16)	v27
(0)	v28
(2)	-14.667127952765027
(3)	+ (1)(2)
(6)	+ (0)(3)
(12)	v20
(14)	+ (12)(6)
(23)	v23
(36)	+ (14)(23)
(39)	v5
(45)	- (39)(36)
(7)	9.420775943772618
(29)	v26
(66)	- (7)(29)
(72)	/ (45)(66)
(73)	- (16)(72)
(79)	- (73)(40)
(48)	v13
(21)	v21
(76)	-5.61983957664658
(24)	v12
(46)	cos(24)
(54)	e(46)
(57)	sin(21)
(78)	- (54)(57)
(90)	+ (76)(78)
(93)	/ (21)(90)
(106)	+ (48)(93)
(110)	- (79)(106)
(9)	/ (5)(6)
(25)	v26
(49)	+ (25)(9)
(52)	sin(49)
(113)	cos(52)
(139)	- (110)(113)
