(33)	v28
(12)	-3.541738996923126
(3)	v13
(1)	1.0751804352459438
(13)	abs(1)
(16)	* (3)(13)
(27)	cos(16)
(35)	/ (12)(27)
(45)	abs(35)
(2)	v27
(7)	- (2)(3)
(10)	tan(7)
(26)	v9
(48)	+ (26)(10)
(53)	+ (45)(48)
(63)	/ (33)(53)
(6)	v18
(11)	5.490411191386137
(23)	+ (6)(11)
(15)	v4
(24)	- (6)(15)
(41)	/ (24)(23)
(0)	v21
(5)	-3.706796390199507
(9)	/ (0)(5)
(8)	v17
(14)	+ (7)(8)
(30)	0.9250923886756013
(31)	* (14)(30)
(4)	v5
(21)	+ (4)(14)
(34)	/ (21)(5)
(46)	+ (34)(31)
(76)	- (46)(9)
(94)	+ (41)(76)
(139)	+ (63)(94)
