(8)	13.816950080641625
(11)	v12
(22)	+ (8)(11)
(24)	5.281363708690627
(30)	/ (24)(22)
(25)	-2.39706592667995
(53)	v19
(40)	1.8301637123543415
(12)	v18
(0)	v14
(2)	v25
(3)	+ (0)(2)
(4)	cos(3)
(21)	abs(4)
(18)	v4
(26)	v28
(31)	- (26)(18)
(56)	- (21)(31)
(60)	- (56)(12)
(63)	* (40)(60)
(73)	+ (53)(63)
(65)	-1.2889707045012244
(38)	v22
(5)	v13
(6)	v27
(15)	v17
(17)	+ (6)(15)
(33)	- (5)(17)
(43)	/ (33)(30)
(52)	+ (43)(38)
(7)	* (4)(5)
(9)	v20
(54)	+ (7)(9)
(61)	- (54)(52)
(87)	* (61)(65)
(104)	+ (87)(65)
(112)	+ (73)(104)
(131)	/ (112)(25)
(139)	* (131)(30)
