(3)	v28
(23)	v21
(52)	+ (23)(3)
(58)	9.638193212296372
(59)	tan(58)
(64)	* (52)(59)
(0)	v4
(4)	- (0)(3)
(7)	-7.942136053685829
(10)	+ (7)(4)
(6)	v10
(11)	/ (7)(6)
(14)	cos(11)
(15)	- (14)(10)
(18)	v26
(24)	+ (0)(18)
(37)	v1
(50)	- (24)(37)
(55)	/ (50)(15)
(12)	sin(6)
(13)	tan(12)
(20)	+ (18)(13)
(8)	11.942911112817079
(21)	+ (20)(8)
(68)	+ (21)(20)
(69)	/ (68)(10)
(104)	* (69)(55)
(111)	+ (64)(104)
(43)	v13
(45)	v17
(32)	v27
(1)	-1.5843960899062424
(19)	v9
(5)	- (4)(3)
(26)	* (10)(5)
(28)	+ (26)(19)
(29)	* (11)(28)
(35)	/ (1)(29)
(57)	- (32)(35)
(72)	+ (57)(45)
(78)	- (72)(43)
(2)	e(1)
(41)	/ (23)(15)
(46)	- (10)(41)
(79)	* (2)(46)
(118)	/ (78)(79)
(139)	- (111)(118)
