(0)	v27
(31)	v25
(45)	- (0)(31)
(17)	v6
(21)	cos(17)
(29)	2.8593166819804026
(36)	/ (21)(29)
(37)	abs(36)
(44)	abs(37)
(54)	e(44)
(67)	e(31)
(47)	v12
(51)	cos(47)
(70)	cos(51)
(72)	+ (67)(70)
(75)	* (54)(72)
(101)	/ (45)(75)
(2)	v18
(4)	v20
(12)	+ (4)(2)
(19)	2.3504065905994374
(25)	/ (12)(19)
(13)	v12
(8)	v4
(15)	+ (13)(8)
(1)	v7
(3)	e(1)
(5)	- (3)(2)
(6)	+ (5)(3)
(7)	- (3)(1)
(22)	/ (6)(7)
(24)	- (22)(15)
(32)	* (13)(24)
(33)	- (32)(21)
(10)	* (3)(6)
(23)	- (10)(15)
(41)	e(23)
(18)	-0.5769574654489205
(28)	-2.949538939401478
(59)	- (28)(18)
(64)	- (41)(59)
(73)	/ (33)(64)
(115)	+ (25)(73)
(139)	+ (115)(101)
