(15)	2.2168295224758054
(30)	v20
(35)	/ (30)(15)
(22)	4.242141290842703
(25)	v9
(45)	v17
(89)	+ (25)(45)
(8)	v18
(14)	v19
(21)	- (14)(8)
(60)	sin(21)
(1)	v1
(12)	* (1)(8)
(13)	v14
(34)	- (13)(12)
(39)	sin(34)
(44)	4.244161420305318
(11)	v7
(19)	v27
(20)	+ (11)(19)
(31)	v25
(46)	- (20)(31)
(53)	v1
(55)	- (46)(53)
(58)	/ (44)(55)
(70)	+ (39)(58)
(18)	tan(8)
(23)	sin(18)
(0)	v12
(2)	+ (0)(1)
(3)	* (0)(2)
(6)	abs(3)
(7)	/ (3)(6)
(5)	8.419764777000221
(10)	+ (0)(5)
(38)	- (7)(10)
(64)	+ (23)(38)
(29)	v19
(67)	+ (29)(29)
(74)	+ (64)(67)
(76)	/ (74)(70)
(91)	+ (76)(60)
(103)	- (91)(89)
(130)	/ (103)(22)
(139)	- (35)(130)
