(67)	-0.29687051407491793
(126)	abs(67)
(0)	-1.1073908566309463
(2)	v25
(21)	- (2)(0)
(23)	v27
(29)	- (23)(21)
(51)	e(29)
(1)	v12
(3)	e(1)
(31)	e(3)
(33)	/ (29)(31)
(62)	v17
(4)	v7
(17)	v18
(39)	+ (17)(4)
(7)	6.167971628462734
(5)	v1
(11)	* (5)(0)
(13)	/ (11)(7)
(22)	v6
(41)	* (22)(13)
(52)	v20
(6)	cos(4)
(9)	v24
(10)	* (9)(6)
(45)	cos(10)
(46)	+ (11)(29)
(63)	+ (46)(45)
(66)	+ (63)(52)
(14)	v11
(18)	+ (2)(14)
(28)	+ (18)(7)
(15)	+ (3)(7)
(30)	+ (29)(15)
(24)	v10
(34)	abs(14)
(38)	- (34)(24)
(56)	- (38)(30)
(70)	/ (28)(56)
(72)	/ (66)(70)
(83)	+ (72)(41)
(85)	- (39)(83)
(87)	+ (85)(62)
(131)	+ (87)(33)
(133)	+ (51)(131)
(139)	* (126)(133)
