(6)	v7
(7)	e(6)
(16)	v20
(25)	- (16)(7)
(2)	4.556791839616558
(3)	cos(2)
(0)	v25
(4)	abs(0)
(8)	/ (4)(2)
(18)	- (3)(8)
(27)	e(18)
(33)	- (25)(27)
(40)	/ (7)(33)
(67)	sin(40)
(20)	6.04472999172609
(48)	+ (18)(16)
(60)	/ (48)(20)
(54)	4.2339168194406405
(32)	v7
(1)	v17
(11)	abs(8)
(14)	* (11)(3)
(21)	+ (1)(14)
(42)	v18
(45)	+ (42)(21)
(61)	+ (32)(45)
(64)	/ (61)(54)
(82)	+ (64)(60)
(116)	- (82)(67)
(31)	v19
(57)	v9
(63)	- (31)(57)
(26)	-6.845596268727991
(13)	/ (0)(3)
(30)	sin(13)
(85)	+ (30)(26)
(97)	/ (63)(85)
(36)	v1
(10)	16.2673638480264
(78)	sin(10)
(89)	* (36)(78)
(12)	v27
(19)	+ (0)(18)
(29)	- (20)(19)
(34)	+ (29)(12)
(22)	+ (18)(1)
(37)	* (22)(8)
(38)	+ (34)(37)
(55)	-1.527514529678193
(94)	/ (38)(55)
(104)	- (89)(94)
(127)	cos(104)
(128)	+ (97)(127)
(139)	+ (116)(128)
