(27)	-9.234520594268062
(2)	v19
(25)	-17.716214117366892
(26)	-10.067816967483886
(37)	+ (25)(26)
(38)	- (2)(37)
(1)	v27
(3)	abs(1)
(5)	v25
(6)	- (5)(1)
(7)	/ (3)(6)
(17)	12.96517428611508
(28)	+ (17)(2)
(39)	/ (28)(7)
(41)	* (39)(38)
(49)	e(38)
(50)	* (41)(49)
(56)	+ (50)(27)
(55)	-1.1132971542234387
(61)	cos(55)
(0)	v20
(8)	/ (7)(6)
(10)	e(8)
(4)	- (0)(2)
(9)	+ (8)(4)
(11)	abs(2)
(12)	- (9)(11)
(15)	/ (12)(10)
(22)	- (0)(15)
(52)	v18
(63)	+ (22)(52)
(67)	* (61)(63)
(94)	- (67)(56)
(34)	17.85962032957257
(46)	tan(34)
(48)	/ (6)(46)
(110)	+ (56)(48)
(139)	+ (94)(110)
