(20)	v28
(0)	v15
(1)	v12
(3)	v16
(6)	v5
(8)	+ (3)(6)
(9)	- (8)(1)
(21)	+ (0)(9)
(35)	+ (21)(20)
(45)	5.8280367011857805
(42)	sin(21)
(2)	v26
(4)	- (0)(2)
(22)	+ (9)(9)
(49)	- (4)(22)
(51)	* (49)(42)
(52)	/ (51)(45)
(29)	-4.846334142047803
(32)	/ (1)(29)
(5)	v27
(16)	sin(5)
(31)	v28
(33)	sin(31)
(38)	+ (33)(16)
(40)	-5.158293651626948
(43)	+ (38)(40)
(54)	+ (32)(43)
(14)	16.251866390975017
(11)	v17
(27)	e(11)
(30)	- (14)(27)
(13)	v22
(23)	+ (2)(13)
(25)	v25
(37)	abs(25)
(56)	- (37)(23)
(59)	+ (56)(30)
(79)	/ (59)(54)
(82)	- (52)(79)
(139)	/ (35)(82)
