(0)	v8
(5)	+ (0)(0)
(6)	v24
(11)	v1
(14)	+ (6)(11)
(34)	- (5)(14)
(49)	6.141312635268967
(87)	/ (34)(49)
(12)	v17
(13)	v28
(21)	+ (13)(12)
(4)	1.3159802001690437
(1)	v5
(15)	* (4)(1)
(33)	* (15)(4)
(60)	+ (21)(33)
(44)	v12
(19)	v15
(29)	v16
(54)	+ (19)(29)
(68)	- (44)(54)
(77)	- (60)(68)
(59)	0.07104178146037299
(36)	2.5526838363848405
(10)	17.06256452103473
(18)	0.2522868635685711
(20)	v18
(23)	* (20)(6)
(3)	-3.0535371128782565
(7)	+ (1)(6)
(9)	cos(7)
(17)	* (3)(9)
(8)	v9
(22)	* (9)(8)
(26)	- (22)(17)
(31)	+ (23)(26)
(41)	+ (18)(31)
(71)	+ (41)(10)
(81)	/ (36)(71)
(129)	+ (59)(81)
(138)	* (77)(129)
(139)	- (138)(87)
