(44)	-3.3504642790217964
(10)	v7
(47)	abs(10)
(51)	- (44)(47)
(0)	-1.6211886116875327
(1)	v24
(4)	/ (1)(0)
(7)	v12
(12)	v1
(30)	- (7)(12)
(54)	+ (30)(4)
(63)	/ (54)(51)
(3)	v5
(5)	sin(3)
(8)	+ (5)(3)
(2)	v3
(13)	v8
(15)	- (13)(2)
(22)	- (15)(8)
(25)	v9
(6)	e(4)
(9)	-13.311634749178207
(17)	- (6)(9)
(18)	- (17)(5)
(20)	* (8)(18)
(33)	+ (20)(17)
(45)	/ (25)(33)
(57)	+ (22)(45)
(73)	/ (57)(44)
(11)	v15
(36)	v17
(72)	+ (11)(36)
(14)	5.933171495666549
(26)	v13
(43)	* (26)(33)
(70)	sin(43)
(80)	- (70)(14)
(83)	/ (72)(80)
(108)	- (73)(83)
(139)	+ (108)(63)
