(30)	0.3132187419014514
(33)	-3.560506048151325
(38)	- (33)(30)
(6)	v9
(10)	v6
(13)	+ (6)(10)
(35)	v21
(56)	+ (13)(35)
(59)	/ (56)(38)
(5)	9.62197524295108
(9)	sin(5)
(1)	v19
(7)	-6.26263373933034
(14)	- (1)(7)
(15)	v20
(19)	/ (14)(15)
(25)	- (19)(9)
(50)	e(30)
(76)	/ (50)(25)
(0)	v24
(2)	v24
(8)	* (5)(2)
(3)	+ (1)(1)
(4)	+ (1)(3)
(23)	* (0)(4)
(24)	+ (23)(0)
(28)	+ (8)(24)
(31)	* (28)(0)
(39)	v3
(61)	- (31)(39)
(62)	- (61)(33)
(17)	v16
(78)	v27
(91)	+ (17)(78)
(99)	/ (91)(62)
(114)	+ (76)(99)
(139)	- (114)(59)
