(0)	16.300978421510003
(3)	cos(0)
(5)	e(3)
(12)	v21
(14)	* (12)(5)
(7)	v14
(2)	v1
(6)	sin(2)
(8)	/ (6)(3)
(9)	v6
(19)	- (8)(9)
(40)	+ (19)(7)
(41)	4.967875433543455
(44)	/ (40)(41)
(88)	- (14)(44)
(22)	v15
(20)	v26
(54)	cos(20)
(72)	-3.8875561216269894
(75)	abs(72)
(95)	+ (54)(75)
(98)	/ (22)(95)
(10)	v9
(29)	* (22)(7)
(30)	cos(29)
(13)	/ (6)(2)
(15)	abs(13)
(17)	+ (15)(15)
(25)	cos(17)
(33)	- (8)(25)
(56)	* (33)(30)
(73)	- (56)(10)
(1)	17.592350918562396
(11)	+ (1)(7)
(18)	* (15)(11)
(21)	sin(18)
(100)	+ (21)(95)
(118)	/ (73)(100)
(123)	- (118)(98)
(139)	- (88)(123)
