(20)	2.2370506641961896
(1)	v24
(2)	sin(1)
(28)	tan(2)
(33)	abs(28)
(46)	+ (20)(33)
(40)	v8
(4)	v20
(7)	/ (4)(1)
(8)	cos(2)
(12)	/ (7)(8)
(21)	* (1)(12)
(50)	v3
(51)	- (21)(50)
(53)	+ (40)(51)
(19)	v14
(47)	-1.0741839448478139
(60)	+ (19)(47)
(49)	v2
(54)	e(49)
(22)	-4.71078907219602
(23)	e(21)
(39)	+ (23)(22)
(55)	sin(39)
(62)	* (55)(54)
(64)	- (62)(60)
(66)	cos(64)
(88)	+ (66)(53)
(41)	v25
(37)	v5
(11)	v0
(14)	- (11)(4)
(31)	abs(14)
(35)	v16
(38)	* (35)(31)
(42)	- (37)(38)
(92)	- (41)(42)
(99)	+ (92)(88)
(139)	/ (99)(46)
