(1)	6.997124662066533
(10)	v4
(13)	+ (10)(1)
(4)	v5
(5)	0.408045709192276
(14)	* (5)(4)
(18)	- (14)(13)
(15)	6.562002291366586
(27)	+ (15)(14)
(30)	/ (18)(27)
(53)	abs(30)
(68)	v20
(3)	v3
(6)	v14
(11)	* (3)(6)
(33)	abs(11)
(2)	0.679530813143888
(7)	v8
(9)	- (2)(7)
(61)	sin(9)
(65)	+ (61)(3)
(66)	+ (33)(65)
(77)	/ (66)(30)
(84)	+ (77)(68)
(96)	/ (84)(53)
(12)	v0
(22)	+ (12)(9)
(47)	+ (6)(22)
(57)	abs(47)
(8)	7.726808555279227
(21)	* (14)(10)
(36)	/ (21)(8)
(44)	- (36)(36)
(100)	+ (7)(44)
(105)	+ (57)(100)
(126)	+ (105)(96)
(48)	e(44)
(93)	e(48)
(19)	v17
(82)	cos(19)
(115)	cos(82)
(129)	* (93)(115)
(139)	/ (126)(129)
