(5)	v8
(6)	v14
(0)	-5.966577642655011
(7)	- (5)(0)
(8)	/ (6)(7)
(18)	+ (8)(5)
(85)	3.096288726312583
(15)	sin(7)
(23)	e(15)
(26)	-3.6411566495341603
(35)	tan(26)
(41)	/ (35)(23)
(10)	cos(8)
(13)	e(10)
(24)	v18
(25)	v0
(2)	v3
(38)	* (26)(2)
(22)	v1
(14)	v11
(3)	e(0)
(27)	v24
(31)	- (3)(27)
(33)	- (14)(31)
(36)	- (33)(26)
(42)	+ (22)(36)
(46)	+ (42)(38)
(52)	+ (25)(46)
(69)	- (24)(52)
(72)	/ (69)(13)
(68)	-4.830806043147234
(1)	v5
(9)	e(1)
(12)	- (9)(2)
(45)	tan(12)
(48)	- (0)(45)
(82)	/ (8)(48)
(92)	+ (68)(82)
(104)	- (92)(72)
(107)	- (41)(104)
(130)	- (85)(107)
(135)	sin(130)
(139)	+ (135)(18)
