(17)	v15
(23)	v8
(29)	v25
(32)	+ (23)(29)
(19)	-3.950583744281012
(37)	tan(19)
(45)	- (32)(37)
(68)	- (17)(45)
(38)	v15
(2)	v13
(3)	sin(2)
(6)	e(3)
(7)	abs(6)
(1)	v3
(8)	cos(1)
(12)	/ (8)(7)
(13)	4.502701990854348
(16)	- (13)(12)
(74)	abs(16)
(83)	- (38)(74)
(133)	/ (68)(83)
(78)	- (19)(17)
(18)	19.162403379522416
(22)	/ (18)(6)
(30)	sin(22)
(14)	v2
(42)	+ (38)(14)
(43)	* (42)(30)
(47)	cos(43)
(25)	-3.5792849603116323
(39)	v13
(51)	/ (39)(25)
(54)	sin(51)
(0)	v0
(4)	- (0)(1)
(15)	+ (7)(1)
(20)	* (4)(15)
(5)	v26
(21)	v0
(53)	+ (21)(5)
(62)	+ (20)(53)
(70)	- (54)(62)
(96)	+ (70)(47)
(134)	/ (96)(78)
(139)	+ (133)(134)
