(4)	v0
(8)	+ (4)(4)
(27)	5.239626845947761
(0)	v8
(3)	cos(0)
(1)	v5
(6)	+ (1)(0)
(29)	+ (6)(3)
(33)	- (27)(29)
(36)	+ (33)(8)
(35)	-2.267792933252103
(50)	v25
(57)	+ (35)(50)
(73)	/ (57)(36)
(58)	v14
(2)	* (1)(1)
(5)	sin(2)
(48)	v4
(71)	* (5)(48)
(72)	cos(71)
(79)	+ (72)(58)
(10)	e(6)
(14)	v17
(15)	abs(8)
(17)	- (8)(15)
(20)	v26
(24)	* (20)(17)
(32)	/ (24)(14)
(37)	abs(32)
(52)	+ (10)(37)
(94)	e(52)
(102)	/ (79)(94)
(109)	+ (102)(0)
(110)	+ (109)(73)
(12)	/ (5)(5)
(16)	cos(12)
(21)	sin(16)
(49)	v3
(78)	- (21)(49)
(127)	sin(78)
(139)	+ (127)(110)
