(27)	v13
(0)	2.977841908793909
(4)	cos(0)
(5)	/ (0)(4)
(13)	v18
(15)	- (13)(5)
(6)	v17
(7)	v21
(9)	/ (7)(5)
(17)	+ (9)(6)
(26)	v7
(28)	- (26)(17)
(38)	- (15)(28)
(18)	v7
(31)	/ (18)(27)
(34)	cos(31)
(39)	- (0)(34)
(40)	+ (39)(38)
(1)	14.460665802392455
(2)	tan(1)
(12)	cos(2)
(22)	* (15)(12)
(20)	* (4)(12)
(24)	- (20)(7)
(60)	+ (24)(22)
(63)	- (60)(40)
(71)	e(5)
(99)	* (63)(71)
(120)	* (99)(27)
(3)	* (2)(0)
(10)	3.159641898664127
(19)	v2
(21)	- (19)(10)
(25)	* (17)(21)
(68)	/ (25)(3)
(30)	cos(4)
(33)	e(30)
(58)	v15
(73)	/ (33)(58)
(36)	/ (18)(27)
(41)	cos(36)
(78)	cos(41)
(81)	/ (78)(73)
(126)	+ (81)(68)
(139)	- (126)(120)
