(1)	v23
(6)	7.675539153671032
(8)	+ (6)(1)
(16)	v25
(30)	/ (8)(16)
(47)	cos(30)
(50)	v21
(60)	sin(50)
(73)	- (60)(47)
(34)	13.077253436800156
(43)	tan(8)
(75)	- (43)(34)
(91)	/ (73)(75)
(15)	-9.606696531473439
(48)	cos(15)
(51)	e(48)
(13)	v15
(28)	v13
(37)	v17
(44)	+ (37)(28)
(71)	+ (44)(13)
(10)	2.8794765662133273
(0)	v9
(3)	v21
(25)	- (3)(0)
(39)	/ (25)(10)
(7)	sin(1)
(24)	v3
(27)	v10
(38)	- (27)(24)
(42)	- (38)(7)
(46)	- (42)(39)
(62)	cos(46)
(11)	v5
(81)	sin(11)
(86)	* (81)(62)
(89)	+ (71)(86)
(118)	* (51)(89)
(139)	+ (118)(91)
