(6)	v19
(20)	v5
(42)	- (6)(20)
(0)	-2.8818293439741396
(19)	+ (0)(0)
(27)	v15
(29)	+ (27)(19)
(45)	abs(29)
(57)	+ (45)(42)
(3)	v27
(7)	+ (0)(3)
(1)	v13
(4)	- (0)(1)
(5)	cos(4)
(10)	sin(5)
(21)	e(10)
(23)	* (21)(7)
(41)	cos(23)
(16)	8.849910144157825
(13)	2.5361531766915455
(15)	v17
(17)	* (13)(15)
(31)	- (16)(17)
(44)	v23
(48)	+ (44)(31)
(64)	+ (41)(48)
(81)	/ (57)(64)
(36)	cos(10)
(22)	v20
(46)	+ (7)(22)
(49)	-1.9587587772700665
(51)	/ (46)(49)
(63)	- (51)(36)
(2)	-17.47241917701327
(8)	e(3)
(30)	+ (2)(8)
(11)	+ (8)(3)
(33)	- (11)(16)
(66)	/ (30)(33)
(28)	-13.757248612896449
(34)	+ (1)(28)
(35)	- (0)(34)
(37)	v28
(71)	+ (37)(35)
(73)	cos(71)
(91)	/ (73)(66)
(99)	- (91)(63)
(139)	+ (81)(99)
