(23)	9.30380396844101
(17)	v5
(6)	v4
(8)	v25
(1)	v27
(2)	v20
(0)	16.91908093334473
(4)	tan(0)
(5)	+ (2)(4)
(10)	* (1)(5)
(11)	- (1)(4)
(13)	/ (10)(11)
(14)	+ (13)(8)
(16)	sin(2)
(18)	- (16)(14)
(21)	- (6)(18)
(25)	- (17)(21)
(34)	+ (23)(25)
(9)	-5.586884010324638
(7)	v17
(27)	abs(7)
(30)	- (27)(9)
(32)	1.9407902302680569
(36)	/ (32)(30)
(41)	* (34)(36)
(19)	v8
(29)	- (5)(14)
(52)	+ (19)(29)
(55)	/ (52)(41)
(12)	3.2278870625432603
(43)	v28
(31)	v7
(20)	v13
(38)	+ (12)(20)
(49)	- (38)(31)
(73)	- (49)(43)
(89)	/ (73)(12)
(139)	- (55)(89)
