(1)	v27
(15)	cos(1)
(25)	sin(15)
(4)	v20
(6)	+ (4)(1)
(0)	19.290085184348193
(2)	- (1)(0)
(7)	/ (0)(2)
(10)	tan(7)
(12)	v4
(20)	+ (10)(12)
(21)	e(20)
(23)	+ (21)(6)
(8)	v28
(18)	v8
(19)	+ (8)(18)
(26)	v13
(28)	- (26)(19)
(31)	- (23)(28)
(17)	v25
(22)	v7
(30)	- (17)(22)
(14)	3.5273507610326575
(11)	abs(10)
(13)	v2
(16)	+ (11)(13)
(35)	/ (16)(14)
(37)	e(35)
(39)	/ (30)(37)
(44)	- (31)(39)
(55)	- (25)(44)
(29)	+ (21)(0)
(5)	sin(4)
(34)	e(5)
(47)	- (29)(34)
(43)	cos(0)
(48)	-6.377081259298842
(99)	* (48)(43)
(107)	/ (99)(47)
(139)	* (55)(107)
