(1)	v27
(2)	v13
(3)	- (1)(2)
(8)	v28
(20)	v20
(26)	+ (8)(20)
(30)	+ (26)(3)
(0)	v24
(4)	v14
(7)	+ (4)(0)
(17)	-6.754330931469049
(43)	- (7)(17)
(6)	8.627313109951249
(10)	sin(6)
(11)	v11
(12)	+ (8)(11)
(22)	* (10)(12)
(50)	v19
(54)	- (22)(50)
(59)	/ (54)(43)
(13)	-4.840606730593656
(28)	+ (22)(13)
(64)	- (28)(10)
(24)	v4
(9)	* (3)(7)
(34)	- (28)(9)
(42)	- (34)(24)
(65)	cos(42)
(67)	+ (64)(65)
(52)	-7.847756315571811
(61)	+ (8)(52)
(44)	v1
(78)	- (26)(44)
(84)	+ (61)(78)
(89)	- (65)(84)
(95)	/ (67)(89)
(100)	+ (59)(95)
(133)	e(100)
(139)	* (133)(30)
