(0)	2.7731635230201235
(12)	-16.17565720364615
(17)	sin(12)
(18)	sin(17)
(3)	v13
(8)	v7
(10)	- (8)(3)
(7)	16.658973214932736
(2)	v28
(4)	cos(0)
(9)	/ (2)(4)
(20)	+ (9)(7)
(21)	/ (10)(20)
(43)	- (21)(18)
(15)	v20
(19)	v27
(23)	+ (19)(15)
(30)	v1
(45)	cos(30)
(56)	- (45)(23)
(24)	v8
(32)	v24
(33)	- (24)(32)
(41)	v6
(53)	+ (41)(32)
(62)	sin(53)
(63)	- (62)(33)
(70)	/ (63)(20)
(16)	- (8)(2)
(28)	+ (20)(16)
(31)	v8
(60)	v5
(65)	- (31)(60)
(66)	- (28)(65)
(79)	- (70)(0)
(81)	/ (66)(79)
(87)	- (70)(81)
(91)	+ (56)(87)
(130)	* (91)(43)
(139)	+ (0)(130)
