(61)	-0.5863418362661612
(78)	abs(61)
(21)	v17
(19)	19.035958297909602
(36)	cos(19)
(1)	-4.825445628499864
(2)	e(1)
(5)	sin(2)
(15)	v25
(8)	v28
(3)	v26
(6)	v13
(7)	+ (3)(6)
(24)	v19
(28)	- (7)(24)
(51)	- (28)(8)
(57)	+ (15)(51)
(70)	- (5)(57)
(72)	/ (70)(36)
(79)	+ (72)(21)
(26)	7.909441574265447
(16)	7.654291198148261
(18)	sin(7)
(20)	+ (18)(7)
(40)	/ (20)(16)
(45)	- (26)(40)
(4)	-13.074113045098358
(32)	+ (28)(4)
(75)	sin(32)
(83)	- (45)(75)
(92)	/ (79)(83)
(17)	v8
(14)	v1
(22)	v9
(23)	+ (14)(22)
(29)	v27
(30)	+ (29)(23)
(38)	+ (17)(30)
(93)	/ (38)(83)
(100)	+ (92)(93)
(139)	/ (100)(78)
