(6)	-2.8317023059328577
(18)	tan(6)
(27)	v6
(32)	v26
(1)	v8
(4)	-3.6430702918972813
(16)	/ (1)(4)
(47)	v15
(48)	- (16)(47)
(5)	v4
(7)	4.807774030528126
(14)	* (5)(7)
(0)	v13
(2)	tan(0)
(40)	-9.480621116698993
(41)	+ (2)(40)
(54)	/ (14)(41)
(86)	- (54)(48)
(95)	+ (86)(32)
(8)	v4
(15)	* (7)(8)
(20)	cos(15)
(22)	cos(20)
(24)	v22
(39)	* (22)(24)
(17)	- (8)(7)
(33)	/ (17)(22)
(12)	v23
(35)	/ (12)(7)
(36)	/ (33)(35)
(69)	sin(36)
(101)	cos(69)
(108)	/ (39)(101)
(118)	+ (95)(108)
(128)	+ (118)(27)
(139)	* (18)(128)
