(33)	v15
(62)	-3.137372192291693
(0)	v6
(3)	tan(0)
(13)	e(3)
(10)	v9
(15)	- (0)(10)
(29)	/ (13)(15)
(1)	v2
(8)	v20
(20)	* (8)(13)
(31)	cos(20)
(42)	/ (31)(1)
(57)	/ (42)(29)
(61)	tan(57)
(66)	abs(61)
(70)	- (66)(62)
(85)	/ (33)(70)
(46)	v26
(105)	/ (46)(70)
(107)	+ (85)(105)
(23)	-5.481843190927087
(30)	v10
(65)	cos(30)
(110)	/ (65)(23)
(37)	4.703335848870253
(12)	v7
(16)	+ (0)(12)
(2)	v18
(5)	cos(2)
(11)	v22
(38)	- (11)(5)
(40)	+ (38)(16)
(17)	v11
(41)	sin(17)
(72)	+ (41)(40)
(115)	/ (72)(37)
(121)	- (115)(110)
(139)	+ (107)(121)
