(120)	0.42056100939806385
(1)	v15
(12)	v26
(24)	+ (1)(12)
(6)	abs(1)
(13)	sin(6)
(16)	sin(13)
(28)	e(16)
(17)	v17
(20)	v7
(32)	- (20)(17)
(43)	/ (32)(28)
(50)	+ (43)(24)
(45)	-2.565078701261694
(14)	-7.439711001505799
(39)	v6
(41)	+ (39)(14)
(59)	cos(41)
(3)	v20
(5)	e(3)
(4)	v22
(9)	+ (4)(3)
(0)	-13.469533423212843
(11)	sin(0)
(22)	sin(11)
(23)	- (9)(22)
(34)	* (5)(23)
(36)	cos(34)
(2)	v13
(8)	v20
(26)	/ (14)(8)
(29)	sin(26)
(51)	- (29)(9)
(54)	+ (2)(51)
(74)	+ (54)(36)
(80)	- (74)(59)
(105)	/ (80)(45)
(136)	+ (105)(50)
(139)	* (136)(120)
