(14)	v26
(31)	v7
(10)	v15
(19)	+ (10)(14)
(8)	-4.549923669967528
(15)	* (8)(14)
(16)	v3
(0)	-7.160970223056893
(6)	v8
(7)	- (0)(6)
(17)	sin(7)
(23)	+ (17)(16)
(26)	+ (15)(23)
(34)	+ (26)(19)
(54)	3.1979386985855953
(43)	v6
(59)	cos(43)
(62)	- (59)(54)
(65)	/ (34)(62)
(91)	- (65)(31)
(18)	v23
(47)	* (18)(18)
(49)	- (47)(0)
(33)	abs(14)
(71)	+ (33)(59)
(75)	+ (49)(71)
(3)	v6
(2)	v13
(4)	tan(2)
(37)	- (4)(3)
(48)	sin(16)
(52)	- (33)(48)
(55)	+ (52)(37)
(70)	sin(55)
(95)	+ (70)(8)
(126)	/ (75)(95)
(127)	/ (91)(126)
(139)	+ (14)(127)
