(1)	v22
(10)	v26
(18)	+ (10)(1)
(7)	v6
(8)	8.402138493868762
(12)	/ (7)(8)
(15)	e(12)
(19)	e(15)
(30)	/ (18)(19)
(49)	v12
(22)	v2
(16)	v25
(35)	v15
(36)	- (16)(35)
(50)	- (36)(49)
(39)	-2.1495936586105344
(2)	/ (1)(1)
(3)	* (1)(2)
(20)	* (3)(16)
(44)	sin(20)
(45)	- (39)(44)
(51)	abs(45)
(59)	- (51)(50)
(64)	- (22)(59)
(85)	- (64)(49)
(26)	-12.295815641894027
(0)	v4
(27)	* (19)(0)
(48)	+ (18)(27)
(66)	- (48)(26)
(67)	v4
(70)	/ (67)(66)
(97)	- (12)(70)
(98)	* (85)(97)
(107)	- (30)(98)
(31)	0.4414479215028493
(101)	v15
(123)	* (31)(101)
(139)	+ (107)(123)
