(0)	v7
(4)	v3
(5)	sin(4)
(16)	v5
(21)	+ (5)(16)
(27)	+ (0)(21)
(7)	abs(0)
(8)	v17
(10)	/ (7)(8)
(48)	cos(10)
(1)	v20
(2)	abs(1)
(6)	abs(2)
(26)	-5.621996358297071
(31)	- (6)(26)
(13)	cos(10)
(20)	abs(13)
(37)	tan(20)
(43)	+ (37)(31)
(47)	cos(4)
(55)	- (47)(43)
(56)	- (48)(55)
(51)	0.588570105315398
(64)	sin(5)
(89)	+ (51)(64)
(60)	19.669542576825386
(18)	tan(16)
(46)	sin(18)
(11)	tan(10)
(32)	11.007823882345185
(85)	/ (11)(32)
(87)	- (85)(46)
(90)	- (60)(87)
(99)	- (90)(89)
(109)	/ (56)(99)
(139)	* (109)(27)
