(60)	0.4291030390116646
(1)	v10
(12)	14.894187940859311
(14)	/ (12)(1)
(20)	tan(14)
(25)	v1
(28)	tan(25)
(29)	+ (28)(20)
(8)	v13
(17)	tan(8)
(6)	11.34254772363699
(15)	abs(6)
(22)	e(15)
(30)	- (12)(22)
(34)	+ (30)(17)
(38)	v9
(0)	3.279840069638361
(7)	e(0)
(2)	tan(1)
(3)	v19
(9)	- (8)(3)
(27)	+ (9)(2)
(36)	tan(25)
(53)	- (27)(36)
(58)	- (7)(53)
(65)	/ (58)(38)
(74)	/ (34)(65)
(75)	/ (29)(74)
(79)	+ (60)(75)
(5)	v15
(10)	/ (9)(0)
(11)	+ (10)(5)
(26)	tan(6)
(42)	v27
(45)	/ (42)(26)
(63)	- (45)(25)
(126)	- (11)(63)
(139)	* (79)(126)
