(33)	-3.0588267008097887
(41)	v16
(42)	+ (33)(41)
(20)	v17
(7)	6.765418955242598
(6)	v14
(10)	2.3619186500054496
(12)	* (6)(10)
(17)	sin(12)
(22)	- (7)(17)
(44)	+ (22)(20)
(27)	v15
(1)	v21
(2)	v27
(0)	-10.125860155987496
(3)	+ (0)(1)
(5)	- (2)(3)
(8)	+ (1)(5)
(9)	cos(7)
(13)	- (8)(9)
(14)	cos(13)
(18)	v2
(26)	v23
(30)	- (26)(18)
(40)	* (14)(30)
(46)	- (40)(27)
(50)	e(46)
(53)	/ (50)(44)
(54)	* (42)(53)
(55)	e(54)
(25)	4.769281916770957
(31)	/ (27)(25)
(60)	e(31)
(65)	+ (55)(60)
(4)	v1
(16)	5.184213975795441
(19)	- (16)(4)
(28)	v17
(32)	+ (28)(5)
(34)	/ (33)(32)
(103)	* (34)(19)
(139)	+ (65)(103)
