(3)	v17
(2)	v15
(20)	v1
(23)	+ (2)(20)
(33)	+ (23)(3)
(6)	1.3042765662573075
(39)	v21
(55)	/ (39)(33)
(8)	v17
(9)	abs(8)
(14)	v24
(27)	+ (9)(14)
(31)	v16
(35)	- (31)(27)
(18)	v27
(7)	v26
(17)	cos(7)
(16)	v9
(10)	v11
(11)	sin(10)
(30)	sin(11)
(36)	+ (16)(30)
(37)	- (17)(36)
(45)	+ (37)(18)
(54)	+ (45)(35)
(64)	/ (54)(33)
(71)	- (55)(64)
(80)	+ (6)(71)
(98)	4.773858154828446
(105)	- (98)(80)
(97)	- (8)(39)
(13)	v8
(42)	cos(13)
(108)	9.501777257598324
(111)	- (108)(42)
(115)	+ (111)(97)
(116)	/ (105)(115)
(139)	* (33)(116)
