(4)	v5
(5)	-0.7121896597875406
(6)	* (5)(4)
(9)	cos(6)
(19)	v21
(17)	+ (9)(4)
(23)	sin(17)
(26)	cos(23)
(1)	v23
(22)	v20
(28)	* (22)(1)
(30)	- (26)(28)
(32)	cos(30)
(35)	* (19)(32)
(36)	abs(35)
(39)	* (36)(9)
(47)	-5.393504827385133
(49)	+ (47)(39)
(12)	17.938837417548392
(33)	+ (12)(28)
(11)	v0
(51)	v19
(54)	* (51)(51)
(62)	- (11)(54)
(72)	e(62)
(74)	- (33)(72)
(111)	/ (74)(49)
(123)	abs(111)
(25)	-8.34693259794471
(16)	v15
(52)	- (6)(16)
(56)	/ (52)(25)
(24)	6.467294485233385
(0)	v3
(48)	* (0)(1)
(57)	+ (24)(48)
(13)	v22
(14)	2.444944926051427
(20)	/ (11)(14)
(53)	- (13)(20)
(73)	sin(53)
(129)	/ (73)(57)
(133)	+ (129)(56)
(139)	* (133)(123)
