(5)	2.6774580480589876
(40)	abs(5)
(51)	v22
(72)	/ (51)(40)
(54)	-6.25818372898426
(1)	v15
(2)	v24
(3)	- (2)(1)
(4)	cos(3)
(47)	sin(4)
(60)	e(47)
(61)	cos(60)
(62)	+ (54)(61)
(8)	v5
(6)	0.42219846904218983
(10)	- (4)(8)
(13)	abs(10)
(19)	+ (6)(13)
(35)	/ (8)(19)
(21)	v21
(23)	abs(21)
(15)	v0
(16)	sin(15)
(7)	sin(3)
(11)	/ (7)(3)
(28)	+ (13)(11)
(34)	- (28)(16)
(36)	+ (23)(34)
(59)	* (36)(35)
(66)	v19
(67)	+ (66)(59)
(26)	v2
(31)	+ (1)(1)
(69)	- (31)(26)
(70)	+ (69)(67)
(80)	/ (70)(62)
(139)	- (72)(80)
