(2)	4.470102539449169
(4)	cos(2)
(0)	v17
(6)	+ (0)(0)
(9)	cos(6)
(15)	v5
(17)	- (9)(15)
(22)	v9
(23)	- (17)(22)
(24)	* (4)(23)
(46)	12.601003720233209
(77)	tan(46)
(20)	v8
(25)	- (20)(24)
(14)	v27
(1)	v22
(10)	+ (1)(9)
(27)	+ (10)(15)
(30)	+ (14)(27)
(31)	- (30)(25)
(49)	5.671873866241324
(50)	* (31)(49)
(21)	v21
(32)	* (21)(2)
(11)	v12
(33)	+ (11)(15)
(36)	- (33)(32)
(8)	v24
(3)	tan(2)
(35)	v28
(44)	sin(35)
(51)	+ (44)(3)
(53)	* (51)(8)
(58)	- (53)(36)
(79)	+ (58)(50)
(84)	* (77)(79)
(139)	+ (84)(24)
