(2)	v23
(3)	1.7802687820601335
(6)	v12
(8)	- (3)(6)
(9)	/ (2)(8)
(12)	abs(9)
(13)	-14.65488520612614
(24)	- (13)(12)
(19)	v26
(1)	v9
(14)	v22
(17)	+ (14)(1)
(20)	/ (8)(17)
(25)	+ (19)(20)
(29)	+ (25)(24)
(30)	+ (8)(2)
(43)	+ (30)(24)
(48)	+ (29)(43)
(10)	-7.36740688456409
(18)	e(10)
(0)	18.03506730889459
(4)	abs(2)
(7)	- (4)(0)
(11)	* (7)(6)
(15)	v5
(21)	* (13)(3)
(22)	* (21)(15)
(26)	- (22)(11)
(39)	- (26)(18)
(50)	* (18)(39)
(60)	* (50)(48)
(36)	-5.064719116068158
(23)	v24
(16)	v27
(31)	v28
(35)	+ (16)(31)
(37)	+ (35)(17)
(121)	+ (23)(37)
(137)	/ (121)(36)
(139)	- (60)(137)
