(89)	0.3577695474444944
(48)	-1.9229256065236342
(4)	v1
(19)	sin(4)
(42)	v22
(43)	+ (42)(19)
(3)	v10
(0)	v4
(7)	v15
(9)	* (0)(7)
(10)	-19.918249963980447
(14)	sin(10)
(20)	- (9)(14)
(25)	sin(20)
(33)	+ (3)(25)
(47)	abs(33)
(63)	+ (47)(43)
(8)	3.788646655784632
(21)	v9
(23)	+ (14)(21)
(29)	+ (14)(23)
(57)	+ (8)(29)
(67)	sin(57)
(76)	+ (67)(63)
(82)	/ (76)(48)
(6)	v5
(1)	-3.217232762299492
(2)	- (0)(1)
(11)	sin(2)
(15)	cos(11)
(28)	- (6)(15)
(36)	/ (7)(2)
(40)	/ (36)(15)
(52)	+ (40)(28)
(93)	- (23)(14)
(106)	+ (93)(52)
(125)	- (106)(82)
(139)	* (125)(89)
