(0)	v9
(4)	-2.749586572867937
(3)	v20
(5)	abs(3)
(7)	- (5)(3)
(10)	- (4)(7)
(16)	* (10)(0)
(19)	v21
(27)	- (16)(19)
(9)	-5.129606753468092
(21)	v5
(11)	tan(10)
(14)	cos(11)
(20)	- (10)(5)
(24)	- (20)(14)
(26)	- (24)(21)
(28)	+ (26)(9)
(40)	/ (27)(28)
(15)	v15
(12)	v14
(22)	- (12)(21)
(30)	tan(22)
(37)	cos(30)
(45)	+ (22)(11)
(47)	+ (45)(37)
(49)	+ (47)(15)
(80)	sin(49)
(81)	+ (20)(80)
(1)	v22
(2)	+ (1)(1)
(13)	v15
(17)	- (2)(13)
(18)	/ (17)(10)
(44)	- (18)(12)
(23)	- (22)(15)
(58)	sin(3)
(79)	- (23)(58)
(85)	+ (44)(79)
(105)	/ (85)(81)
(139)	+ (40)(105)
