(22)	v15
(3)	v5
(0)	-3.56542114134756
(1)	v19
(2)	- (1)(0)
(4)	v9
(5)	/ (4)(4)
(6)	- (1)(5)
(9)	v10
(10)	- (6)(9)
(12)	* (5)(10)
(13)	/ (12)(0)
(16)	+ (13)(4)
(17)	- (2)(16)
(19)	abs(17)
(35)	- (3)(19)
(18)	v4
(27)	+ (3)(18)
(37)	e(27)
(49)	- (37)(35)
(54)	/ (22)(49)
(20)	- (1)(10)
(52)	v20
(82)	+ (20)(52)
(88)	cos(82)
(57)	-4.467998890775116
(24)	v27
(29)	cos(24)
(31)	+ (1)(29)
(68)	v9
(69)	- (31)(68)
(94)	+ (57)(69)
(100)	/ (88)(94)
(15)	v22
(21)	+ (16)(3)
(42)	+ (21)(15)
(23)	-3.426139974493978
(26)	abs(23)
(75)	sin(26)
(116)	* (75)(42)
(138)	- (100)(116)
(139)	+ (138)(54)
