(15)	0.2793621693212103
(16)	sin(15)
(62)	sin(16)
(26)	v5
(0)	v15
(21)	sin(0)
(18)	-1.1364966174618587
(2)	v21
(20)	sin(2)
(23)	- (20)(18)
(32)	v11
(35)	cos(32)
(47)	- (35)(23)
(48)	- (47)(21)
(11)	-6.542789920138015
(1)	v13
(3)	v0
(7)	* (1)(3)
(8)	sin(7)
(5)	7.627942631709352
(17)	v14
(19)	- (17)(5)
(33)	- (19)(8)
(57)	v24
(61)	- (57)(33)
(71)	/ (61)(11)
(92)	- (48)(71)
(100)	- (26)(92)
(10)	v22
(53)	v9
(56)	cos(53)
(72)	+ (53)(56)
(4)	+ (2)(2)
(12)	e(4)
(22)	- (12)(10)
(24)	cos(22)
(38)	abs(24)
(82)	cos(38)
(84)	* (71)(82)
(88)	/ (72)(84)
(101)	- (10)(88)
(135)	+ (100)(101)
(139)	* (135)(62)
