(57)	1.1001061282687346
(19)	v22
(11)	-3.6185868044632343
(5)	v9
(13)	e(5)
(18)	/ (5)(13)
(24)	+ (11)(18)
(0)	-5.4983008404053955
(1)	v15
(3)	- (1)(0)
(4)	cos(3)
(17)	- (4)(13)
(29)	sin(17)
(34)	- (24)(29)
(36)	/ (19)(34)
(8)	2.8967870294644555
(2)	v5
(25)	-16.22212926661554
(33)	+ (25)(2)
(42)	- (17)(8)
(6)	sin(1)
(7)	v9
(12)	+ (7)(6)
(23)	* (11)(12)
(45)	+ (23)(29)
(50)	/ (45)(42)
(31)	v21
(16)	abs(11)
(32)	tan(16)
(40)	* (32)(31)
(51)	- (25)(40)
(54)	- (50)(51)
(60)	+ (54)(33)
(71)	/ (60)(8)
(72)	- (71)(36)
(139)	/ (72)(57)
