(91)	4.740649883673473
(2)	v4
(45)	v22
(57)	+ (45)(2)
(0)	v13
(3)	* (2)(0)
(11)	sin(3)
(13)	v15
(17)	sin(13)
(19)	+ (17)(11)
(4)	0.4545893583962233
(10)	cos(4)
(1)	v9
(18)	v5
(20)	+ (18)(1)
(40)	/ (20)(10)
(85)	+ (19)(40)
(9)	cos(2)
(5)	-3.45124940017584
(16)	- (5)(3)
(21)	abs(16)
(35)	- (9)(21)
(8)	v28
(29)	- (9)(16)
(33)	- (8)(29)
(41)	v19
(15)	v9
(23)	v22
(47)	sin(23)
(49)	- (47)(15)
(62)	+ (49)(41)
(70)	- (33)(62)
(97)	/ (35)(70)
(103)	abs(97)
(104)	/ (85)(103)
(137)	+ (104)(57)
(139)	/ (137)(91)
