(9)	-3.580943003611491
(8)	v22
(11)	e(8)
(13)	e(11)
(17)	/ (9)(13)
(25)	v5
(32)	v9
(33)	+ (32)(25)
(40)	+ (17)(33)
(41)	-3.1762864698352047
(56)	/ (40)(41)
(2)	-0.9848697572540708
(27)	e(2)
(0)	v15
(1)	v19
(5)	v4
(16)	+ (1)(5)
(21)	cos(16)
(28)	- (0)(21)
(46)	e(28)
(62)	+ (27)(46)
(3)	8.154808109365476
(4)	-1.4558436463394209
(7)	- (4)(3)
(6)	v10
(12)	abs(0)
(18)	- (6)(12)
(19)	+ (9)(18)
(23)	- (19)(7)
(24)	8.976697732196168
(36)	/ (24)(23)
(44)	abs(32)
(45)	cos(44)
(67)	- (45)(36)
(79)	/ (67)(62)
(95)	e(79)
(139)	- (95)(56)
