(5)	-13.207309312231121
(20)	sin(5)
(16)	v19
(17)	v27
(25)	+ (17)(16)
(48)	* (25)(20)
(0)	1.9241476590449693
(11)	v8
(15)	/ (11)(0)
(38)	+ (15)(25)
(6)	14.187195151161404
(2)	3.607340771465676
(19)	+ (16)(2)
(23)	/ (6)(19)
(32)	v18
(37)	sin(32)
(42)	/ (37)(23)
(18)	abs(11)
(3)	v26
(29)	+ (20)(3)
(52)	- (29)(18)
(59)	* (42)(52)
(8)	v5
(9)	v0
(10)	- (9)(8)
(14)	v15
(30)	- (10)(14)
(75)	v3
(33)	v9
(44)	+ (29)(33)
(62)	cos(44)
(72)	+ (62)(8)
(77)	- (19)(72)
(81)	+ (75)(77)
(88)	/ (30)(81)
(95)	+ (59)(88)
(135)	+ (38)(95)
(139)	+ (48)(135)
