(21)	v5
(5)	3.3574985606659453
(2)	v14
(17)	-3.5020858945411284
(8)	v18
(10)	+ (8)(2)
(24)	abs(10)
(30)	- (24)(17)
(35)	/ (2)(30)
(41)	+ (5)(35)
(60)	/ (21)(41)
(11)	v28
(12)	- (11)(8)
(19)	v15
(31)	+ (19)(12)
(16)	-1.1330818654370631
(18)	v18
(25)	v27
(36)	- (25)(18)
(38)	/ (36)(16)
(44)	cos(38)
(0)	-0.6139231760997816
(3)	/ (2)(0)
(6)	v19
(15)	- (11)(6)
(34)	+ (3)(15)
(39)	+ (19)(34)
(9)	v6
(47)	sin(9)
(54)	+ (39)(47)
(56)	* (54)(44)
(61)	+ (56)(31)
(64)	/ (61)(30)
(95)	sin(64)
(99)	+ (60)(95)
(49)	v0
(20)	* (0)(17)
(32)	abs(20)
(28)	v11
(37)	abs(28)
(75)	+ (32)(37)
(82)	/ (49)(75)
(1)	v20
(23)	v12
(29)	+ (1)(23)
(55)	- (29)(38)
(85)	/ (55)(20)
(102)	+ (82)(85)
(139)	- (102)(99)
