(8)	-1.5798600879621674
(12)	* (8)(8)
(20)	v5
(39)	/ (20)(12)
(15)	-0.37684401399436496
(6)	v20
(7)	v15
(11)	- (7)(6)
(25)	v27
(26)	- (11)(25)
(44)	* (15)(26)
(4)	v28
(9)	/ (6)(4)
(21)	sin(9)
(43)	12.36265863413486
(50)	/ (21)(43)
(69)	- (44)(50)
(16)	v12
(1)	2.199739654249541
(3)	sin(1)
(22)	* (4)(3)
(32)	- (16)(22)
(0)	v26
(2)	v19
(10)	- (4)(2)
(23)	cos(10)
(24)	* (0)(23)
(34)	/ (24)(1)
(37)	+ (32)(34)
(19)	v0
(28)	v19
(41)	/ (28)(8)
(47)	- (19)(41)
(51)	+ (47)(37)
(72)	* (51)(15)
(81)	- (69)(72)
(139)	- (81)(39)
