(6)	12.937311903063062
(46)	sin(6)
(20)	4.643187052816842
(22)	v0
(44)	/ (22)(20)
(38)	v8
(48)	v20
(1)	19.93563251168124
(2)	/ (1)(1)
(52)	tan(2)
(59)	/ (48)(52)
(69)	+ (59)(38)
(0)	v19
(15)	v15
(23)	v24
(18)	v12
(27)	sin(18)
(35)	- (27)(23)
(40)	- (35)(15)
(61)	+ (40)(0)
(21)	v9
(25)	v28
(26)	sin(25)
(43)	- (26)(21)
(3)	/ (0)(0)
(9)	+ (2)(3)
(17)	sin(3)
(45)	- (17)(9)
(50)	/ (43)(45)
(51)	+ (50)(22)
(31)	v5
(14)	-3.5278807538145713
(60)	sin(23)
(62)	/ (60)(14)
(65)	+ (31)(62)
(82)	- (51)(65)
(95)	+ (61)(82)
(105)	+ (69)(95)
(133)	+ (105)(44)
(139)	* (46)(133)
