(38)	v12
(10)	v26
(11)	sin(10)
(0)	v24
(3)	v28
(4)	+ (3)(0)
(5)	+ (4)(0)
(2)	v0
(6)	3.412160680667263
(7)	* (2)(6)
(15)	v8
(26)	+ (7)(15)
(34)	- (26)(5)
(32)	cos(4)
(36)	- (32)(6)
(37)	/ (34)(36)
(48)	- (37)(11)
(50)	- (38)(48)
(64)	2.1928242634473847
(93)	/ (50)(64)
(21)	v20
(45)	/ (21)(6)
(49)	cos(10)
(95)	e(49)
(79)	-6.584254062346293
(19)	v6
(28)	v7
(43)	/ (28)(19)
(86)	cos(43)
(94)	+ (79)(86)
(13)	v15
(14)	v19
(35)	v5
(39)	- (14)(35)
(81)	- (39)(13)
(103)	- (11)(81)
(104)	/ (94)(103)
(116)	/ (95)(104)
(119)	+ (45)(116)
(139)	+ (93)(119)
