(54)	3.098931264273496
(10)	v11
(13)	-5.46380610764607
(28)	+ (13)(10)
(7)	v28
(8)	sin(7)
(57)	sin(8)
(63)	/ (57)(28)
(79)	e(63)
(80)	/ (79)(54)
(40)	v0
(43)	v12
(45)	+ (40)(43)
(12)	v15
(36)	v20
(16)	v27
(1)	v19
(2)	0.36767237585079826
(3)	+ (2)(1)
(4)	+ (1)(3)
(5)	v26
(6)	+ (5)(4)
(11)	v21
(18)	- (6)(11)
(9)	-5.887696145595299
(17)	-1.2479812145275524
(25)	v5
(30)	- (17)(25)
(41)	/ (9)(30)
(59)	/ (18)(41)
(60)	+ (16)(59)
(69)	+ (60)(36)
(75)	- (12)(69)
(76)	- (45)(75)
(66)	16.974748894450343
(73)	sin(66)
(0)	-2.0163790457935065
(26)	/ (6)(0)
(48)	+ (7)(26)
(55)	sin(48)
(82)	v5
(86)	+ (82)(55)
(105)	/ (86)(73)
(111)	+ (76)(105)
(139)	* (111)(80)
