(26)	3.5842644752589905
(31)	v22
(40)	/ (31)(26)
(27)	v7
(12)	v1
(3)	v28
(20)	cos(3)
(21)	+ (12)(20)
(13)	v5
(25)	v20
(35)	+ (13)(25)
(22)	v16
(0)	v19
(28)	v15
(33)	+ (28)(0)
(37)	+ (22)(33)
(30)	v27
(44)	abs(30)
(47)	- (44)(37)
(52)	- (47)(35)
(64)	- (52)(21)
(68)	- (27)(64)
(1)	2.9489091127322418
(8)	abs(1)
(32)	+ (22)(27)
(62)	- (35)(32)
(80)	- (62)(32)
(17)	v11
(34)	cos(17)
(7)	v22
(19)	0.40784790861469844
(38)	+ (7)(19)
(41)	sin(38)
(42)	cos(41)
(57)	/ (34)(42)
(4)	-15.237051755616523
(59)	v18
(71)	- (59)(4)
(82)	+ (57)(71)
(93)	+ (80)(82)
(104)	/ (93)(8)
(117)	/ (68)(104)
(139)	+ (40)(117)
