(11)	v27
(4)	v4
(0)	v28
(1)	v20
(2)	+ (0)(1)
(6)	-1.1882110880007986
(8)	/ (2)(6)
(25)	+ (8)(4)
(42)	- (25)(11)
(7)	4.820136428111354
(16)	v10
(12)	v20
(13)	abs(12)
(17)	sin(1)
(18)	+ (13)(17)
(26)	+ (18)(16)
(27)	cos(26)
(39)	/ (27)(7)
(45)	e(39)
(53)	v7
(59)	v6
(66)	+ (53)(59)
(80)	/ (66)(45)
(96)	- (80)(42)
(44)	3.604585313045561
(15)	v8
(21)	sin(15)
(51)	abs(21)
(24)	abs(6)
(28)	v22
(36)	+ (24)(28)
(37)	sin(27)
(55)	+ (36)(37)
(60)	+ (51)(55)
(87)	9.840026888262571
(93)	+ (87)(60)
(118)	/ (44)(93)
(139)	* (118)(96)
