(11)	v1
(0)	-8.419010633125247
(1)	-3.0793671210145774
(2)	/ (0)(1)
(8)	/ (2)(0)
(4)	v10
(10)	abs(4)
(13)	+ (10)(8)
(18)	- (11)(13)
(21)	+ (2)(10)
(22)	/ (18)(21)
(3)	v5
(5)	v28
(7)	+ (3)(5)
(16)	v6
(43)	e(16)
(46)	sin(43)
(44)	v5
(52)	sin(44)
(63)	* (46)(52)
(79)	cos(63)
(95)	e(79)
(37)	-9.814819937951643
(65)	/ (21)(37)
(24)	v15
(32)	3.1350246105881396
(17)	v13
(35)	sin(17)
(50)	* (35)(32)
(51)	- (24)(50)
(25)	* (1)(8)
(64)	e(25)
(87)	/ (64)(51)
(92)	sin(87)
(97)	- (92)(65)
(100)	+ (95)(97)
(130)	/ (7)(100)
(139)	+ (22)(130)
