(6)	11.012957287770803
(7)	v20
(8)	- (6)(7)
(11)	0.9564919649079968
(16)	e(11)
(17)	+ (16)(8)
(33)	sin(17)
(14)	v28
(15)	v15
(22)	v1
(24)	- (22)(15)
(12)	v10
(19)	abs(12)
(21)	cos(19)
(30)	-0.11452349400260076
(46)	+ (21)(30)
(50)	+ (46)(24)
(61)	+ (14)(50)
(63)	- (33)(61)
(4)	v3
(31)	/ (24)(30)
(37)	/ (31)(4)
(42)	v5
(53)	- (37)(42)
(32)	v21
(66)	+ (32)(37)
(93)	- (66)(53)
(95)	- (93)(63)
(9)	8.894606597267732
(18)	sin(9)
(1)	-3.5760380629548365
(10)	/ (4)(1)
(26)	tan(10)
(39)	- (8)(26)
(52)	cos(39)
(75)	cos(52)
(2)	v8
(3)	cos(2)
(49)	-13.686072076750806
(58)	- (3)(49)
(59)	v19
(70)	+ (59)(58)
(71)	sin(70)
(100)	cos(71)
(115)	+ (100)(75)
(136)	/ (18)(115)
(139)	* (136)(95)
