(5)	v19
(6)	-4.726868243413641
(9)	+ (6)(5)
(8)	-13.041990763515194
(27)	tan(8)
(33)	- (9)(27)
(1)	v11
(20)	v1
(28)	+ (20)(6)
(40)	-2.4874251714739195
(41)	+ (40)(28)
(53)	+ (41)(1)
(58)	/ (33)(53)
(7)	-4.512335415381376
(21)	abs(7)
(2)	v28
(13)	v22
(16)	+ (13)(2)
(11)	v10
(24)	abs(11)
(26)	- (16)(24)
(39)	/ (26)(21)
(3)	v13
(32)	18.851056445879962
(36)	+ (32)(3)
(37)	/ (36)(28)
(55)	cos(37)
(0)	12.425019836133828
(10)	- (0)(9)
(59)	sin(10)
(70)	cos(59)
(71)	v5
(76)	- (70)(71)
(86)	- (55)(76)
(92)	/ (86)(40)
(104)	- (39)(92)
(139)	+ (104)(58)
