(19)	v21
(28)	v28
(53)	+ (19)(28)
(9)	v5
(3)	v10
(5)	abs(3)
(12)	v1
(26)	- (5)(12)
(30)	- (26)(9)
(0)	v11
(1)	v15
(2)	cos(1)
(4)	+ (2)(0)
(18)	sin(4)
(31)	sin(30)
(38)	- (18)(31)
(65)	- (30)(38)
(15)	-8.51045666323731
(23)	cos(4)
(14)	tan(2)
(17)	v17
(21)	-2.4882926882509295
(42)	- (17)(21)
(47)	+ (42)(14)
(51)	- (47)(23)
(68)	+ (51)(15)
(7)	v19
(11)	e(7)
(39)	v4
(54)	- (11)(39)
(55)	cos(54)
(63)	-4.469305747762515
(74)	- (55)(63)
(87)	/ (74)(68)
(98)	* (87)(65)
(124)	+ (53)(98)
(83)	1.2915834237038801
(133)	cos(83)
(139)	* (124)(133)
