(8)	v10
(12)	abs(8)
(1)	-1.3937295145910191
(2)	v28
(6)	v19
(9)	- (2)(6)
(15)	/ (9)(1)
(17)	+ (12)(15)
(0)	v8
(20)	cos(0)
(23)	+ (20)(17)
(33)	abs(23)
(34)	v3
(35)	- (33)(34)
(48)	-5.169908754073052
(49)	- (35)(48)
(32)	v1
(22)	v15
(16)	e(8)
(19)	tan(16)
(24)	sin(19)
(29)	+ (24)(22)
(39)	sin(29)
(43)	/ (39)(29)
(54)	+ (32)(43)
(60)	/ (54)(49)
(55)	0.0960659803591497
(26)	v22
(4)	v5
(37)	- (4)(23)
(58)	+ (37)(26)
(72)	* (55)(58)
(78)	+ (60)(72)
(36)	2.1588859510947636
(14)	sin(6)
(97)	cos(14)
(121)	+ (97)(36)
(139)	* (121)(78)
