(14)	v10
(23)	cos(14)
(19)	v21
(27)	v28
(32)	+ (19)(27)
(34)	+ (32)(23)
(30)	4.235410250183435
(25)	v5
(33)	+ (23)(25)
(36)	- (33)(30)
(40)	/ (34)(36)
(1)	v20
(2)	sin(1)
(4)	sin(2)
(0)	v17
(3)	/ (1)(1)
(8)	+ (3)(0)
(9)	- (4)(8)
(6)	* (2)(2)
(11)	-3.594242927123929
(15)	- (6)(11)
(22)	/ (9)(15)
(7)	v19
(13)	- (7)(11)
(17)	+ (6)(13)
(26)	/ (25)(17)
(41)	+ (26)(22)
(42)	- (41)(40)
(43)	v1
(20)	sin(4)
(24)	- (20)(13)
(5)	tan(2)
(28)	cos(1)
(53)	- (5)(28)
(72)	+ (24)(53)
(88)	/ (43)(72)
(139)	- (42)(88)
