(3)	v25
(6)	-4.964957423275159
(7)	* (6)(3)
(15)	-9.03251988441637
(18)	/ (7)(15)
(9)	-4.0713169262924875
(0)	v0
(12)	- (0)(3)
(26)	sin(12)
(38)	tan(26)
(79)	+ (9)(38)
(84)	+ (79)(18)
(16)	-2.8156222516860616
(1)	v18
(2)	/ (1)(0)
(5)	* (2)(0)
(8)	sin(5)
(29)	v0
(36)	+ (2)(29)
(64)	cos(36)
(67)	* (64)(8)
(87)	+ (16)(67)
(98)	abs(87)
(42)	v6
(52)	abs(42)
(56)	cos(52)
(60)	6.8524063006800695
(62)	- (56)(60)
(10)	v1
(14)	+ (8)(8)
(53)	* (10)(14)
(59)	v7
(19)	tan(15)
(23)	- (19)(16)
(21)	cos(12)
(27)	cos(21)
(28)	- (14)(27)
(30)	sin(28)
(20)	v24
(41)	sin(20)
(45)	- (41)(18)
(55)	+ (45)(30)
(68)	- (55)(29)
(71)	* (23)(68)
(101)	- (59)(71)
(110)	+ (101)(53)
(117)	/ (110)(62)
(120)	/ (98)(117)
(139)	/ (84)(120)
