(4)	4.3610239359729555
(14)	v18
(15)	+ (4)(14)
(22)	- (4)(15)
(25)	v26
(26)	- (15)(25)
(69)	/ (26)(15)
(110)	sin(69)
(90)	sin(14)
(16)	v25
(59)	-18.391609967045977
(92)	- (16)(59)
(96)	/ (90)(92)
(19)	* (14)(4)
(29)	- (16)(19)
(1)	v24
(20)	tan(1)
(27)	sin(20)
(8)	v12
(10)	e(8)
(30)	sin(10)
(33)	- (30)(27)
(37)	+ (33)(29)
(7)	v8
(18)	- (7)(14)
(38)	v0
(42)	+ (38)(18)
(57)	+ (42)(37)
(0)	1.52276105696561
(6)	abs(1)
(91)	+ (0)(6)
(100)	/ (91)(57)
(120)	- (100)(96)
(128)	/ (110)(120)
(139)	- (128)(22)
