(18)	3.377666572427028
(17)	v16
(19)	-6.502608250594113
(24)	+ (17)(19)
(41)	10.764586180823429
(44)	v3
(60)	- (41)(44)
(69)	/ (60)(24)
(79)	/ (18)(69)
(40)	v18
(43)	sin(40)
(84)	e(43)
(12)	-5.166102647480727
(34)	-1.6879102231614809
(14)	v8
(0)	v17
(7)	v12
(8)	- (0)(7)
(48)	abs(8)
(50)	- (48)(14)
(53)	- (50)(34)
(10)	-5.16434298250152
(1)	-5.448806790853165
(3)	e(1)
(13)	+ (3)(12)
(16)	+ (7)(13)
(20)	+ (10)(16)
(15)	v19
(22)	v8
(23)	+ (15)(22)
(26)	- (20)(23)
(2)	v9
(4)	v1
(5)	* (4)(2)
(11)	cos(1)
(29)	* (5)(11)
(31)	+ (13)(29)
(56)	- (26)(31)
(57)	/ (53)(56)
(78)	e(57)
(94)	* (78)(12)
(138)	+ (84)(94)
(139)	- (79)(138)
