(2)	9.131572294987652
(5)	sin(2)
(7)	v23
(9)	* (5)(7)
(11)	sin(9)
(13)	v8
(25)	+ (13)(11)
(32)	v18
(44)	+ (32)(25)
(1)	v12
(6)	cos(1)
(16)	- (6)(2)
(12)	v2
(18)	abs(12)
(20)	- (18)(16)
(0)	v19
(23)	+ (6)(0)
(29)	/ (23)(20)
(36)	v18
(65)	- (29)(36)
(15)	v28
(37)	5.969569899667771
(47)	/ (15)(37)
(85)	e(47)
(4)	16.483721780087393
(14)	+ (4)(6)
(17)	tan(16)
(22)	/ (17)(14)
(26)	14.142555729893196
(34)	abs(32)
(46)	- (26)(34)
(49)	+ (46)(22)
(56)	- (49)(14)
(3)	v9
(8)	v22
(10)	+ (8)(3)
(30)	8.930093441408854
(59)	- (30)(10)
(61)	* (32)(3)
(83)	+ (61)(59)
(110)	/ (56)(83)
(118)	/ (110)(85)
(120)	/ (65)(118)
(139)	- (44)(120)
