(5)	v17
(10)	v19
(4)	-5.918772164137165
(0)	v25
(7)	- (0)(5)
(8)	v27
(9)	+ (8)(7)
(17)	- (4)(9)
(18)	+ (17)(10)
(6)	v6
(13)	cos(6)
(25)	tan(13)
(27)	- (6)(25)
(30)	+ (27)(9)
(73)	/ (30)(18)
(76)	- (5)(73)
(35)	5.032754429552387
(12)	sin(8)
(1)	12.080557631175076
(15)	* (1)(10)
(16)	- (15)(4)
(19)	/ (4)(16)
(20)	+ (19)(12)
(22)	sin(20)
(45)	cos(22)
(14)	- (4)(7)
(21)	abs(14)
(24)	cos(21)
(32)	-0.763794258257839
(38)	v19
(40)	/ (38)(32)
(55)	+ (40)(24)
(68)	/ (55)(45)
(98)	/ (68)(35)
(139)	+ (98)(76)
