(1)	v26
(8)	e(1)
(7)	v25
(13)	v17
(16)	- (13)(7)
(30)	* (16)(8)
(12)	v4
(18)	sin(12)
(21)	17.735382116394504
(28)	- (21)(18)
(41)	cos(28)
(43)	cos(41)
(56)	+ (43)(8)
(65)	/ (30)(56)
(0)	v6
(2)	abs(0)
(5)	sin(2)
(4)	v19
(9)	- (0)(4)
(10)	+ (9)(5)
(6)	9.736909054567434
(17)	+ (6)(10)
(20)	+ (17)(9)
(23)	+ (20)(10)
(29)	/ (28)(23)
(31)	abs(29)
(36)	2.6680473888680325
(39)	/ (31)(36)
(42)	- (7)(39)
(3)	v19
(14)	- (1)(3)
(25)	sin(3)
(46)	cos(25)
(55)	* (46)(14)
(57)	sin(55)
(76)	cos(57)
(111)	* (76)(43)
(126)	+ (42)(111)
(139)	+ (65)(126)
