(24)	v20
(3)	-7.581302534454469
(0)	v17
(1)	v10
(6)	+ (1)(0)
(7)	v1
(9)	- (7)(6)
(16)	- (9)(3)
(17)	15.134231556520568
(4)	-1.3756431914831744
(18)	+ (4)(0)
(26)	+ (17)(18)
(2)	sin(1)
(25)	* (17)(2)
(27)	cos(25)
(34)	- (26)(27)
(38)	/ (16)(34)
(39)	* (38)(24)
(42)	- (24)(39)
(12)	v6
(13)	+ (12)(2)
(32)	+ (13)(7)
(10)	-3.2070693495456624
(43)	v0
(44)	v24
(52)	+ (43)(44)
(5)	-9.787539287544362
(8)	+ (2)(5)
(20)	v6
(28)	* (20)(6)
(35)	- (8)(28)
(60)	abs(35)
(65)	+ (60)(1)
(77)	+ (52)(65)
(86)	/ (77)(10)
(88)	e(7)
(95)	sin(88)
(111)	- (95)(86)
(113)	/ (32)(111)
(139)	+ (113)(42)
