(0)	0.16263667138091265
(4)	-18.29835432734449
(6)	* (0)(4)
(15)	e(6)
(17)	cos(6)
(26)	- (17)(15)
(3)	v6
(10)	- (4)(3)
(20)	cos(10)
(30)	e(20)
(1)	v15
(2)	* (1)(0)
(33)	tan(2)
(49)	* (33)(30)
(59)	+ (26)(49)
(44)	tan(26)
(94)	sin(44)
(38)	v9
(51)	4.676877742911248
(54)	/ (38)(51)
(65)	e(54)
(11)	v20
(13)	+ (11)(3)
(8)	18.077627467188414
(16)	tan(8)
(18)	* (16)(6)
(57)	/ (13)(18)
(19)	v8
(31)	v16
(40)	- (19)(31)
(7)	v24
(12)	5.744696412998074
(23)	+ (7)(12)
(74)	+ (31)(23)
(79)	/ (40)(74)
(81)	- (57)(79)
(95)	+ (65)(81)
(97)	* (94)(95)
(139)	- (59)(97)
