(8)	v22
(11)	4.227363298686015
(14)	+ (8)(11)
(28)	v22
(39)	/ (28)(14)
(10)	v8
(42)	* (10)(39)
(20)	v0
(27)	-3.0615918736809853
(30)	- (27)(20)
(9)	v6
(44)	v1
(68)	+ (9)(44)
(69)	/ (68)(30)
(70)	sin(69)
(1)	v20
(3)	* (1)(1)
(53)	abs(3)
(18)	v22
(31)	tan(1)
(32)	- (18)(31)
(34)	cos(32)
(4)	v12
(7)	cos(4)
(13)	sin(7)
(47)	- (18)(13)
(74)	- (47)(34)
(15)	v9
(46)	+ (15)(39)
(12)	abs(3)
(75)	- (12)(27)
(76)	/ (75)(46)
(85)	+ (76)(74)
(88)	/ (53)(85)
(108)	- (88)(70)
(116)	+ (42)(108)
(139)	+ (116)(39)
