(7)	3.1534393504155602
(12)	v18
(24)	/ (12)(7)
(6)	v20
(14)	v13
(16)	- (6)(14)
(25)	cos(16)
(27)	* (25)(24)
(30)	sin(27)
(5)	v6
(15)	v1
(9)	v8
(20)	- (6)(9)
(21)	+ (15)(20)
(23)	+ (5)(21)
(1)	v2
(22)	v19
(28)	- (7)(22)
(32)	/ (1)(28)
(36)	+ (32)(23)
(31)	abs(20)
(11)	4.442776022665093
(2)	v19
(3)	tan(2)
(13)	sin(3)
(17)	+ (15)(13)
(18)	+ (11)(17)
(10)	10.363395983993403
(29)	/ (7)(10)
(34)	abs(1)
(41)	- (34)(29)
(50)	+ (41)(18)
(51)	/ (31)(50)
(67)	e(51)
(42)	v12
(45)	/ (42)(18)
(74)	cos(45)
(83)	3.400546688671536
(109)	* (74)(83)
(113)	/ (67)(109)
(127)	* (36)(113)
(139)	+ (30)(127)
