(37)	6.30646354106954
(0)	v17
(1)	v4
(2)	+ (1)(0)
(8)	v22
(12)	+ (2)(8)
(6)	v15
(11)	/ (6)(1)
(17)	cos(11)
(48)	* (17)(1)
(49)	+ (48)(12)
(85)	/ (49)(37)
(26)	8.007858441608615
(7)	e(1)
(25)	5.130033428550853
(28)	/ (7)(25)
(33)	* (28)(7)
(34)	abs(33)
(38)	/ (34)(26)
(55)	-2.4116595686844704
(58)	- (38)(55)
(59)	abs(58)
(4)	v11
(20)	sin(17)
(29)	cos(20)
(32)	abs(29)
(27)	* (0)(4)
(3)	-0.670341061724006
(15)	19.203416067387103
(19)	/ (15)(15)
(23)	/ (3)(19)
(30)	+ (27)(23)
(35)	- (30)(27)
(51)	- (35)(32)
(57)	v21
(62)	/ (57)(51)
(74)	- (4)(62)
(102)	/ (74)(59)
(139)	+ (85)(102)
