(1)	5.97394411678642
(9)	v22
(11)	/ (9)(1)
(3)	v3
(6)	v25
(23)	- (3)(6)
(32)	abs(23)
(34)	- (11)(32)
(12)	0.18719792921693212
(15)	v4
(10)	6.036836844824499
(17)	-0.44314580171224804
(24)	* (17)(10)
(29)	/ (15)(24)
(30)	cos(29)
(39)	- (12)(30)
(48)	- (34)(39)
(35)	+ (32)(1)
(2)	v11
(4)	14.240070694811735
(8)	- (4)(2)
(27)	tan(17)
(38)	* (27)(8)
(14)	v17
(16)	+ (14)(15)
(19)	v5
(25)	v20
(26)	+ (25)(19)
(28)	+ (26)(16)
(13)	v21
(36)	- (13)(2)
(37)	+ (28)(36)
(45)	/ (37)(35)
(54)	+ (45)(38)
(79)	+ (54)(35)
(139)	+ (79)(48)
