(5)	v21
(22)	v28
(28)	-19.949986451637784
(29)	+ (22)(28)
(37)	sin(29)
(53)	- (5)(37)
(35)	v27
(1)	2.719059259743581
(2)	* (1)(1)
(0)	v20
(4)	cos(0)
(3)	v19
(6)	- (3)(4)
(10)	* (4)(6)
(12)	- (4)(10)
(16)	- (12)(0)
(26)	v25
(36)	+ (3)(26)
(41)	+ (36)(16)
(7)	- (6)(5)
(8)	- (7)(1)
(11)	v22
(13)	sin(11)
(18)	- (10)(13)
(42)	+ (18)(8)
(49)	* (41)(42)
(51)	/ (49)(2)
(59)	+ (51)(35)
(66)	+ (59)(53)
(33)	sin(28)
(19)	8.669099846050592
(34)	tan(19)
(58)	abs(34)
(68)	cos(58)
(100)	sin(4)
(101)	* (100)(68)
(103)	+ (101)(33)
(133)	e(103)
(139)	* (66)(133)
