(7)	-14.418463015298833
(11)	15.22752350123853
(13)	/ (11)(7)
(82)	cos(13)
(0)	v20
(3)	v28
(15)	- (3)(0)
(14)	cos(11)
(8)	v18
(10)	3.9292829705994556
(18)	/ (8)(10)
(21)	+ (14)(18)
(33)	* (21)(15)
(39)	sin(33)
(27)	v7
(20)	v8
(24)	v25
(36)	- (20)(24)
(43)	+ (36)(27)
(52)	+ (39)(43)
(12)	v7
(26)	sin(12)
(56)	- (7)(26)
(78)	sin(56)
(105)	* (78)(52)
(19)	- (18)(13)
(4)	* (3)(3)
(6)	cos(4)
(1)	10.640904707366644
(5)	- (1)(1)
(16)	tan(5)
(22)	cos(16)
(41)	* (22)(6)
(91)	- (41)(19)
(57)	v27
(31)	sin(0)
(38)	abs(31)
(49)	tan(38)
(75)	sin(49)
(96)	+ (57)(75)
(121)	+ (96)(91)
(132)	- (121)(105)
(139)	* (82)(132)
