(7)	v25
(11)	e(7)
(1)	v7
(12)	3.541920356603015
(14)	+ (12)(1)
(32)	+ (11)(14)
(2)	v12
(0)	v13
(13)	- (11)(1)
(20)	+ (0)(13)
(25)	- (2)(20)
(24)	v8
(51)	v23
(54)	- (51)(24)
(61)	- (25)(54)
(91)	/ (61)(32)
(4)	- (0)(2)
(18)	e(4)
(16)	2.1121413253863643
(31)	sin(11)
(42)	- (16)(31)
(50)	/ (18)(42)
(53)	cos(50)
(35)	abs(16)
(9)	v10
(26)	+ (13)(9)
(37)	cos(26)
(39)	+ (37)(35)
(46)	v20
(56)	/ (46)(39)
(80)	* (53)(56)
(10)	v27
(5)	v28
(15)	cos(5)
(17)	+ (10)(15)
(19)	abs(16)
(90)	/ (17)(19)
(105)	+ (90)(80)
(139)	+ (105)(91)
