(1)	v28
(6)	cos(1)
(12)	v8
(4)	v20
(5)	cos(4)
(15)	-5.879166326414666
(16)	- (5)(15)
(17)	- (16)(12)
(26)	sin(17)
(46)	- (26)(6)
(7)	v27
(35)	abs(26)
(49)	cos(35)
(66)	* (7)(49)
(21)	3.475282356198811
(0)	v25
(3)	-2.189076014434189
(10)	- (0)(3)
(9)	sin(4)
(14)	e(9)
(13)	v25
(2)	abs(1)
(19)	+ (1)(2)
(20)	- (13)(19)
(31)	cos(20)
(32)	+ (31)(14)
(40)	- (10)(32)
(52)	* (21)(40)
(22)	v7
(55)	+ (21)(49)
(57)	+ (55)(22)
(69)	/ (52)(57)
(102)	- (66)(69)
(104)	- (102)(46)
(34)	* (6)(31)
(37)	/ (15)(20)
(43)	/ (34)(37)
(109)	e(43)
(110)	cos(109)
(139)	* (104)(110)
