(1)	2.353604391037294
(7)	6.997701112505197
(8)	v17
(10)	/ (8)(7)
(21)	+ (10)(1)
(6)	-0.1525210248082054
(43)	e(1)
(4)	v22
(24)	v7
(50)	+ (4)(24)
(15)	v28
(22)	v25
(25)	abs(22)
(28)	/ (25)(1)
(30)	+ (15)(28)
(2)	v21
(9)	sin(2)
(45)	v23
(46)	- (9)(45)
(53)	- (46)(30)
(76)	+ (53)(50)
(85)	- (76)(43)
(93)	* (85)(6)
(36)	v8
(49)	v7
(42)	-2.3341380053177296
(39)	1.1012024258769273
(58)	- (9)(39)
(60)	+ (58)(42)
(66)	- (49)(60)
(82)	/ (36)(66)
(31)	-2.2505426353474753
(11)	v25
(13)	+ (2)(11)
(37)	- (13)(7)
(12)	tan(6)
(0)	v27
(3)	sin(0)
(17)	+ (3)(12)
(26)	- (25)(17)
(32)	- (26)(12)
(62)	sin(32)
(69)	/ (62)(37)
(104)	- (31)(69)
(115)	tan(104)
(124)	- (82)(115)
(138)	* (93)(124)
(139)	+ (21)(138)
