(3)	v21
(33)	abs(3)
(46)	cos(33)
(20)	-8.004732560398047
(0)	v20
(7)	cos(0)
(25)	v13
(50)	* (7)(25)
(51)	- (50)(20)
(61)	- (46)(51)
(59)	3.0213171772196468
(28)	-6.594895806976805
(30)	tan(28)
(42)	v20
(56)	- (42)(30)
(62)	cos(56)
(68)	- (59)(62)
(79)	/ (61)(68)
(10)	tan(7)
(29)	-8.583035391506787
(31)	/ (10)(29)
(35)	-3.5682290008034485
(13)	v28
(38)	cos(13)
(47)	- (35)(38)
(18)	9.286565894153416
(15)	sin(3)
(9)	v8
(19)	v5
(22)	- (19)(9)
(23)	- (22)(15)
(32)	+ (23)(18)
(43)	v27
(48)	- (43)(28)
(52)	/ (48)(32)
(75)	* (52)(47)
(96)	+ (75)(31)
(139)	- (79)(96)
