(10)	2.167205094355964
(11)	v27
(1)	v28
(2)	cos(1)
(5)	sin(2)
(34)	e(5)
(46)	+ (34)(11)
(54)	/ (46)(10)
(4)	v25
(12)	v8
(35)	- (4)(12)
(17)	v20
(31)	e(17)
(33)	cos(1)
(41)	* (31)(33)
(48)	cos(41)
(52)	1.6501634328733772
(66)	+ (52)(48)
(76)	+ (35)(66)
(0)	v7
(15)	-6.933094124791914
(22)	/ (17)(1)
(26)	cos(22)
(38)	+ (15)(26)
(47)	- (38)(0)
(25)	v21
(3)	cos(2)
(6)	- (1)(3)
(7)	v15
(8)	abs(7)
(9)	- (6)(8)
(32)	- (15)(9)
(37)	+ (32)(25)
(55)	/ (37)(10)
(107)	/ (47)(55)
(118)	/ (76)(107)
(139)	- (54)(118)
