(8)	v23
(0)	1.8103775291431745
(10)	cos(0)
(24)	* (10)(8)
(34)	cos(24)
(21)	v3
(16)	9.139656845841696
(5)	sin(0)
(9)	sin(5)
(14)	e(5)
(12)	v15
(13)	- (10)(12)
(15)	+ (8)(13)
(23)	+ (15)(14)
(25)	+ (9)(23)
(38)	/ (25)(16)
(57)	+ (38)(21)
(64)	* (34)(57)
(1)	-0.10805344596393596
(2)	v9
(3)	- (2)(1)
(4)	* (0)(0)
(11)	/ (3)(4)
(6)	v13
(35)	+ (6)(10)
(37)	+ (35)(11)
(18)	- (13)(9)
(20)	- (18)(5)
(33)	/ (20)(25)
(36)	v8
(53)	- (36)(33)
(73)	+ (53)(37)
(77)	- (73)(64)
(32)	-5.0949699552751895
(44)	v12
(50)	abs(44)
(52)	+ (32)(50)
(22)	+ (20)(5)
(68)	5.781289090483114
(71)	- (22)(68)
(95)	/ (52)(71)
(139)	* (77)(95)
