(10)	-19.223088530367633
(23)	tan(10)
(30)	abs(23)
(9)	v8
(16)	v15
(17)	v3
(22)	- (17)(16)
(24)	- (22)(9)
(6)	v13
(19)	v20
(27)	- (19)(6)
(42)	+ (24)(27)
(51)	v1
(18)	10.395931694071628
(28)	-14.38801956212096
(32)	+ (18)(28)
(53)	v10
(54)	cos(53)
(58)	/ (54)(32)
(64)	- (51)(58)
(68)	- (64)(42)
(69)	* (30)(68)
(15)	v17
(7)	v10
(26)	abs(7)
(31)	-15.44887067474785
(37)	+ (31)(6)
(39)	cos(37)
(76)	-1.779798946890871
(77)	+ (76)(39)
(80)	- (68)(22)
(95)	e(80)
(98)	- (95)(77)
(102)	+ (98)(26)
(120)	/ (15)(102)
(139)	+ (120)(69)
