(85)	0.5839777863902285
(19)	v3
(9)	3.083182102177517
(10)	v15
(37)	/ (10)(9)
(18)	v8
(35)	- (18)(10)
(40)	cos(35)
(46)	- (37)(40)
(0)	v8
(2)	11.830862855943046
(1)	-6.547326077955615
(3)	v20
(5)	* (3)(1)
(8)	/ (5)(2)
(13)	+ (9)(8)
(20)	+ (0)(13)
(50)	abs(20)
(54)	v1
(66)	-2.2746529155039212
(69)	/ (54)(66)
(82)	- (69)(50)
(91)	- (82)(46)
(107)	+ (91)(19)
(17)	abs(10)
(27)	-6.096397432023473
(36)	- (27)(17)
(39)	v23
(43)	- (36)(39)
(53)	/ (43)(9)
(14)	v13
(45)	+ (14)(37)
(6)	4.346325630573759
(30)	v18
(65)	/ (30)(6)
(55)	v17
(63)	-0.5754891910123696
(68)	* (63)(55)
(71)	+ (65)(68)
(89)	- (71)(45)
(114)	- (53)(89)
(119)	- (114)(107)
(139)	* (119)(85)
