(22)	-3.166241100663431
(19)	v17
(11)	v1
(18)	-1.3981564134835054
(24)	- (18)(11)
(25)	cos(24)
(36)	- (25)(19)
(48)	/ (36)(22)
(5)	v15
(27)	v8
(60)	+ (5)(27)
(104)	+ (48)(60)
(65)	v13
(63)	v20
(2)	-8.100978726582557
(14)	sin(2)
(41)	v3
(66)	* (14)(41)
(75)	- (66)(63)
(78)	+ (75)(65)
(93)	- (78)(60)
(13)	-2.550962944965608
(56)	tan(13)
(0)	-15.006961060605146
(16)	e(13)
(35)	/ (0)(16)
(3)	cos(2)
(12)	v28
(26)	/ (3)(12)
(30)	+ (0)(26)
(68)	/ (30)(60)
(8)	v4
(9)	v15
(10)	+ (9)(8)
(15)	abs(10)
(17)	/ (2)(15)
(40)	- (17)(11)
(20)	cos(14)
(39)	-19.91589201078196
(23)	v19
(21)	v19
(29)	+ (21)(18)
(32)	* (29)(23)
(44)	abs(32)
(54)	* (44)(39)
(57)	+ (54)(20)
(71)	+ (40)(57)
(74)	+ (68)(71)
(91)	/ (74)(35)
(95)	e(91)
(102)	+ (95)(56)
(109)	/ (93)(102)
(139)	+ (109)(104)
