(40)	-12.196847628590376
(0)	5.1931750097175495
(1)	v3
(9)	+ (1)(0)
(6)	v13
(7)	v14
(8)	- (7)(0)
(15)	/ (6)(8)
(50)	- (9)(15)
(55)	+ (50)(40)
(37)	-2.023154472968585
(54)	-12.293060798781926
(63)	- (54)(37)
(80)	/ (55)(63)
(109)	sin(80)
(14)	v8
(13)	v20
(2)	v19
(3)	- (2)(0)
(10)	v1
(16)	- (10)(3)
(5)	v0
(18)	abs(5)
(20)	/ (18)(16)
(21)	- (13)(20)
(35)	- (21)(14)
(31)	v15
(12)	- (1)(10)
(4)	v13
(17)	v5
(23)	* (17)(15)
(24)	- (4)(23)
(41)	- (12)(24)
(53)	- (31)(41)
(57)	- (53)(35)
(56)	-15.63681823443499
(79)	/ (56)(40)
(111)	/ (57)(79)
(139)	* (109)(111)
