(14)	v13
(2)	16.17542774242869
(25)	tan(2)
(32)	* (14)(25)
(0)	v15
(4)	v20
(12)	cos(4)
(20)	v3
(23)	- (12)(20)
(38)	abs(12)
(41)	- (38)(23)
(54)	- (41)(0)
(16)	v26
(18)	abs(16)
(8)	sin(4)
(13)	/ (4)(8)
(19)	+ (12)(13)
(76)	+ (19)(18)
(115)	/ (54)(76)
(118)	- (32)(115)
(87)	13.454409538636497
(99)	sin(87)
(5)	v18
(7)	v1
(11)	- (7)(5)
(34)	v2
(44)	- (11)(34)
(9)	19.214386205918153
(36)	5.649257871342677
(72)	/ (9)(36)
(91)	/ (44)(72)
(22)	-4.800003956610119
(45)	- (5)(22)
(49)	v12
(63)	/ (49)(45)
(75)	v8
(92)	- (75)(63)
(100)	+ (91)(92)
(122)	* (99)(100)
(139)	+ (118)(122)
