(59)	v15
(3)	-11.339995588363188
(17)	sin(3)
(4)	v9
(14)	sin(4)
(8)	v6
(9)	abs(8)
(16)	tan(9)
(28)	* (16)(14)
(39)	tan(28)
(49)	sin(39)
(50)	/ (49)(17)
(60)	cos(50)
(5)	v26
(11)	+ (5)(4)
(26)	v15
(30)	/ (11)(26)
(56)	-2.9987082991729963
(78)	/ (30)(56)
(75)	-8.486871520606982
(20)	v15
(6)	tan(4)
(1)	v0
(12)	+ (11)(1)
(18)	- (6)(12)
(27)	- (11)(18)
(32)	sin(27)
(42)	/ (32)(20)
(85)	abs(42)
(86)	+ (85)(75)
(34)	v7
(40)	abs(34)
(45)	cos(39)
(68)	* (45)(40)
(0)	3.023868505892654
(13)	/ (8)(0)
(15)	v28
(21)	/ (1)(15)
(29)	- (21)(13)
(37)	abs(29)
(63)	cos(37)
(73)	tan(63)
(82)	- (68)(73)
(51)	+ (32)(42)
(69)	3.9544643967948474
(72)	+ (69)(51)
(88)	- (63)(72)
(106)	- (82)(88)
(116)	/ (106)(86)
(122)	- (116)(78)
(125)	+ (122)(60)
(139)	* (125)(59)
