(5)	-3.627764441324821
(6)	v8
(20)	sin(6)
(23)	v19
(29)	- (23)(20)
(37)	v10
(49)	* (29)(37)
(52)	/ (49)(5)
(57)	e(52)
(43)	v3
(54)	-2.171568123963116
(77)	v2
(83)	/ (77)(54)
(84)	abs(83)
(98)	cos(84)
(4)	-7.375767173205631
(1)	-10.420092251120398
(2)	sin(1)
(3)	-8.768008100862193
(7)	sin(3)
(35)	/ (2)(7)
(38)	* (2)(35)
(44)	- (4)(38)
(66)	10.301661441026553
(76)	/ (44)(66)
(55)	v25
(36)	v24
(18)	sin(5)
(10)	v16
(11)	sin(10)
(27)	+ (11)(6)
(50)	* (27)(18)
(85)	+ (50)(36)
(88)	+ (55)(85)
(104)	* (76)(88)
(110)	- (98)(104)
(128)	- (110)(43)
(139)	- (128)(57)
