(2)	v25
(0)	v0
(4)	-1.1024680529352295
(5)	- (4)(0)
(12)	v15
(17)	- (5)(12)
(14)	v4
(63)	-2.83500747265224
(72)	+ (63)(14)
(73)	+ (72)(17)
(83)	v16
(101)	/ (83)(73)
(26)	-10.364796032694986
(24)	v10
(33)	v22
(39)	- (24)(33)
(64)	+ (39)(26)
(52)	5.599404338991892
(70)	v19
(77)	- (70)(52)
(108)	/ (77)(64)
(18)	v3
(16)	v4
(19)	e(16)
(25)	v8
(31)	- (25)(19)
(53)	e(31)
(55)	- (18)(53)
(1)	5.062938236290144
(3)	v23
(7)	e(3)
(8)	* (1)(7)
(29)	abs(25)
(48)	cos(29)
(57)	/ (48)(8)
(87)	- (55)(57)
(60)	cos(5)
(67)	v25
(45)	v6
(56)	+ (39)(0)
(59)	- (56)(45)
(78)	cos(59)
(79)	+ (78)(67)
(89)	/ (79)(72)
(104)	- (89)(60)
(110)	- (104)(87)
(119)	* (110)(108)
(137)	- (101)(119)
(139)	- (2)(137)
