(60)	-15.302906439552757
(29)	v17
(2)	v19
(3)	e(2)
(4)	v11
(5)	/ (3)(4)
(7)	sin(5)
(0)	v18
(6)	11.933682511658112
(8)	/ (6)(0)
(10)	v3
(20)	- (10)(8)
(24)	sin(20)
(37)	+ (7)(24)
(42)	-11.491371232815082
(49)	+ (37)(42)
(54)	+ (29)(49)
(26)	v10
(18)	v24
(32)	sin(18)
(35)	- (26)(32)
(17)	sin(5)
(13)	v25
(31)	13.477605680964217
(36)	+ (13)(31)
(39)	/ (36)(17)
(46)	cos(39)
(48)	+ (35)(46)
(1)	v27
(65)	* (1)(35)
(68)	+ (65)(48)
(75)	+ (54)(68)
(84)	/ (75)(60)
(11)	- (1)(4)
(14)	3.242089072560109
(15)	+ (14)(2)
(19)	/ (11)(15)
(21)	- (10)(13)
(23)	- (19)(21)
(90)	+ (23)(18)
(139)	* (90)(84)
