(0)	v14
(1)	v3
(2)	- (0)(1)
(6)	v27
(16)	+ (6)(2)
(14)	3.872078492147949
(7)	v26
(17)	- (6)(7)
(22)	+ (14)(17)
(24)	/ (16)(22)
(10)	v24
(9)	v25
(21)	- (9)(1)
(25)	+ (21)(10)
(42)	+ (24)(25)
(20)	8.047705961521547
(29)	v22
(30)	- (20)(29)
(28)	e(25)
(33)	- (24)(28)
(38)	- (20)(22)
(61)	/ (33)(38)
(18)	12.48697448596868
(3)	-13.747301871307984
(12)	+ (3)(1)
(13)	/ (3)(12)
(15)	v19
(34)	- (15)(13)
(41)	- (18)(34)
(54)	v2
(56)	- (10)(54)
(62)	- (41)(56)
(66)	+ (62)(61)
(73)	/ (30)(66)
(139)	* (42)(73)
