(56)	v11
(6)	v24
(12)	11.218299706464656
(17)	- (6)(12)
(2)	v27
(8)	v16
(10)	+ (2)(8)
(19)	e(10)
(20)	+ (19)(17)
(40)	sin(20)
(43)	2.7042801462672443
(70)	* (43)(40)
(72)	4.898181553901317
(77)	+ (72)(70)
(91)	/ (56)(77)
(5)	4.890991889261347
(0)	v20
(32)	v7
(37)	+ (0)(32)
(99)	/ (37)(5)
(57)	v6
(14)	-10.767520677971394
(21)	5.455010748709203
(27)	- (21)(14)
(13)	v26
(16)	* (14)(8)
(28)	- (16)(13)
(34)	/ (28)(27)
(53)	-5.680786608167963
(66)	- (34)(53)
(89)	abs(66)
(106)	/ (57)(89)
(111)	+ (106)(99)
(115)	+ (111)(91)
(33)	7.995035667779391
(84)	- (66)(33)
(4)	-4.423303932632837
(24)	/ (4)(2)
(46)	e(13)
(103)	+ (10)(46)
(105)	- (24)(103)
(138)	/ (84)(105)
(139)	+ (115)(138)
