(27)	v11
(9)	v7
(1)	v6
(2)	v27
(3)	+ (2)(1)
(6)	v20
(7)	+ (6)(3)
(8)	sin(2)
(10)	+ (8)(7)
(36)	+ (9)(10)
(60)	+ (36)(27)
(19)	6.646284703662722
(25)	9.64930106505339
(28)	v6
(30)	/ (28)(25)
(49)	+ (19)(30)
(26)	-16.582776425996506
(34)	+ (25)(26)
(33)	-0.5058780066256574
(35)	abs(33)
(11)	cos(6)
(18)	sin(11)
(24)	-0.7315042223023092
(29)	/ (18)(24)
(14)	- (7)(8)
(43)	v23
(58)	/ (43)(14)
(61)	- (29)(58)
(66)	- (35)(61)
(68)	/ (66)(34)
(81)	cos(68)
(67)	-14.602271983126297
(77)	- (68)(67)
(100)	cos(77)
(105)	- (81)(100)
(120)	/ (105)(49)
(139)	* (120)(60)
