(4)	3.4013676976925744
(1)	v4
(6)	- (4)(1)
(10)	cos(6)
(12)	+ (4)(10)
(64)	v27
(79)	/ (64)(12)
(15)	-6.494909290082479
(23)	v6
(25)	tan(23)
(30)	/ (25)(15)
(36)	cos(30)
(9)	sin(6)
(0)	v7
(5)	v11
(8)	+ (0)(5)
(11)	0.31931021316791686
(17)	* (11)(8)
(24)	-3.939076184024941
(31)	+ (24)(17)
(59)	- (31)(9)
(78)	/ (36)(59)
(93)	e(78)
(106)	+ (93)(79)
(43)	+ (12)(23)
(38)	abs(12)
(2)	v19
(20)	- (4)(2)
(22)	v5
(26)	- (20)(22)
(28)	+ (26)(15)
(29)	v1
(33)	sin(29)
(41)	- (28)(33)
(51)	cos(6)
(55)	- (41)(51)
(56)	abs(55)
(60)	+ (38)(56)
(92)	/ (43)(60)
(3)	-5.06607239919909
(32)	v9
(39)	- (31)(32)
(58)	/ (3)(39)
(122)	- (17)(58)
(134)	+ (122)(92)
(139)	+ (106)(134)
