(0)	v27
(1)	-0.38737617970334526
(2)	* (0)(1)
(22)	v11
(15)	v6
(23)	v9
(25)	+ (23)(15)
(27)	+ (25)(22)
(14)	-3.912413502158792
(18)	v23
(19)	* (0)(18)
(6)	v7
(11)	* (2)(1)
(21)	- (6)(11)
(26)	+ (19)(21)
(33)	sin(26)
(40)	- (14)(33)
(55)	/ (27)(40)
(61)	+ (2)(55)
(3)	v16
(13)	abs(3)
(41)	5.866797404468578
(48)	+ (13)(41)
(63)	v22
(64)	/ (63)(48)
(84)	+ (61)(64)
(4)	13.20482384230884
(5)	v1
(8)	+ (5)(4)
(16)	v15
(34)	abs(16)
(43)	+ (34)(16)
(60)	/ (8)(43)
(24)	abs(14)
(29)	sin(24)
(37)	- (29)(25)
(42)	cos(37)
(74)	sin(43)
(99)	- (74)(42)
(124)	/ (99)(60)
(139)	- (124)(84)
