(32)	v28
(0)	12.181551333389741
(3)	tan(0)
(36)	abs(3)
(56)	* (32)(36)
(37)	-4.359549387397838
(2)	v27
(4)	* (3)(2)
(34)	v1
(41)	+ (34)(4)
(58)	/ (41)(37)
(67)	+ (56)(58)
(5)	+ (4)(3)
(11)	+ (3)(2)
(13)	+ (11)(5)
(21)	sin(13)
(74)	3.0870224848733088
(6)	v7
(24)	+ (6)(3)
(8)	v8
(22)	sin(8)
(14)	e(13)
(19)	- (13)(14)
(15)	- (14)(3)
(23)	v26
(27)	* (15)(23)
(45)	+ (19)(27)
(52)	- (45)(22)
(75)	+ (52)(24)
(77)	/ (75)(74)
(79)	- (77)(21)
(80)	- (79)(67)
(96)	v27
(101)	sin(96)
(111)	cos(4)
(112)	* (101)(111)
(139)	+ (112)(80)
