(32)	v25
(0)	v7
(23)	sin(0)
(25)	cos(23)
(44)	e(25)
(48)	/ (32)(44)
(22)	-7.6622054117806915
(5)	v14
(6)	v26
(3)	v24
(13)	sin(3)
(17)	- (13)(6)
(18)	- (5)(17)
(1)	2.815627271480942
(24)	* (13)(5)
(30)	- (1)(24)
(49)	- (30)(18)
(53)	/ (49)(22)
(2)	/ (0)(1)
(7)	e(2)
(15)	v3
(29)	cos(15)
(35)	cos(29)
(9)	-4.705451841773222
(43)	v24
(45)	* (29)(43)
(11)	/ (3)(6)
(12)	sin(11)
(46)	+ (12)(9)
(51)	+ (46)(45)
(54)	abs(51)
(62)	/ (9)(54)
(78)	/ (35)(62)
(104)	+ (7)(78)
(120)	+ (53)(104)
(139)	+ (120)(48)
