(42)	1.9217055097966416
(20)	2.1577995703201154
(41)	tan(20)
(5)	-18.48287999360508
(13)	tan(5)
(16)	v26
(22)	e(16)
(24)	/ (13)(22)
(55)	- (24)(41)
(0)	v21
(1)	-6.150185155483086
(2)	/ (0)(1)
(3)	v23
(10)	* (2)(3)
(32)	- (0)(10)
(7)	-0.6186148874389552
(6)	v7
(8)	+ (6)(2)
(21)	/ (7)(8)
(9)	v6
(23)	e(9)
(25)	+ (23)(21)
(4)	v17
(11)	+ (6)(4)
(12)	-0.41411887236141354
(30)	- (12)(11)
(35)	+ (30)(25)
(33)	-7.23777794008042
(44)	+ (35)(33)
(64)	+ (35)(44)
(68)	* (10)(64)
(70)	/ (68)(32)
(74)	+ (55)(70)
(75)	abs(74)
(90)	/ (75)(41)
(91)	- (42)(90)
(50)	v25
(56)	-1.6172263516239695
(66)	* (56)(50)
(47)	v7
(18)	v24
(34)	- (18)(16)
(46)	abs(34)
(28)	sin(25)
(48)	cos(28)
(57)	- (48)(46)
(67)	+ (47)(57)
(80)	+ (16)(67)
(108)	- (80)(66)
(139)	/ (108)(91)
