(0)	v1
(25)	v15
(33)	+ (0)(25)
(8)	17.008448197556085
(11)	cos(8)
(1)	-11.437074800855722
(4)	/ (1)(0)
(5)	cos(4)
(12)	tan(5)
(14)	e(12)
(16)	sin(14)
(22)	* (16)(11)
(23)	v13
(30)	+ (23)(22)
(43)	abs(30)
(48)	e(43)
(52)	v22
(34)	v6
(65)	v13
(71)	- (65)(34)
(81)	- (52)(71)
(83)	/ (81)(48)
(26)	-9.037275830868886
(32)	e(26)
(3)	18.53772388547131
(17)	- (3)(14)
(24)	* (3)(17)
(2)	v9
(7)	* (2)(3)
(9)	v5
(13)	e(9)
(19)	- (13)(7)
(20)	v18
(37)	/ (20)(16)
(40)	- (37)(19)
(49)	* (40)(24)
(89)	* (32)(49)
(93)	+ (83)(89)
(104)	+ (93)(33)
(107)	1.2179023921345333
(126)	cos(107)
(139)	* (126)(104)
