(16)	v20
(10)	14.4309341935543
(27)	v13
(29)	-5.6579442429443905
(32)	+ (29)(27)
(40)	/ (32)(10)
(1)	v21
(7)	e(1)
(11)	tan(7)
(14)	- (10)(11)
(17)	v7
(19)	/ (1)(16)
(36)	abs(19)
(39)	+ (36)(17)
(42)	/ (39)(14)
(43)	- (42)(40)
(44)	* (43)(16)
(0)	2.852193873618191
(3)	tan(0)
(9)	abs(3)
(2)	v26
(18)	abs(2)
(33)	v28
(13)	v6
(15)	v24
(22)	/ (13)(15)
(28)	sin(22)
(35)	tan(28)
(45)	+ (0)(35)
(55)	/ (33)(45)
(61)	* (18)(55)
(5)	v5
(6)	+ (5)(2)
(12)	v17
(21)	- (12)(6)
(52)	v27
(66)	+ (52)(21)
(70)	+ (61)(66)
(85)	+ (70)(1)
(130)	* (85)(9)
(139)	+ (44)(130)
