(6)	v20
(0)	v13
(3)	v17
(13)	- (0)(3)
(30)	- (13)(6)
(1)	-2.556150237976521
(7)	+ (1)(6)
(10)	3.7818490016242023
(12)	v14
(21)	/ (12)(10)
(36)	* (21)(7)
(38)	- (36)(30)
(83)	1.4790223387950086
(56)	v7
(42)	cos(10)
(44)	sin(42)
(34)	v21
(17)	v27
(5)	v12
(9)	v5
(20)	- (9)(5)
(35)	- (20)(17)
(57)	- (34)(35)
(74)	/ (57)(44)
(80)	- (56)(74)
(93)	/ (80)(38)
(94)	+ (83)(93)
(45)	+ (1)(1)
(8)	cos(6)
(14)	e(5)
(16)	tan(14)
(18)	- (16)(1)
(55)	/ (8)(18)
(90)	+ (45)(55)
(99)	abs(90)
(101)	/ (94)(99)
(139)	* (101)(38)
