(11)	18.81177073855863
(12)	tan(11)
(20)	v11
(4)	v6
(10)	v10
(26)	* (10)(4)
(44)	- (26)(20)
(1)	v12
(8)	v9
(9)	+ (8)(1)
(16)	abs(9)
(0)	v10
(2)	cos(0)
(3)	* (2)(1)
(6)	+ (4)(3)
(7)	v3
(19)	+ (7)(6)
(24)	* (16)(19)
(43)	+ (10)(24)
(47)	+ (10)(43)
(52)	- (44)(47)
(21)	* (2)(7)
(22)	-7.047970837515049
(23)	- (22)(21)
(40)	v26
(46)	-7.671858280911099
(51)	- (40)(46)
(67)	/ (51)(23)
(102)	- (23)(67)
(33)	v19
(25)	v28
(27)	v27
(35)	- (3)(27)
(39)	- (35)(25)
(50)	+ (39)(33)
(5)	sin(4)
(13)	v21
(15)	- (5)(13)
(34)	v7
(45)	v26
(59)	- (34)(45)
(36)	v20
(28)	-1.4818932215279261
(29)	sin(5)
(54)	- (28)(29)
(74)	* (36)(54)
(78)	- (74)(59)
(100)	+ (78)(15)
(106)	+ (100)(50)
(107)	* (102)(106)
(123)	- (52)(107)
(139)	* (12)(123)
