(1)	v21
(2)	v25
(3)	- (2)(1)
(18)	2.8448771010379943
(21)	/ (3)(18)
(8)	v23
(13)	v19
(15)	+ (13)(8)
(23)	v3
(27)	- (15)(23)
(49)	+ (27)(21)
(29)	sin(23)
(52)	cos(29)
(79)	sin(52)
(91)	* (79)(49)
(0)	v0
(33)	v16
(17)	v14
(6)	8.931597558025324
(10)	5.974492193284071
(16)	+ (10)(6)
(5)	tan(0)
(14)	v5
(30)	/ (5)(14)
(31)	- (16)(30)
(37)	/ (17)(31)
(44)	- (33)(37)
(63)	+ (44)(0)
(9)	-1.9529499411241567
(40)	/ (29)(9)
(43)	* (33)(40)
(7)	v22
(42)	sin(7)
(50)	+ (15)(42)
(53)	- (14)(50)
(72)	+ (53)(43)
(73)	+ (63)(72)
(77)	2.7215616952426984
(86)	/ (52)(77)
(100)	* (86)(73)
(139)	+ (100)(91)
