(4)	v23
(0)	v2
(2)	abs(0)
(11)	+ (0)(2)
(29)	+ (11)(4)
(19)	16.6744634351167
(21)	- (19)(0)
(27)	18.494660157983283
(45)	/ (27)(21)
(58)	sin(45)
(67)	* (29)(58)
(30)	6.489648948958013
(8)	v3
(9)	+ (8)(4)
(23)	v16
(24)	+ (23)(9)
(28)	v25
(32)	+ (28)(24)
(34)	/ (32)(30)
(37)	cos(19)
(57)	/ (34)(37)
(61)	- (29)(57)
(14)	v21
(18)	v19
(26)	/ (11)(19)
(38)	+ (18)(26)
(53)	- (38)(14)
(1)	0.46697920165069107
(3)	tan(1)
(5)	e(3)
(10)	* (5)(5)
(7)	cos(4)
(40)	+ (7)(24)
(46)	cos(40)
(63)	+ (46)(10)
(66)	/ (53)(63)
(81)	+ (61)(66)
(42)	3.644942339192184
(15)	v5
(25)	sin(11)
(31)	- (15)(25)
(51)	v0
(52)	+ (51)(31)
(75)	/ (52)(42)
(94)	- (75)(8)
(96)	+ (81)(94)
(139)	- (96)(67)
