(23)	v16
(0)	v19
(2)	v4
(3)	v28
(4)	- (3)(2)
(11)	sin(4)
(16)	- (0)(11)
(14)	v23
(1)	v3
(7)	1.7094800794773874
(15)	* (7)(1)
(19)	- (14)(15)
(29)	+ (16)(19)
(49)	+ (23)(29)
(31)	-18.948301735275273
(34)	v16
(27)	v5
(25)	abs(15)
(32)	-2.28167013568115
(41)	+ (32)(25)
(46)	+ (41)(27)
(50)	- (46)(34)
(65)	- (50)(31)
(13)	-12.286447416006773
(22)	v27
(44)	- (34)(22)
(5)	v1
(35)	+ (5)(4)
(52)	- (34)(3)
(58)	* (35)(52)
(61)	+ (44)(58)
(82)	- (13)(61)
(97)	/ (65)(82)
(12)	-5.118119416181974
(47)	6.729359621416936
(71)	* (47)(12)
(83)	/ (44)(71)
(86)	-0.6009051043687776
(122)	+ (86)(83)
(125)	/ (122)(97)
(139)	* (49)(125)
