(7)	v5
(12)	v3
(28)	v2
(42)	- (28)(12)
(25)	v25
(36)	v18
(44)	- (36)(25)
(48)	- (44)(42)
(1)	v23
(20)	v22
(35)	- (1)(20)
(37)	v16
(26)	v0
(27)	v19
(31)	+ (27)(26)
(5)	v2
(2)	v28
(6)	sin(2)
(10)	+ (5)(6)
(11)	5.601268645093896
(18)	tan(11)
(39)	* (10)(18)
(43)	+ (39)(31)
(21)	v13
(22)	e(21)
(23)	7.730909155348122
(24)	/ (22)(23)
(52)	e(24)
(59)	/ (43)(52)
(60)	+ (59)(37)
(61)	+ (60)(35)
(72)	- (61)(48)
(102)	+ (7)(72)
(84)	-4.144504043105712
(4)	11.33062691556875
(9)	/ (4)(2)
(17)	-19.804018252805943
(32)	- (17)(9)
(33)	cos(32)
(0)	-11.928285842637516
(14)	* (12)(12)
(30)	abs(14)
(56)	- (0)(30)
(99)	+ (56)(33)
(122)	/ (84)(99)
(139)	* (122)(102)
