(53)	v1
(1)	v5
(3)	sin(1)
(5)	e(3)
(19)	e(5)
(40)	v9
(43)	/ (40)(19)
(15)	sin(3)
(16)	cos(15)
(37)	cos(16)
(38)	-2.9628344317295685
(49)	- (37)(38)
(68)	- (43)(49)
(12)	v11
(0)	v6
(2)	1.9619418911260453
(4)	/ (0)(2)
(31)	v7
(6)	v18
(10)	cos(6)
(14)	+ (12)(10)
(18)	+ (15)(14)
(24)	cos(18)
(17)	11.187271596340548
(27)	sin(17)
(33)	/ (24)(27)
(50)	+ (31)(33)
(66)	0.5164565252750251
(20)	0.03853899908936498
(30)	v26
(46)	- (20)(30)
(60)	cos(46)
(11)	v17
(29)	cos(11)
(42)	+ (29)(11)
(63)	- (53)(42)
(67)	+ (63)(60)
(81)	/ (67)(66)
(83)	- (81)(50)
(88)	+ (83)(4)
(98)	+ (88)(12)
(113)	/ (98)(68)
(139)	+ (113)(53)
