(1)	v7
(32)	v17
(34)	cos(32)
(11)	v27
(15)	abs(11)
(16)	tan(15)
(24)	-4.332923097023645
(38)	- (24)(16)
(70)	/ (34)(38)
(102)	- (1)(70)
(30)	1.8463941853857335
(3)	v13
(4)	cos(3)
(20)	v17
(22)	- (4)(20)
(31)	+ (1)(22)
(33)	/ (31)(30)
(12)	v3
(18)	v11
(45)	- (18)(12)
(63)	e(45)
(90)	e(63)
(0)	v9
(2)	* (1)(0)
(5)	-8.032300969512196
(6)	tan(5)
(7)	tan(3)
(44)	- (6)(7)
(46)	- (2)(44)
(36)	v27
(14)	v23
(50)	- (14)(5)
(56)	- (36)(50)
(107)	/ (46)(56)
(121)	/ (107)(90)
(128)	- (33)(121)
(139)	- (102)(128)
