(2)	v13
(7)	v26
(16)	cos(7)
(23)	tan(16)
(46)	* (2)(23)
(26)	-7.590576254803757
(17)	v0
(5)	v7
(9)	v25
(12)	/ (9)(5)
(21)	sin(12)
(28)	* (17)(21)
(37)	sin(28)
(45)	cos(37)
(62)	* (45)(26)
(88)	/ (46)(62)
(94)	abs(88)
(10)	v1
(1)	v17
(6)	+ (1)(5)
(15)	- (6)(10)
(19)	v11
(32)	- (19)(15)
(41)	-3.485841677291077
(42)	/ (32)(41)
(58)	+ (10)(42)
(38)	+ (16)(10)
(3)	tan(2)
(33)	+ (3)(26)
(72)	abs(33)
(74)	/ (38)(72)
(77)	- (58)(74)
(25)	-4.713009652646383
(84)	v28
(97)	/ (84)(25)
(113)	- (77)(97)
(139)	+ (113)(94)
