(14)	v1
(1)	v26
(2)	* (1)(1)
(7)	4.089362700498995
(13)	+ (2)(7)
(3)	-0.28901373009519915
(23)	sin(3)
(43)	- (14)(23)
(54)	/ (43)(13)
(58)	- (14)(54)
(4)	v15
(5)	- (2)(4)
(8)	+ (3)(5)
(51)	sin(8)
(6)	v4
(12)	- (6)(6)
(49)	-1.7958331368463085
(57)	* (12)(49)
(68)	- (57)(13)
(80)	/ (51)(68)
(104)	+ (58)(80)
(25)	v22
(27)	cos(25)
(0)	v7
(10)	abs(2)
(11)	+ (10)(0)
(20)	- (14)(11)
(15)	6.752564629464448
(17)	* (7)(10)
(26)	/ (17)(15)
(45)	+ (26)(20)
(55)	sin(45)
(59)	+ (55)(45)
(60)	- (27)(59)
(64)	* (60)(23)
(72)	- (3)(64)
(118)	sin(72)
(139)	+ (118)(104)
