(14)	v17
(7)	-3.745474227313622
(17)	e(7)
(21)	v24
(27)	v26
(29)	- (21)(27)
(30)	* (29)(7)
(15)	v6
(18)	* (14)(15)
(25)	cos(18)
(32)	v13
(34)	+ (25)(32)
(44)	* (34)(30)
(3)	8.887201293264528
(6)	v1
(12)	* (3)(6)
(2)	v3
(5)	v22
(10)	+ (5)(2)
(20)	+ (10)(10)
(24)	+ (12)(20)
(0)	v11
(1)	v7
(4)	- (0)(1)
(13)	17.686124236222433
(19)	* (13)(4)
(22)	+ (20)(20)
(37)	+ (24)(22)
(39)	- (37)(19)
(45)	+ (24)(39)
(51)	+ (44)(45)
(63)	* (51)(17)
(66)	+ (63)(14)
(89)	-5.695454138402795
(93)	sin(89)
(139)	* (93)(66)
