(17)	-19.475917504961274
(30)	v3
(37)	/ (30)(17)
(11)	-0.012569790619529897
(15)	abs(11)
(8)	v23
(48)	tan(8)
(10)	8.939583063440875
(0)	v7
(1)	v19
(3)	- (0)(1)
(4)	-18.17375789653889
(6)	* (4)(3)
(14)	tan(8)
(16)	- (14)(6)
(28)	- (16)(10)
(23)	v10
(25)	v7
(42)	+ (23)(25)
(63)	v22
(65)	+ (63)(42)
(69)	* (65)(17)
(81)	- (28)(69)
(5)	cos(1)
(9)	abs(5)
(21)	v9
(34)	+ (21)(9)
(70)	* (34)(4)
(64)	v0
(45)	19.577164869158956
(49)	v0
(53)	* (49)(45)
(7)	-15.126300710351872
(19)	* (11)(7)
(20)	v22
(67)	/ (19)(20)
(73)	- (53)(67)
(85)	+ (73)(64)
(91)	+ (85)(70)
(99)	v26
(106)	* (91)(99)
(110)	- (106)(81)
(113)	- (110)(48)
(127)	* (15)(113)
(139)	- (37)(127)
