(9)	4.054617527267279
(12)	sin(9)
(18)	v4
(34)	- (12)(18)
(37)	sin(34)
(71)	cos(37)
(5)	-5.684630658078248
(16)	e(5)
(33)	v5
(54)	/ (16)(33)
(73)	-0.24239470092917514
(26)	v24
(4)	-7.529855202528344
(8)	15.148544930642458
(11)	+ (8)(4)
(14)	v14
(20)	+ (14)(11)
(35)	cos(20)
(38)	+ (26)(35)
(48)	cos(38)
(17)	v6
(30)	+ (9)(17)
(1)	0.8840457241211688
(42)	v16
(0)	v7
(6)	v10
(24)	- (6)(9)
(41)	* (12)(24)
(45)	- (41)(0)
(47)	+ (42)(45)
(50)	* (1)(47)
(69)	- (50)(30)
(77)	+ (69)(48)
(2)	v24
(3)	+ (0)(2)
(10)	sin(3)
(21)	cos(10)
(23)	abs(21)
(78)	e(23)
(108)	/ (77)(78)
(113)	- (73)(108)
(123)	+ (113)(54)
(139)	* (71)(123)
