(41)	v18
(32)	v16
(22)	v0
(34)	v26
(46)	+ (34)(22)
(50)	- (46)(32)
(66)	-1.1983290178411075
(76)	/ (50)(66)
(109)	- (76)(41)
(29)	-7.149967873278712
(3)	v6
(1)	v9
(2)	abs(1)
(10)	* (2)(3)
(11)	+ (3)(10)
(30)	-19.991727615397767
(19)	v9
(21)	sin(19)
(33)	cos(21)
(40)	+ (30)(33)
(43)	- (11)(40)
(75)	sin(46)
(13)	4.407795829549137
(7)	v22
(15)	/ (1)(7)
(27)	v12
(31)	* (27)(15)
(38)	+ (31)(13)
(4)	/ (3)(1)
(0)	v22
(16)	+ (15)(0)
(24)	/ (4)(16)
(49)	/ (33)(24)
(77)	abs(49)
(96)	+ (38)(77)
(108)	- (96)(75)
(126)	/ (43)(108)
(138)	/ (126)(29)
(139)	* (109)(138)
