(6)	-4.47387583519296
(0)	9.34896585329582
(1)	v6
(3)	sin(1)
(4)	v13
(7)	- (3)(4)
(11)	- (7)(0)
(18)	/ (11)(6)
(21)	-1.5423684777404247
(33)	-2.2793426708644233
(50)	- (21)(33)
(56)	+ (18)(50)
(98)	v1
(20)	-2.1158859994983246
(43)	tan(20)
(12)	v5
(2)	v21
(13)	v20
(17)	+ (13)(2)
(28)	+ (12)(17)
(40)	v15
(42)	v27
(45)	/ (42)(21)
(47)	+ (45)(40)
(73)	+ (28)(47)
(22)	6.562372912492972
(30)	/ (1)(22)
(16)	v24
(51)	abs(28)
(53)	* (51)(16)
(31)	v3
(52)	* (31)(20)
(58)	-5.187344317805472
(62)	+ (52)(58)
(75)	+ (53)(62)
(79)	* (30)(75)
(102)	+ (73)(79)
(116)	/ (102)(43)
(133)	+ (98)(116)
(139)	/ (133)(56)
