(99)	-7.626294993500826
(101)	cos(99)
(113)	tan(101)
(2)	v5
(12)	v1
(13)	+ (12)(2)
(17)	v21
(55)	+ (13)(17)
(37)	v17
(0)	-2.3954303195786117
(4)	sin(0)
(21)	v4
(24)	* (4)(21)
(25)	abs(24)
(7)	v5
(1)	v4
(8)	v25
(11)	* (8)(8)
(18)	+ (1)(11)
(20)	- (18)(7)
(28)	e(20)
(30)	v18
(40)	sin(30)
(42)	/ (40)(28)
(46)	+ (42)(25)
(52)	- (46)(37)
(31)	- (20)(25)
(34)	3.8554155079807337
(36)	/ (34)(31)
(60)	sin(36)
(62)	cos(60)
(27)	cos(1)
(33)	v15
(64)	+ (27)(33)
(70)	* (62)(64)
(87)	- (70)(52)
(121)	+ (55)(87)
(139)	* (121)(113)
