(0)	v28
(1)	v20
(2)	- (1)(0)
(4)	cos(2)
(12)	v11
(31)	+ (12)(4)
(3)	-11.656736388313064
(5)	- (3)(2)
(15)	sin(5)
(16)	9.129032215220331
(24)	cos(16)
(26)	* (15)(24)
(36)	cos(26)
(47)	* (31)(36)
(6)	cos(3)
(17)	* (15)(6)
(14)	v5
(44)	/ (14)(24)
(55)	+ (44)(17)
(23)	v21
(63)	+ (0)(23)
(76)	- (63)(55)
(87)	+ (47)(76)
(37)	-17.546111529402452
(39)	tan(37)
(10)	v23
(35)	abs(5)
(72)	-2.6968767909098865
(74)	/ (72)(35)
(86)	- (74)(10)
(96)	sin(86)
(98)	tan(17)
(114)	+ (98)(96)
(119)	- (39)(114)
(139)	/ (87)(119)
