(0)	v16
(1)	v25
(2)	/ (0)(1)
(16)	cos(2)
(33)	- (16)(16)
(18)	11.145626901559005
(28)	cos(18)
(29)	v26
(10)	v13
(7)	v21
(17)	cos(7)
(19)	* (10)(17)
(21)	sin(19)
(24)	tan(21)
(3)	v11
(4)	sin(3)
(6)	sin(2)
(9)	- (6)(4)
(32)	- (9)(7)
(44)	+ (32)(24)
(52)	+ (29)(44)
(81)	* (28)(52)
(11)	v3
(20)	v20
(23)	+ (11)(20)
(15)	v5
(25)	+ (15)(4)
(39)	+ (25)(23)
(12)	11.687420468750776
(31)	tan(12)
(42)	e(31)
(57)	* (39)(42)
(43)	v27
(59)	- (15)(43)
(76)	7.001455813217845
(88)	/ (59)(76)
(92)	- (57)(88)
(105)	- (81)(92)
(139)	- (33)(105)
