(32)	0.35322293511916314
(0)	v11
(16)	v5
(1)	-2.2120410207816477
(3)	* (1)(1)
(17)	v4
(18)	/ (17)(3)
(19)	+ (16)(18)
(21)	cos(19)
(36)	+ (0)(21)
(51)	v20
(2)	/ (0)(1)
(4)	sin(2)
(7)	v23
(13)	- (7)(4)
(20)	cos(13)
(52)	cos(20)
(66)	* (52)(51)
(94)	+ (36)(66)
(12)	+ (7)(2)
(8)	v18
(15)	sin(8)
(27)	- (15)(12)
(40)	cos(27)
(9)	v21
(10)	+ (2)(9)
(37)	v5
(59)	+ (10)(37)
(63)	- (40)(59)
(60)	v4
(79)	cos(60)
(6)	v10
(22)	- (0)(20)
(5)	/ (3)(3)
(14)	- (2)(5)
(24)	- (2)(14)
(25)	* (24)(14)
(31)	/ (25)(1)
(38)	+ (22)(31)
(76)	cos(38)
(82)	* (76)(6)
(93)	* (79)(82)
(95)	- (63)(93)
(105)	- (94)(95)
(139)	* (32)(105)
