(47)	3.4213195075295353
(32)	v5
(13)	v14
(28)	-1.3968190551051052
(30)	/ (13)(28)
(35)	v20
(40)	+ (30)(35)
(64)	+ (40)(13)
(71)	+ (64)(32)
(51)	v21
(0)	v26
(1)	v18
(3)	- (0)(1)
(5)	v2
(6)	+ (5)(3)
(7)	* (3)(6)
(11)	-8.756575719068906
(17)	+ (11)(7)
(2)	12.72471166785212
(18)	/ (1)(2)
(19)	* (18)(17)
(56)	* (19)(40)
(63)	+ (56)(51)
(14)	-2.0691815860473426
(21)	v2
(33)	+ (21)(3)
(34)	sin(33)
(50)	+ (34)(34)
(70)	/ (50)(14)
(89)	+ (70)(63)
(99)	+ (71)(89)
(102)	/ (99)(47)
(8)	v23
(4)	v16
(10)	tan(4)
(12)	+ (10)(8)
(15)	v10
(25)	- (12)(15)
(55)	e(25)
(57)	cos(21)
(74)	- (55)(57)
(83)	+ (47)(74)
(96)	v11
(103)	/ (96)(83)
(139)	+ (102)(103)
