(60)	-1.7113505255003432
(49)	-6.344130596748595
(1)	5.041098802549925
(9)	v1
(11)	* (9)(1)
(27)	sin(11)
(33)	+ (27)(27)
(55)	v5
(30)	v25
(36)	/ (30)(11)
(45)	v26
(63)	- (36)(45)
(69)	sin(63)
(73)	+ (55)(69)
(83)	- (73)(33)
(85)	+ (49)(83)
(91)	/ (60)(85)
(97)	e(91)
(108)	e(97)
(25)	v7
(2)	-1.1921707019352432
(20)	-6.975886497466144
(35)	- (2)(20)
(18)	-3.2808959517767455
(21)	+ (18)(18)
(47)	- (11)(21)
(50)	/ (47)(35)
(70)	+ (50)(25)
(14)	v27
(12)	v0
(17)	sin(12)
(28)	tan(17)
(29)	+ (28)(14)
(22)	v25
(15)	v1
(16)	* (15)(14)
(19)	sin(16)
(4)	v27
(24)	- (4)(12)
(26)	- (19)(24)
(42)	abs(26)
(44)	+ (22)(42)
(46)	- (29)(44)
(74)	v9
(86)	+ (74)(46)
(119)	+ (70)(86)
(139)	/ (119)(108)
