(5)	v25
(29)	v3
(30)	- (5)(29)
(37)	v22
(41)	- (37)(30)
(10)	v0
(0)	v0
(2)	abs(0)
(3)	* (2)(2)
(8)	e(3)
(4)	v15
(9)	cos(4)
(20)	e(2)
(22)	+ (9)(20)
(23)	- (8)(22)
(31)	* (23)(10)
(44)	abs(31)
(50)	-2.741612661838005
(56)	- (50)(44)
(86)	/ (41)(56)
(35)	-1.3542568628942142
(40)	* (3)(35)
(43)	cos(40)
(67)	/ (43)(8)
(79)	- (67)(50)
(7)	v20
(13)	v12
(14)	+ (7)(13)
(11)	sin(9)
(15)	- (11)(0)
(42)	- (14)(15)
(16)	sin(13)
(21)	v5
(48)	* (16)(21)
(63)	cos(48)
(81)	+ (63)(42)
(94)	/ (81)(79)
(139)	+ (86)(94)
