(1)	v20
(0)	v28
(2)	sin(0)
(3)	e(2)
(4)	- (1)(3)
(5)	cos(4)
(20)	cos(5)
(30)	10.27293868519854
(14)	v0
(13)	v12
(17)	v22
(18)	- (13)(17)
(7)	- (5)(1)
(8)	e(7)
(11)	5.41787858151492
(19)	+ (11)(8)
(15)	16.448081220431234
(12)	v25
(16)	+ (12)(12)
(21)	- (12)(17)
(10)	- (3)(4)
(25)	- (10)(16)
(31)	- (25)(21)
(32)	- (16)(31)
(34)	+ (32)(15)
(38)	/ (34)(19)
(39)	+ (38)(18)
(46)	+ (14)(39)
(54)	-3.5496789161426747
(52)	v28
(66)	abs(52)
(68)	- (66)(54)
(83)	* (68)(46)
(104)	/ (83)(30)
(139)	- (104)(20)
