(64)	1.820282098161691
(37)	v12
(2)	v24
(3)	v25
(6)	- (3)(2)
(7)	-19.818662116312645
(8)	cos(7)
(10)	* (6)(8)
(38)	v3
(41)	- (10)(38)
(68)	+ (41)(37)
(71)	/ (68)(64)
(77)	v0
(83)	+ (71)(77)
(13)	-5.759973527421579
(25)	cos(13)
(35)	e(25)
(20)	e(3)
(60)	cos(20)
(66)	+ (60)(35)
(0)	v20
(4)	v22
(15)	- (0)(4)
(18)	- (6)(15)
(72)	abs(18)
(74)	+ (66)(72)
(1)	v8
(17)	+ (1)(6)
(19)	v16
(27)	+ (17)(19)
(29)	v6
(73)	- (27)(29)
(82)	+ (15)(73)
(91)	/ (82)(74)
(128)	+ (83)(91)
(88)	5.516375891284721
(125)	/ (74)(88)
(129)	abs(125)
(139)	* (129)(128)
