(15)	4.311446904973778
(16)	sin(15)
(5)	13.116620947735399
(19)	abs(5)
(50)	* (16)(19)
(22)	v27
(53)	v24
(60)	+ (22)(53)
(88)	cos(60)
(92)	+ (88)(50)
(2)	v25
(4)	sin(2)
(6)	/ (4)(5)
(28)	8.456168880933419
(0)	v18
(3)	v7
(17)	* (3)(2)
(7)	v17
(13)	v1
(25)	- (7)(13)
(30)	+ (17)(25)
(37)	sin(30)
(66)	* (37)(0)
(47)	v13
(79)	cos(47)
(80)	* (66)(79)
(91)	+ (80)(28)
(111)	- (6)(91)
(112)	/ (111)(92)
(12)	v25
(14)	- (12)(3)
(1)	v27
(26)	sin(1)
(32)	v17
(35)	+ (26)(32)
(11)	cos(4)
(23)	v11
(42)	* (23)(11)
(45)	+ (42)(35)
(51)	- (45)(14)
(136)	* (112)(51)
(139)	* (136)(112)
