(22)	v7
(1)	v24
(2)	cos(1)
(3)	sin(2)
(6)	2.8362576404777293
(9)	- (3)(6)
(0)	11.513601597922172
(4)	-8.135845421335572
(7)	+ (4)(3)
(12)	tan(7)
(13)	+ (0)(12)
(18)	3.836859037380691
(29)	/ (18)(13)
(38)	+ (29)(9)
(39)	/ (22)(38)
(30)	v22
(46)	-9.535570281747606
(59)	/ (30)(46)
(66)	+ (59)(39)
(58)	3.8938965878667773
(81)	v27
(97)	/ (81)(58)
(49)	5.280372293170906
(72)	cos(49)
(35)	v25
(21)	v11
(26)	sin(21)
(42)	v17
(61)	+ (42)(26)
(90)	- (61)(35)
(124)	* (72)(90)
(125)	+ (124)(97)
(139)	- (125)(66)
