(15)	-5.3789590924816455
(1)	v25
(3)	* (1)(1)
(6)	v1
(14)	- (6)(3)
(21)	sin(14)
(31)	/ (21)(15)
(33)	sin(31)
(22)	cos(1)
(26)	v24
(37)	cos(26)
(40)	* (37)(22)
(44)	/ (40)(15)
(45)	e(44)
(0)	v17
(7)	v7
(8)	- (1)(7)
(10)	- (8)(0)
(35)	+ (10)(31)
(54)	+ (31)(35)
(64)	/ (54)(45)
(24)	+ (10)(8)
(46)	v11
(51)	+ (46)(24)
(36)	-2.8839656797016957
(27)	cos(24)
(17)	v6
(2)	v23
(9)	cos(2)
(13)	tan(9)
(20)	10.394248769507364
(23)	- (20)(13)
(32)	- (17)(23)
(47)	- (27)(32)
(60)	/ (36)(47)
(73)	* (60)(51)
(87)	+ (73)(64)
(139)	- (33)(87)
