(23)	v25
(3)	v11
(8)	v7
(24)	+ (3)(8)
(25)	- (24)(23)
(39)	1.3848609654138642
(40)	/ (25)(39)
(4)	3.8564968046669605
(9)	-11.49508365242859
(12)	sin(9)
(16)	* (12)(4)
(7)	v27
(34)	12.373268828984592
(27)	v12
(14)	v17
(17)	- (7)(14)
(19)	abs(17)
(10)	cos(3)
(15)	v2
(20)	+ (10)(15)
(22)	tan(20)
(28)	+ (22)(19)
(38)	cos(28)
(41)	e(38)
(49)	+ (27)(41)
(56)	- (34)(49)
(58)	/ (7)(56)
(63)	* (58)(16)
(73)	+ (63)(40)
(26)	/ (20)(4)
(43)	- (26)(14)
(65)	e(41)
(6)	v16
(0)	v0
(1)	v1
(2)	/ (0)(1)
(13)	* (12)(2)
(37)	cos(13)
(45)	/ (6)(37)
(66)	cos(45)
(69)	/ (66)(65)
(77)	- (43)(69)
(101)	- (73)(77)
(31)	7.001805949737673
(18)	sin(2)
(30)	abs(14)
(33)	- (30)(10)
(52)	- (33)(18)
(72)	+ (56)(52)
(124)	/ (31)(72)
(139)	* (124)(101)
