(29)	v0
(10)	-12.818941302764753
(14)	v9
(16)	0.7538153542756021
(20)	+ (14)(16)
(30)	+ (20)(10)
(4)	v26
(12)	v22
(26)	- (12)(4)
(31)	tan(26)
(33)	v2
(34)	/ (33)(31)
(35)	cos(34)
(51)	- (35)(30)
(52)	+ (51)(29)
(74)	5.65446155028684
(85)	/ (74)(52)
(21)	v27
(8)	-3.355043911036063
(32)	/ (26)(8)
(42)	- (21)(32)
(6)	v7
(2)	v25
(0)	v4
(7)	v11
(18)	sin(7)
(48)	- (18)(0)
(54)	cos(48)
(56)	abs(54)
(62)	* (56)(2)
(65)	- (6)(62)
(27)	v17
(70)	+ (27)(18)
(78)	+ (70)(65)
(9)	2.4869524926936073
(23)	1.0263575108124066
(45)	+ (42)(23)
(47)	/ (45)(8)
(55)	- (9)(47)
(77)	- (21)(48)
(88)	/ (77)(55)
(96)	- (88)(78)
(98)	- (42)(96)
(139)	* (98)(85)
