(60)	-2.8911144166207308
(63)	abs(60)
(1)	v7
(0)	18.45837947340847
(2)	* (1)(0)
(3)	* (2)(1)
(21)	e(3)
(66)	sin(21)
(77)	+ (66)(63)
(87)	v6
(89)	/ (87)(77)
(47)	-7.07029870481772
(55)	e(47)
(22)	v3
(90)	abs(22)
(6)	-0.09120875541367468
(14)	* (6)(3)
(16)	+ (14)(2)
(20)	-12.33567744743203
(24)	* (20)(16)
(23)	tan(3)
(4)	+ (2)(1)
(29)	abs(4)
(48)	* (29)(23)
(52)	- (20)(48)
(10)	-6.625923873476967
(13)	- (0)(10)
(26)	/ (13)(6)
(39)	v15
(9)	v24
(12)	v9
(19)	+ (9)(12)
(36)	- (22)(19)
(38)	v20
(41)	- (38)(36)
(42)	+ (41)(39)
(91)	* (26)(42)
(99)	+ (91)(52)
(121)	+ (24)(99)
(124)	- (90)(121)
(133)	* (55)(124)
(139)	+ (133)(89)
