(3)	v14
(4)	abs(3)
(6)	e(4)
(0)	v7
(11)	* (6)(0)
(16)	+ (11)(6)
(27)	sin(16)
(28)	abs(27)
(29)	sin(28)
(43)	e(29)
(55)	-3.700249674097833
(31)	v7
(35)	abs(31)
(84)	sin(35)
(90)	/ (84)(55)
(117)	* (90)(43)
(125)	0.025494665368132274
(44)	v11
(48)	v8
(49)	11.489057711585815
(53)	- (48)(49)
(8)	v6
(14)	v16
(15)	cos(14)
(17)	+ (15)(8)
(37)	- (28)(17)
(67)	-8.123425876157606
(72)	* (37)(67)
(24)	v22
(61)	v24
(62)	- (24)(61)
(77)	* (62)(55)
(79)	+ (72)(77)
(21)	v10
(1)	v9
(2)	+ (0)(1)
(5)	v15
(26)	+ (2)(5)
(52)	10.377950115335555
(74)	* (52)(26)
(83)	* (11)(28)
(85)	+ (83)(74)
(86)	+ (85)(21)
(101)	+ (86)(79)
(120)	- (53)(101)
(130)	- (44)(120)
(133)	* (125)(130)
(139)	+ (133)(117)
