(36)	v26
(9)	2.70981859659695
(44)	sin(9)
(50)	* (44)(36)
(2)	-12.763098264614637
(3)	sin(2)
(1)	v7
(30)	v27
(51)	+ (30)(1)
(59)	* (51)(3)
(66)	- (50)(59)
(7)	v12
(29)	e(7)
(0)	v13
(4)	- (0)(1)
(14)	v27
(15)	/ (3)(14)
(16)	tan(15)
(24)	- (16)(2)
(33)	+ (24)(4)
(37)	-8.928852720289742
(39)	/ (33)(37)
(101)	- (29)(39)
(90)	sin(59)
(8)	- (1)(4)
(10)	- (8)(2)
(17)	cos(10)
(18)	13.792672596870666
(45)	* (0)(18)
(48)	cos(45)
(53)	+ (9)(48)
(63)	- (17)(53)
(31)	cos(8)
(52)	* (4)(31)
(65)	v9
(91)	+ (52)(65)
(96)	/ (91)(63)
(109)	+ (96)(90)
(120)	/ (109)(101)
(139)	- (66)(120)
