(33)	v27
(34)	sin(33)
(24)	v7
(1)	v18
(2)	v4
(15)	+ (2)(1)
(18)	sin(15)
(11)	v8
(3)	v4
(4)	+ (3)(2)
(8)	+ (2)(4)
(9)	3.055597777080912
(10)	+ (8)(9)
(12)	abs(9)
(16)	+ (12)(10)
(22)	- (11)(16)
(29)	/ (18)(22)
(51)	- (24)(29)
(73)	+ (51)(34)
(0)	v9
(37)	v26
(41)	* (37)(24)
(46)	sin(41)
(58)	abs(46)
(52)	v26
(13)	cos(3)
(17)	- (0)(1)
(30)	- (13)(17)
(31)	cos(30)
(47)	* (31)(2)
(55)	sin(15)
(66)	* (55)(47)
(74)	- (66)(52)
(95)	- (74)(58)
(99)	- (0)(95)
(107)	+ (73)(99)
(63)	15.402454578245631
(108)	sin(63)
(139)	* (108)(107)
