(30)	-1.5644827554335734
(12)	v12
(17)	v13
(54)	+ (17)(12)
(25)	-3.6920443076221474
(47)	- (17)(25)
(6)	v28
(9)	v3
(16)	v6
(24)	* (16)(9)
(56)	- (6)(24)
(57)	/ (56)(47)
(58)	- (57)(54)
(7)	4.1389787852975815
(26)	v13
(22)	v10
(29)	sin(22)
(40)	- (26)(29)
(0)	2.7930882082456705
(1)	v4
(4)	/ (1)(0)
(14)	tan(4)
(27)	cos(14)
(18)	v19
(5)	v21
(20)	abs(5)
(23)	* (18)(20)
(2)	-0.18693259588633637
(3)	- (0)(2)
(28)	- (20)(3)
(31)	- (28)(23)
(46)	- (27)(31)
(48)	- (46)(40)
(75)	/ (7)(48)
(15)	v17
(37)	- (12)(15)
(86)	+ (12)(37)
(101)	/ (86)(75)
(133)	+ (101)(58)
(139)	/ (133)(30)
