(32)	v3
(33)	-3.0458428593259086
(50)	+ (32)(33)
(52)	v17
(60)	- (52)(50)
(8)	v28
(9)	v17
(28)	- (9)(8)
(3)	v13
(7)	-19.721860848440826
(10)	* (7)(3)
(18)	+ (7)(7)
(23)	/ (10)(18)
(30)	sin(23)
(71)	+ (30)(28)
(101)	/ (71)(60)
(11)	v9
(14)	/ (10)(7)
(15)	* (14)(11)
(29)	- (7)(15)
(36)	16.62527671460343
(68)	/ (29)(36)
(6)	v12
(12)	sin(6)
(35)	10.384471271345394
(40)	+ (12)(35)
(47)	sin(40)
(53)	* (3)(47)
(1)	v18
(2)	e(1)
(4)	e(2)
(22)	/ (12)(4)
(26)	* (22)(22)
(20)	v19
(21)	v7
(41)	+ (21)(20)
(45)	cos(1)
(83)	- (45)(41)
(85)	* (26)(83)
(86)	+ (85)(53)
(125)	/ (86)(68)
(139)	+ (101)(125)
