(60)	3.528319536505972
(97)	-12.345390133798615
(53)	1.7973548792437164
(34)	v17
(2)	v17
(8)	e(2)
(6)	v19
(13)	sin(6)
(14)	+ (13)(13)
(27)	/ (8)(14)
(29)	e(27)
(37)	abs(29)
(42)	+ (37)(2)
(0)	v28
(11)	sin(0)
(15)	sin(11)
(17)	3.576366134188234
(20)	+ (17)(11)
(26)	sin(14)
(28)	/ (20)(26)
(32)	* (15)(28)
(39)	+ (6)(32)
(43)	-5.965492066142048
(68)	* (39)(43)
(71)	/ (42)(68)
(83)	sin(71)
(25)	-5.141392758248088
(50)	abs(25)
(3)	v6
(16)	- (3)(0)
(21)	sin(16)
(30)	- (16)(21)
(49)	+ (28)(30)
(18)	v13
(45)	e(18)
(61)	v12
(62)	- (61)(45)
(64)	/ (62)(28)
(74)	* (64)(49)
(88)	- (50)(74)
(92)	+ (83)(88)
(108)	+ (34)(92)
(126)	/ (53)(108)
(138)	* (126)(97)
(139)	+ (138)(60)
