(5)	v13
(6)	cos(5)
(14)	v17
(20)	- (6)(14)
(21)	v2
(24)	+ (20)(21)
(26)	v27
(37)	- (24)(26)
(0)	v19
(3)	v13
(11)	- (3)(0)
(15)	sin(11)
(31)	3.0447944005128846
(38)	+ (15)(31)
(44)	/ (37)(38)
(22)	v8
(25)	-7.140968996857211
(30)	tan(25)
(45)	/ (22)(30)
(62)	- (45)(44)
(1)	v23
(13)	e(1)
(16)	tan(0)
(2)	cos(0)
(27)	8.803658247465922
(33)	/ (2)(27)
(56)	* (16)(33)
(74)	/ (56)(13)
(4)	+ (2)(3)
(8)	cos(1)
(23)	3.1754646124249675
(41)	+ (23)(8)
(53)	/ (4)(41)
(54)	v8
(76)	+ (53)(54)
(78)	+ (76)(74)
(139)	+ (78)(62)
