(7)	v7
(25)	v2
(42)	- (25)(7)
(0)	-1.8092622397497315
(23)	v27
(1)	v26
(15)	-6.091767372285538
(18)	v24
(32)	- (15)(18)
(43)	sin(32)
(48)	- (1)(43)
(65)	+ (48)(23)
(68)	/ (65)(0)
(105)	+ (68)(42)
(71)	9.6902974443409
(29)	-13.292463838993811
(12)	abs(1)
(28)	* (15)(12)
(9)	v12
(17)	- (7)(9)
(22)	6.03796205837757
(44)	* (17)(22)
(47)	+ (44)(28)
(6)	v13
(2)	cos(0)
(5)	v9
(13)	/ (2)(5)
(20)	- (13)(6)
(37)	abs(25)
(51)	/ (37)(20)
(58)	- (51)(47)
(101)	abs(58)
(130)	- (29)(101)
(134)	/ (71)(130)
(139)	* (134)(105)
