(10)	-0.4548171287379361
(11)	v7
(0)	v2
(5)	9.333070678243516
(7)	cos(5)
(12)	- (0)(7)
(13)	- (12)(11)
(18)	* (13)(10)
(1)	v26
(2)	v14
(6)	+ (2)(1)
(8)	-8.332176739850524
(26)	- (6)(8)
(41)	v24
(43)	+ (26)(41)
(46)	+ (43)(26)
(71)	11.77841688613254
(91)	- (46)(71)
(32)	3.3596590839554707
(59)	10.3237519528574
(52)	v24
(34)	-1.3847021872748222
(37)	v21
(38)	/ (18)(37)
(53)	+ (34)(38)
(9)	v26
(16)	sin(12)
(24)	/ (16)(9)
(50)	-2.2868944632327057
(57)	- (10)(53)
(60)	+ (57)(50)
(69)	/ (24)(60)
(82)	- (69)(53)
(83)	/ (82)(52)
(84)	abs(83)
(92)	+ (84)(59)
(112)	- (92)(32)
(126)	/ (91)(112)
(139)	+ (18)(126)
