(23)	14.654879984786774
(37)	cos(23)
(60)	1.9067970428116112
(85)	sin(60)
(106)	+ (85)(37)
(68)	v28
(7)	v6
(20)	v27
(32)	cos(20)
(47)	abs(32)
(0)	v15
(2)	e(0)
(4)	v18
(8)	v20
(10)	+ (2)(8)
(12)	- (4)(10)
(25)	/ (2)(12)
(1)	v12
(5)	cos(1)
(9)	v3
(19)	- (9)(4)
(30)	sin(19)
(31)	* (5)(30)
(36)	/ (31)(25)
(57)	abs(36)
(58)	* (57)(47)
(70)	e(58)
(81)	/ (7)(70)
(86)	+ (81)(68)
(6)	-2.5446675364860347
(14)	e(6)
(16)	+ (1)(14)
(26)	v17
(29)	v26
(34)	+ (29)(30)
(40)	- (26)(34)
(63)	- (16)(40)
(87)	- (20)(63)
(109)	+ (87)(86)
(139)	* (109)(106)
