(116)	v17
(7)	v4
(17)	abs(7)
(8)	4.530793647772224
(0)	-13.072163931414318
(3)	cos(0)
(19)	tan(3)
(37)	+ (8)(19)
(10)	-2.995896631184479
(39)	abs(10)
(42)	+ (37)(39)
(51)	/ (17)(42)
(4)	v13
(9)	- (4)(7)
(11)	abs(9)
(18)	- (11)(4)
(6)	tan(3)
(1)	v26
(15)	sin(1)
(24)	* (6)(15)
(27)	sin(24)
(40)	v7
(43)	- (40)(27)
(64)	+ (18)(43)
(23)	-13.62804310343571
(34)	cos(23)
(48)	tan(10)
(62)	v15
(63)	* (48)(62)
(71)	+ (63)(34)
(81)	* (64)(71)
(107)	+ (51)(81)
(13)	v11
(21)	e(13)
(30)	sin(21)
(49)	+ (30)(21)
(38)	16.23784062990397
(67)	tan(38)
(70)	/ (67)(49)
(86)	cos(70)
(97)	cos(86)
(5)	+ (4)(3)
(14)	cos(5)
(22)	v5
(31)	+ (22)(14)
(104)	- (31)(9)
(114)	* (104)(97)
(133)	- (114)(107)
(137)	sin(133)
(139)	- (116)(137)
