(8)	v27
(12)	abs(8)
(30)	2.590703856389183
(47)	+ (12)(30)
(2)	v4
(9)	v5
(21)	sin(9)
(34)	+ (21)(2)
(51)	abs(34)
(52)	+ (51)(47)
(13)	v18
(16)	-7.524598220277943
(24)	/ (13)(16)
(27)	e(13)
(35)	- (24)(27)
(72)	e(35)
(79)	- (72)(47)
(103)	/ (79)(52)
(94)	0.7290570114082442
(75)	2.7616188244028876
(3)	19.707553544580833
(18)	v13
(33)	+ (18)(3)
(50)	cos(33)
(54)	+ (34)(50)
(60)	sin(54)
(62)	v26
(74)	+ (60)(62)
(1)	v28
(5)	v17
(6)	+ (1)(5)
(11)	+ (6)(8)
(15)	v2
(19)	v6
(25)	- (19)(15)
(44)	+ (25)(13)
(101)	+ (11)(44)
(118)	- (74)(101)
(123)	/ (75)(118)
(130)	* (123)(94)
(139)	/ (103)(130)
