(18)	3.959355428606788
(8)	-1.6499216464722686
(23)	v26
(0)	v12
(2)	v17
(4)	- (0)(2)
(15)	v5
(16)	sin(15)
(6)	v27
(19)	- (6)(4)
(22)	- (16)(19)
(30)	+ (22)(4)
(26)	v28
(5)	-2.269116462187391
(21)	- (8)(5)
(24)	* (21)(8)
(14)	v28
(28)	v6
(35)	+ (28)(14)
(39)	* (24)(35)
(49)	- (39)(26)
(53)	+ (30)(49)
(58)	+ (53)(23)
(105)	/ (58)(8)
(59)	6.245158390719002
(1)	v26
(3)	sin(1)
(29)	abs(3)
(60)	e(29)
(61)	+ (60)(59)
(37)	v20
(43)	- (19)(37)
(65)	sin(43)
(122)	- (61)(65)
(128)	/ (105)(122)
(139)	* (128)(18)
