(9)	-2.531874320062446
(59)	abs(9)
(36)	v7
(40)	v26
(49)	- (36)(40)
(2)	v5
(11)	- (9)(2)
(1)	5.073918490841642
(3)	cos(1)
(17)	v15
(28)	* (17)(3)
(33)	/ (28)(11)
(48)	cos(33)
(0)	v13
(6)	v1
(7)	sin(6)
(21)	+ (17)(7)
(23)	/ (21)(9)
(76)	+ (0)(23)
(90)	abs(76)
(93)	* (90)(48)
(94)	+ (93)(49)
(52)	v3
(30)	+ (1)(28)
(55)	v1
(62)	/ (55)(55)
(71)	- (62)(30)
(104)	/ (52)(71)
(115)	+ (104)(2)
(128)	+ (115)(94)
(129)	/ (128)(59)
(56)	v17
(4)	+ (3)(2)
(18)	v4
(34)	+ (4)(18)
(37)	1.4774656841825617
(81)	/ (34)(37)
(95)	- (56)(81)
(39)	v13
(13)	v4
(15)	sin(13)
(50)	cos(15)
(100)	* (50)(39)
(134)	+ (100)(95)
(139)	+ (134)(129)
