(19)	v18
(0)	v28
(1)	v17
(4)	+ (1)(1)
(20)	+ (4)(0)
(26)	+ (20)(19)
(32)	-5.719461154391228
(38)	/ (32)(26)
(25)	-1.8147877119786386
(2)	v26
(3)	v26
(7)	+ (3)(2)
(13)	v6
(17)	- (13)(7)
(5)	v10
(9)	v4
(10)	v27
(14)	- (10)(9)
(35)	* (5)(14)
(36)	+ (35)(17)
(43)	/ (36)(26)
(21)	-1.4552014396717396
(15)	v5
(16)	v1
(27)	- (16)(15)
(24)	v13
(28)	v3
(30)	- (24)(28)
(34)	+ (27)(30)
(70)	/ (34)(21)
(76)	+ (70)(9)
(86)	/ (26)(76)
(8)	v14
(33)	sin(8)
(44)	* (27)(33)
(72)	cos(44)
(95)	e(72)
(98)	/ (95)(86)
(101)	- (43)(98)
(129)	- (25)(101)
(139)	/ (129)(38)
