(1)	-0.8181629055258739
(4)	v11
(7)	- (4)(1)
(13)	v21
(14)	+ (7)(13)
(0)	v5
(12)	v4
(16)	+ (0)(12)
(28)	+ (14)(16)
(20)	3.053055321496082
(37)	/ (7)(20)
(44)	cos(37)
(54)	+ (28)(44)
(45)	10.475076984632913
(15)	-15.15128276269817
(67)	abs(15)
(78)	+ (45)(67)
(2)	v12
(38)	+ (37)(1)
(39)	- (2)(38)
(41)	+ (20)(39)
(34)	v6
(33)	v24
(9)	v23
(30)	abs(13)
(40)	- (9)(30)
(46)	sin(40)
(47)	+ (33)(46)
(48)	- (34)(47)
(49)	+ (48)(41)
(66)	/ (54)(41)
(69)	/ (49)(66)
(3)	v5
(10)	- (3)(9)
(17)	+ (10)(0)
(56)	sin(17)
(57)	7.683181298295537
(80)	+ (56)(57)
(88)	- (80)(69)
(123)	/ (78)(88)
(139)	/ (54)(123)
