(6)	3.848295512266141
(16)	v21
(22)	/ (16)(6)
(9)	v18
(12)	/ (9)(9)
(3)	v16
(10)	-5.515545726254736
(14)	+ (3)(10)
(15)	e(9)
(17)	- (14)(15)
(24)	/ (17)(3)
(28)	/ (12)(24)
(4)	v5
(0)	v20
(5)	v11
(13)	+ (0)(5)
(27)	+ (13)(4)
(31)	-4.631108781555856
(11)	v15
(33)	abs(11)
(37)	- (31)(33)
(39)	/ (27)(37)
(49)	- (28)(39)
(69)	+ (49)(22)
(85)	5.433735663813319
(29)	- (0)(27)
(30)	v12
(67)	+ (29)(30)
(38)	v0
(40)	v6
(18)	v4
(19)	sin(18)
(51)	tan(19)
(57)	- (51)(40)
(68)	+ (38)(57)
(101)	- (68)(67)
(108)	/ (101)(85)
(139)	+ (69)(108)
