(62)	3.9229019615295293
(46)	3.061692374709594
(27)	-7.363977239617823
(6)	8.752598932635095
(2)	v22
(15)	abs(2)
(16)	+ (15)(6)
(4)	v15
(8)	-8.54521603139272
(17)	tan(8)
(9)	v7
(22)	v22
(30)	+ (22)(9)
(36)	/ (30)(17)
(37)	+ (4)(36)
(45)	- (37)(16)
(53)	/ (45)(27)
(58)	* (53)(46)
(14)	v18
(1)	v11
(10)	v6
(13)	+ (10)(1)
(0)	v22
(3)	abs(0)
(5)	/ (0)(3)
(18)	sin(5)
(20)	- (13)(18)
(29)	- (14)(20)
(39)	v0
(42)	+ (5)(39)
(50)	4.843347249196093
(52)	+ (42)(50)
(67)	/ (29)(52)
(71)	+ (67)(58)
(139)	- (62)(71)
