(2)	v4
(3)	-18.95027121252752
(9)	- (2)(3)
(10)	10.818940233874862
(15)	tan(10)
(21)	/ (15)(9)
(0)	v22
(16)	v21
(41)	sin(16)
(32)	v15
(44)	v27
(46)	+ (44)(32)
(51)	+ (41)(46)
(13)	v7
(4)	abs(0)
(7)	+ (4)(2)
(5)	v6
(43)	abs(2)
(53)	* (5)(43)
(63)	- (7)(53)
(6)	* (3)(2)
(11)	tan(6)
(18)	cos(11)
(22)	abs(18)
(31)	v8
(20)	- (13)(0)
(29)	cos(20)
(48)	v24
(65)	* (44)(48)
(72)	* (29)(65)
(80)	- (72)(31)
(87)	+ (80)(22)
(94)	- (63)(87)
(106)	- (94)(13)
(116)	- (106)(51)
(120)	- (0)(116)
(139)	* (120)(21)
