(3)	-1.0996325998754841
(34)	e(3)
(77)	-4.1807279686099985
(80)	cos(77)
(4)	v10
(5)	-3.4839709803521437
(9)	/ (5)(4)
(17)	sin(9)
(19)	1.108266918897165
(24)	+ (17)(19)
(38)	sin(24)
(0)	v14
(1)	v7
(2)	- (0)(1)
(6)	/ (3)(2)
(8)	sin(6)
(10)	abs(8)
(37)	v24
(40)	* (10)(37)
(43)	- (40)(38)
(52)	v9
(83)	cos(52)
(87)	- (83)(43)
(88)	cos(87)
(98)	/ (88)(80)
(22)	v15
(33)	+ (0)(22)
(67)	+ (33)(4)
(35)	-2.7226492915452596
(20)	v19
(32)	v21
(103)	- (32)(20)
(106)	/ (103)(35)
(120)	+ (106)(67)
(124)	+ (120)(98)
(139)	* (34)(124)
