(21)	v24
(13)	-2.5577614187497346
(15)	-5.601599208771088
(17)	cos(15)
(22)	/ (13)(17)
(25)	/ (21)(22)
(30)	e(25)
(52)	10.959130777736593
(9)	0.05694686851778741
(4)	v12
(6)	cos(4)
(10)	cos(6)
(12)	cos(10)
(20)	* (12)(9)
(5)	-3.0591408581704904
(32)	v9
(35)	- (5)(32)
(2)	v27
(24)	v14
(26)	+ (24)(2)
(41)	v3
(43)	/ (35)(25)
(44)	sin(43)
(45)	abs(44)
(47)	* (41)(45)
(39)	v10
(0)	-0.42597910980882503
(14)	- (0)(13)
(42)	tan(14)
(48)	/ (39)(42)
(57)	- (48)(47)
(58)	- (57)(26)
(62)	- (58)(30)
(64)	- (35)(62)
(69)	* (64)(20)
(128)	* (52)(69)
(139)	+ (30)(128)
