(13)	-7.249190204056081
(38)	e(13)
(11)	-18.685883834911856
(0)	v10
(19)	v14
(30)	+ (0)(19)
(40)	* (30)(11)
(27)	v24
(1)	v2
(2)	abs(1)
(3)	tan(0)
(7)	sin(1)
(16)	+ (1)(7)
(26)	+ (16)(3)
(45)	* (2)(26)
(50)	+ (27)(45)
(51)	+ (50)(40)
(58)	* (38)(51)
(5)	-12.606930486753845
(25)	+ (5)(11)
(29)	sin(1)
(55)	+ (29)(25)
(15)	-5.134476099477951
(23)	/ (7)(2)
(33)	v15
(44)	- (33)(23)
(59)	* (44)(15)
(68)	+ (55)(59)
(73)	* (68)(58)
(46)	-2.095397940194541
(39)	- (27)(23)
(72)	- (44)(39)
(89)	/ (72)(46)
(139)	- (73)(89)
