(3)	2.444866146129069
(2)	v12
(14)	e(2)
(8)	v9
(9)	18.468747288056555
(11)	/ (9)(8)
(21)	abs(11)
(22)	cos(21)
(26)	* (14)(22)
(33)	- (3)(26)
(0)	-8.011131050419497
(4)	v15
(6)	/ (4)(3)
(7)	+ (6)(0)
(38)	+ (7)(8)
(43)	cos(38)
(19)	v6
(25)	sin(19)
(57)	sin(25)
(60)	- (57)(43)
(76)	/ (60)(33)
(17)	-6.112830751051742
(12)	v14
(23)	16.67526342658745
(46)	+ (12)(23)
(80)	/ (46)(17)
(15)	v10
(18)	+ (15)(7)
(30)	- (7)(18)
(37)	v14
(75)	- (30)(37)
(78)	v24
(85)	+ (78)(75)
(112)	/ (85)(80)
(127)	+ (112)(6)
(139)	+ (127)(76)
