(1)	-9.541272968644762
(2)	v18
(3)	- (1)(2)
(4)	/ (3)(1)
(9)	v17
(15)	/ (9)(4)
(43)	v12
(55)	- (15)(43)
(13)	4.556265058538209
(0)	v2
(5)	14.051105322643402
(7)	+ (5)(2)
(12)	- (0)(7)
(23)	sin(12)
(30)	tan(23)
(66)	+ (13)(30)
(69)	/ (55)(66)
(37)	v22
(10)	10.368986219140417
(18)	+ (10)(12)
(19)	3.002606588542335
(28)	sin(19)
(38)	/ (28)(18)
(41)	cos(38)
(47)	* (41)(37)
(49)	0.3940811569100404
(53)	* (49)(47)
(63)	-5.9004280939866405
(29)	v2
(21)	v25
(11)	v18
(20)	v21
(24)	+ (20)(11)
(45)	+ (21)(24)
(101)	- (45)(29)
(107)	/ (101)(63)
(123)	- (53)(107)
(139)	+ (69)(123)
