(4)	v22
(17)	v25
(25)	v19
(5)	v17
(40)	v15
(42)	- (40)(5)
(44)	abs(42)
(54)	- (25)(44)
(64)	- (17)(54)
(65)	e(64)
(52)	-5.738901884936789
(69)	+ (52)(54)
(78)	* (69)(65)
(85)	e(78)
(86)	- (4)(85)
(41)	2.152771176542956
(6)	sin(5)
(0)	v22
(2)	cos(0)
(1)	-0.5918076773197569
(3)	/ (1)(0)
(9)	+ (3)(4)
(20)	* (9)(2)
(28)	abs(20)
(36)	-6.676405256077267
(37)	- (28)(36)
(39)	- (37)(6)
(7)	v5
(11)	/ (7)(0)
(26)	sin(11)
(34)	e(26)
(43)	- (34)(36)
(45)	/ (43)(39)
(12)	/ (5)(4)
(15)	v12
(16)	* (3)(15)
(46)	+ (16)(12)
(48)	+ (46)(45)
(125)	/ (41)(48)
(139)	/ (86)(125)
