(0)	v12
(18)	v5
(11)	v25
(15)	v21
(16)	- (15)(11)
(5)	v9
(10)	v15
(12)	v2
(14)	- (12)(10)
(19)	abs(14)
(23)	- (19)(5)
(27)	4.444847315805134
(34)	+ (27)(23)
(36)	+ (34)(16)
(38)	+ (36)(18)
(43)	/ (0)(38)
(1)	9.938861331851221
(21)	- (15)(0)
(20)	v5
(6)	0.3640412776413591
(2)	v18
(7)	sin(2)
(9)	* (6)(7)
(13)	+ (9)(11)
(39)	v4
(40)	+ (39)(13)
(41)	- (40)(20)
(44)	+ (21)(41)
(45)	+ (12)(44)
(59)	/ (45)(1)
(76)	- (43)(59)
(4)	v22
(42)	+ (4)(9)
(49)	* (6)(42)
(46)	- (20)(12)
(57)	v17
(87)	+ (57)(46)
(91)	/ (87)(27)
(123)	+ (91)(49)
(139)	- (123)(76)
