(1)	6.970436811584886
(10)	v19
(15)	+ (10)(1)
(2)	v12
(0)	v17
(4)	- (2)(0)
(6)	/ (4)(0)
(7)	/ (6)(1)
(16)	+ (2)(7)
(17)	+ (15)(16)
(20)	+ (15)(17)
(22)	v9
(30)	- (22)(20)
(5)	v18
(11)	tan(5)
(12)	/ (6)(11)
(48)	cos(12)
(59)	+ (48)(30)
(3)	v22
(9)	+ (5)(3)
(14)	- (4)(9)
(35)	- (3)(14)
(19)	3.435467095820975
(32)	v25
(46)	- (19)(32)
(27)	v7
(26)	v13
(53)	abs(26)
(63)	+ (53)(27)
(64)	+ (63)(46)
(36)	14.390658626891408
(77)	v13
(84)	+ (1)(77)
(90)	+ (84)(36)
(105)	/ (64)(90)
(66)	-6.689249786446521
(34)	abs(14)
(24)	+ (14)(0)
(44)	cos(24)
(73)	/ (44)(34)
(80)	+ (73)(64)
(41)	v21
(62)	- (9)(41)
(83)	abs(62)
(103)	+ (80)(83)
(110)	/ (66)(103)
(111)	* (110)(20)
(118)	* (105)(111)
(122)	* (118)(35)
(139)	/ (122)(59)
