(11)	-6.4138946845844735
(7)	3.5866675040158853
(19)	tan(7)
(30)	sin(19)
(45)	- (30)(11)
(51)	7.44404537905605
(8)	v22
(56)	sin(8)
(57)	- (56)(51)
(67)	/ (45)(57)
(79)	e(67)
(0)	v23
(3)	10.14675763496519
(5)	+ (0)(3)
(4)	v21
(39)	cos(4)
(17)	-8.557596739562001
(35)	v25
(48)	+ (35)(17)
(54)	- (48)(39)
(9)	13.428604635024413
(16)	v24
(52)	- (9)(16)
(76)	/ (45)(52)
(1)	v5
(6)	v15
(12)	cos(5)
(13)	- (12)(6)
(14)	+ (7)(13)
(37)	v10
(53)	/ (37)(14)
(71)	+ (7)(53)
(83)	- (1)(71)
(15)	-9.049425282008556
(69)	v26
(93)	+ (69)(15)
(99)	/ (83)(93)
(104)	+ (76)(99)
(113)	/ (54)(104)
(128)	+ (113)(5)
(139)	* (128)(79)
