(97)	-0.44629041389723056
(61)	v23
(55)	2.2347331719309516
(1)	v10
(19)	v8
(23)	+ (1)(19)
(41)	5.901375068554458
(45)	+ (23)(41)
(34)	v22
(7)	6.1348651516672525
(0)	v21
(2)	abs(0)
(3)	- (0)(2)
(4)	abs(3)
(18)	cos(4)
(13)	v26
(22)	v16
(27)	+ (13)(22)
(32)	- (27)(18)
(43)	- (7)(32)
(63)	+ (34)(43)
(72)	/ (63)(45)
(74)	abs(72)
(83)	/ (55)(74)
(50)	v25
(54)	2.6531094339076304
(65)	v5
(93)	+ (65)(54)
(103)	- (93)(50)
(110)	- (103)(83)
(111)	- (110)(61)
(115)	* (97)(111)
(8)	2.091936316826903
(12)	e(3)
(26)	- (8)(12)
(21)	sin(19)
(35)	- (21)(34)
(48)	/ (26)(35)
(42)	abs(2)
(16)	v6
(29)	sin(16)
(49)	+ (4)(4)
(75)	* (29)(49)
(77)	+ (42)(75)
(80)	/ (77)(54)
(98)	/ (80)(48)
(135)	abs(98)
(139)	+ (135)(115)
