(10)	v26
(3)	v8
(27)	v25
(33)	+ (27)(3)
(43)	+ (10)(33)
(45)	v23
(62)	+ (45)(43)
(2)	-3.7011929449473726
(7)	v16
(9)	sin(7)
(19)	- (9)(2)
(63)	abs(19)
(69)	/ (62)(63)
(6)	17.440986590184508
(25)	tan(6)
(20)	v18
(24)	+ (20)(2)
(38)	/ (24)(25)
(46)	sin(38)
(0)	v5
(8)	sin(0)
(54)	sin(8)
(58)	- (54)(46)
(86)	- (25)(58)
(4)	v19
(15)	+ (2)(4)
(16)	e(7)
(21)	/ (16)(15)
(32)	cos(21)
(71)	sin(32)
(23)	* (2)(7)
(28)	9.430667534076953
(40)	+ (8)(6)
(17)	tan(3)
(12)	+ (10)(10)
(50)	abs(12)
(59)	* (17)(50)
(72)	+ (40)(59)
(73)	+ (28)(72)
(82)	/ (23)(73)
(92)	+ (82)(71)
(129)	- (92)(86)
(137)	sin(129)
(139)	- (69)(137)
