(17)	v25
(0)	v26
(9)	v21
(12)	cos(9)
(16)	v23
(22)	- (12)(16)
(25)	- (0)(22)
(30)	+ (25)(17)
(15)	-1.2178663147793358
(59)	cos(15)
(70)	* (30)(59)
(36)	v5
(40)	sin(36)
(57)	sin(40)
(5)	v5
(7)	cos(5)
(11)	4.312273226242141
(18)	+ (7)(11)
(10)	7.187343298706068
(14)	e(0)
(35)	* (30)(14)
(39)	abs(35)
(41)	+ (10)(39)
(53)	- (18)(41)
(1)	v16
(6)	5.637408520957958
(2)	v14
(4)	v17
(8)	/ (2)(4)
(19)	* (6)(8)
(20)	cos(19)
(33)	abs(20)
(37)	+ (33)(1)
(60)	+ (40)(37)
(66)	/ (60)(53)
(80)	+ (66)(57)
(139)	- (70)(80)
