(37)	v26
(15)	v23
(17)	-17.099977071652084
(29)	sin(17)
(33)	+ (29)(15)
(1)	v21
(10)	abs(1)
(46)	abs(10)
(49)	+ (46)(33)
(66)	+ (49)(37)
(5)	-2.2071039889326194
(9)	v4
(12)	* (5)(9)
(25)	- (12)(1)
(0)	v25
(2)	abs(0)
(23)	cos(2)
(32)	v5
(45)	+ (23)(32)
(53)	- (25)(45)
(56)	sin(53)
(4)	v4
(6)	* (1)(4)
(8)	- (6)(4)
(14)	cos(8)
(24)	cos(14)
(35)	/ (32)(24)
(50)	- (35)(45)
(59)	abs(50)
(79)	* (56)(59)
(82)	+ (79)(66)
(80)	3.2502068384348775
(84)	abs(80)
(89)	/ (82)(84)
(38)	-2.192053682868984
(55)	- (38)(29)
(7)	+ (5)(0)
(11)	sin(8)
(20)	sin(11)
(21)	- (7)(20)
(42)	+ (21)(24)
(48)	- (35)(42)
(63)	v16
(64)	- (48)(63)
(83)	/ (55)(64)
(3)	v19
(13)	8.752853068752003
(18)	- (3)(13)
(40)	v11
(44)	/ (40)(18)
(54)	* (44)(46)
(97)	e(54)
(106)	/ (97)(83)
(139)	+ (89)(106)
