(7)	v26
(8)	cos(7)
(5)	17.997968549101607
(16)	-4.9197302415350705
(22)	/ (16)(5)
(1)	v21
(3)	sin(1)
(11)	v10
(31)	- (3)(11)
(34)	* (31)(22)
(47)	* (34)(8)
(19)	v7
(0)	-18.029346539511593
(4)	- (0)(3)
(18)	- (1)(4)
(20)	cos(18)
(24)	cos(20)
(38)	* (19)(24)
(29)	v25
(33)	sin(29)
(68)	tan(33)
(64)	v26
(42)	v18
(50)	sin(42)
(28)	-0.7593687175932793
(2)	v5
(12)	v23
(14)	- (12)(2)
(35)	v24
(44)	+ (35)(14)
(58)	/ (44)(28)
(66)	+ (58)(50)
(71)	- (66)(64)
(73)	- (71)(68)
(85)	- (73)(38)
(6)	-4.412589892419788
(86)	tan(6)
(100)	/ (85)(86)
(139)	+ (47)(100)
