(1)	7.587854555301039
(3)	cos(1)
(13)	abs(3)
(2)	v26
(26)	v25
(49)	+ (2)(26)
(68)	* (13)(49)
(31)	-3.6418209551368186
(4)	v16
(18)	v10
(34)	+ (4)(18)
(50)	/ (34)(31)
(37)	v21
(43)	e(37)
(0)	-7.1498049004565765
(7)	v8
(11)	- (1)(7)
(12)	/ (11)(0)
(17)	0.10869759513411026
(19)	- (3)(2)
(21)	sin(19)
(28)	* (17)(21)
(29)	- (12)(28)
(51)	tan(29)
(53)	- (51)(43)
(5)	v5
(30)	7.372435005693045
(32)	cos(30)
(63)	/ (5)(32)
(65)	/ (63)(53)
(67)	- (50)(65)
(8)	+ (0)(1)
(69)	abs(8)
(72)	v23
(73)	* (69)(72)
(102)	- (73)(67)
(126)	sin(102)
(139)	+ (68)(126)
