(9)	v18
(3)	v25
(10)	sin(3)
(17)	sin(10)
(69)	cos(17)
(4)	v28
(7)	cos(4)
(58)	e(7)
(77)	sin(58)
(79)	* (69)(77)
(32)	v12
(21)	v22
(1)	-13.302010587939076
(5)	sin(1)
(14)	+ (4)(9)
(22)	/ (14)(5)
(40)	+ (21)(22)
(41)	v26
(50)	+ (41)(40)
(60)	- (32)(50)
(13)	3.161535093525856
(25)	17.981437593010277
(8)	+ (1)(1)
(0)	v10
(2)	/ (0)(0)
(12)	- (0)(2)
(15)	- (10)(12)
(27)	* (8)(15)
(29)	v16
(30)	+ (29)(27)
(36)	* (30)(25)
(55)	cos(36)
(68)	- (55)(13)
(92)	/ (60)(68)
(100)	+ (92)(79)
(28)	sin(13)
(48)	sin(28)
(54)	tan(7)
(59)	+ (13)(54)
(78)	* (59)(50)
(67)	5.8078612184903875
(80)	- (67)(30)
(89)	- (78)(80)
(114)	* (89)(48)
(118)	- (100)(114)
(139)	+ (9)(118)
