(6)	v16
(9)	v0
(10)	- (6)(9)
(15)	/ (6)(10)
(18)	abs(15)
(1)	-9.925694301989285
(2)	-17.54457049563408
(4)	/ (2)(1)
(7)	v17
(11)	/ (7)(4)
(47)	v13
(74)	abs(47)
(77)	+ (11)(74)
(94)	+ (77)(18)
(27)	v10
(26)	sin(15)
(35)	cos(26)
(38)	e(35)
(85)	+ (27)(38)
(0)	-5.388938545056625
(3)	sin(0)
(62)	3.924285330919318
(63)	- (3)(62)
(73)	v12
(76)	- (63)(73)
(53)	v26
(55)	- (53)(18)
(28)	v14
(42)	tan(35)
(68)	/ (42)(28)
(90)	- (55)(68)
(93)	+ (76)(90)
(95)	+ (85)(93)
(122)	+ (94)(95)
(5)	12.114589147249973
(39)	* (5)(28)
(46)	v18
(97)	/ (46)(39)
(113)	e(97)
(124)	e(113)
(139)	/ (122)(124)
