(1)	v20
(5)	v27
(7)	/ (1)(5)
(11)	v0
(19)	- (11)(7)
(34)	abs(19)
(0)	v9
(16)	-6.252380504177371
(17)	/ (0)(16)
(20)	abs(19)
(21)	/ (17)(20)
(61)	cos(21)
(65)	e(61)
(54)	-2.716433369842946
(18)	v16
(66)	v11
(71)	- (66)(18)
(79)	- (71)(54)
(87)	+ (79)(65)
(92)	+ (87)(34)
(15)	-0.5051793424999254
(8)	4.476504694126117
(27)	/ (19)(8)
(33)	* (15)(27)
(97)	+ (33)(79)
(111)	/ (97)(92)
(122)	e(111)
(3)	v10
(2)	v5
(6)	+ (1)(2)
(4)	+ (2)(2)
(9)	+ (0)(4)
(13)	+ (9)(6)
(14)	- (13)(3)
(40)	v1
(47)	+ (14)(40)
(81)	7.677370237053694
(126)	/ (47)(81)
(139)	* (122)(126)
