(1)	0.6173781822709472
(6)	tan(1)
(26)	/ (6)(6)
(16)	v26
(22)	-2.3480359639985906
(23)	* (22)(16)
(33)	sin(23)
(34)	+ (26)(33)
(36)	cos(34)
(0)	1.253143476163423
(4)	+ (1)(0)
(35)	tan(4)
(47)	- (36)(35)
(58)	+ (36)(47)
(13)	v16
(11)	v0
(3)	v26
(17)	+ (6)(3)
(18)	- (11)(17)
(21)	+ (18)(13)
(29)	v15
(5)	v5
(2)	v20
(8)	/ (2)(4)
(9)	- (8)(5)
(27)	* (0)(9)
(39)	abs(27)
(42)	- (39)(29)
(70)	+ (42)(21)
(85)	/ (70)(58)
(43)	-7.7835221207938154
(66)	/ (2)(43)
(12)	-7.299359731606634
(10)	* (8)(0)
(14)	+ (5)(10)
(19)	* (14)(2)
(76)	/ (19)(12)
(101)	/ (76)(66)
(127)	- (101)(85)
(139)	* (127)(1)
