(13)	-4.901142899707036
(3)	v26
(6)	sin(3)
(9)	v9
(12)	sin(9)
(0)	v10
(1)	v28
(7)	- (0)(1)
(14)	-12.740278736647408
(17)	+ (7)(14)
(21)	- (17)(12)
(22)	- (6)(21)
(39)	/ (22)(13)
(74)	sin(39)
(28)	v14
(20)	8.305162120450934
(41)	+ (1)(20)
(43)	- (41)(28)
(2)	* (1)(0)
(26)	- (2)(17)
(35)	- (12)(6)
(48)	+ (26)(35)
(53)	/ (43)(48)
(61)	2.1934752497694596
(4)	- (3)(0)
(8)	v13
(16)	* (8)(4)
(30)	sin(16)
(32)	cos(30)
(33)	v5
(34)	+ (33)(32)
(5)	v20
(62)	+ (5)(34)
(65)	+ (34)(62)
(67)	/ (65)(61)
(75)	* (53)(67)
(139)	+ (75)(74)
