(2)	v5
(33)	4.7542079542037
(1)	v1
(3)	- (2)(1)
(6)	sin(3)
(8)	+ (6)(2)
(4)	v15
(9)	- (3)(4)
(23)	+ (9)(8)
(46)	cos(23)
(53)	cos(46)
(54)	+ (53)(8)
(64)	/ (54)(33)
(0)	4.646810159279088
(5)	sin(0)
(45)	e(5)
(48)	2.5599813988405202
(34)	v10
(44)	v21
(49)	- (44)(34)
(57)	-0.6919617734249996
(60)	* (49)(57)
(12)	3.177413096334533
(15)	tan(12)
(28)	- (9)(15)
(29)	v0
(62)	+ (29)(28)
(63)	+ (62)(60)
(66)	/ (63)(48)
(68)	* (45)(66)
(80)	+ (64)(68)
(93)	- (2)(80)
(37)	v19
(14)	0.5631839650450132
(17)	- (4)(8)
(20)	/ (17)(12)
(24)	abs(20)
(41)	+ (24)(14)
(73)	* (37)(41)
(7)	3.089685097505324
(13)	v15
(18)	v23
(21)	v27
(26)	/ (18)(21)
(27)	* (26)(13)
(32)	abs(27)
(39)	- (4)(32)
(79)	- (7)(39)
(81)	+ (73)(79)
(55)	cos(41)
(40)	v20
(83)	- (40)(20)
(91)	+ (83)(55)
(99)	/ (91)(81)
(139)	+ (99)(93)
