(5)	v1
(8)	-1.2564286675166159
(15)	- (5)(8)
(4)	0.8594182046311083
(25)	tan(4)
(7)	v5
(17)	+ (7)(8)
(29)	- (15)(17)
(31)	* (25)(29)
(21)	v8
(11)	e(7)
(18)	e(11)
(40)	e(18)
(41)	v11
(1)	v26
(46)	* (15)(1)
(63)	- (46)(41)
(67)	+ (40)(63)
(93)	/ (21)(67)
(0)	v27
(12)	- (0)(7)
(16)	- (12)(5)
(36)	cos(16)
(13)	16.36993601315823
(6)	v10
(9)	- (0)(6)
(10)	- (7)(9)
(14)	+ (10)(10)
(23)	- (14)(13)
(2)	v21
(22)	v21
(26)	v20
(30)	+ (26)(22)
(32)	+ (2)(30)
(37)	- (32)(23)
(48)	+ (37)(36)
(54)	-3.622182433103003
(38)	abs(12)
(55)	+ (38)(31)
(74)	- (54)(55)
(107)	/ (48)(74)
(108)	+ (107)(93)
(128)	/ (31)(108)
(139)	+ (128)(15)
