(16)	v5
(2)	v19
(11)	-2.428145921515057
(18)	+ (11)(2)
(42)	* (16)(18)
(1)	v21
(7)	v26
(48)	+ (7)(1)
(33)	v20
(3)	v24
(4)	13.436598184568581
(6)	+ (3)(4)
(9)	sin(6)
(25)	tan(9)
(34)	v9
(35)	- (34)(25)
(41)	cos(35)
(43)	v16
(44)	* (41)(43)
(49)	- (33)(44)
(54)	+ (49)(48)
(72)	- (54)(42)
(19)	13.854914878221429
(20)	/ (16)(11)
(23)	+ (20)(19)
(10)	7.637986406627334
(12)	-6.895349559507382
(17)	* (10)(12)
(28)	v19
(32)	- (17)(28)
(39)	- (16)(32)
(47)	- (39)(23)
(13)	v27
(64)	sin(13)
(71)	e(64)
(77)	+ (71)(47)
(82)	abs(39)
(84)	/ (82)(77)
(90)	cos(84)
(139)	* (90)(72)
