(10)	-1.9167272262432213
(13)	2.4382365231479177
(14)	e(13)
(19)	/ (10)(14)
(25)	v5
(37)	- (25)(19)
(20)	9.274741512593543
(11)	v20
(26)	v19
(31)	- (11)(26)
(1)	v0
(3)	v28
(5)	- (3)(1)
(12)	+ (5)(10)
(0)	v11
(7)	3.871219210016264
(24)	/ (0)(7)
(33)	- (12)(24)
(35)	* (31)(33)
(48)	/ (35)(20)
(16)	v5
(21)	- (16)(12)
(40)	/ (21)(7)
(8)	e(7)
(4)	v17
(2)	cos(1)
(9)	+ (0)(2)
(18)	- (4)(9)
(28)	- (14)(18)
(41)	v21
(54)	+ (28)(41)
(59)	- (54)(8)
(47)	v1
(52)	* (47)(28)
(6)	v10
(15)	* (6)(13)
(42)	v6
(55)	- (42)(5)
(57)	- (55)(15)
(60)	* (10)(57)
(61)	- (54)(60)
(69)	+ (52)(61)
(79)	/ (69)(59)
(99)	+ (79)(40)
(119)	+ (99)(48)
(139)	- (37)(119)
