(9)	v17
(14)	v23
(16)	+ (9)(14)
(1)	v21
(2)	v25
(7)	- (2)(1)
(3)	v5
(13)	sin(3)
(15)	v5
(22)	* (13)(15)
(27)	-19.63342816877189
(28)	+ (27)(22)
(31)	- (28)(7)
(42)	sin(31)
(48)	+ (42)(16)
(11)	3.3245483380547682
(5)	19.475165741877028
(45)	abs(5)
(76)	sin(45)
(81)	+ (11)(76)
(92)	/ (48)(81)
(35)	v9
(58)	2.4624941023545013
(103)	/ (35)(58)
(63)	4.460980606919222
(67)	sin(14)
(33)	+ (7)(3)
(19)	-5.427225939498079
(24)	* (2)(19)
(46)	cos(24)
(66)	- (46)(33)
(12)	v9
(4)	* (2)(2)
(23)	v4
(29)	+ (4)(23)
(21)	v3
(26)	v1
(56)	* (26)(11)
(59)	+ (56)(21)
(62)	+ (59)(29)
(71)	/ (62)(12)
(83)	+ (66)(71)
(88)	+ (83)(67)
(115)	/ (88)(63)
(117)	* (115)(103)
(139)	+ (117)(92)
