(8)	v23
(1)	v8
(17)	abs(1)
(18)	/ (17)(8)
(20)	abs(18)
(23)	v0
(40)	* (23)(20)
(49)	sin(40)
(15)	v21
(32)	v19
(38)	+ (15)(32)
(50)	cos(38)
(52)	* (50)(49)
(56)	cos(52)
(57)	e(56)
(0)	v5
(2)	cos(0)
(3)	- (2)(1)
(4)	-1.7542725478753916
(6)	- (4)(2)
(7)	-14.725336414571109
(10)	- (7)(6)
(16)	- (3)(10)
(25)	v25
(26)	- (8)(25)
(13)	v22
(28)	- (13)(3)
(29)	+ (28)(26)
(39)	/ (29)(16)
(9)	-6.414779495801511
(31)	- (20)(9)
(11)	-0.206619674492579
(12)	v17
(14)	- (12)(11)
(22)	v1
(36)	+ (22)(14)
(68)	/ (36)(31)
(94)	+ (68)(39)
(139)	* (94)(57)
