(0)	v1
(1)	v5
(2)	v21
(6)	- (1)(2)
(7)	cos(6)
(25)	-6.987056286656085
(26)	+ (25)(7)
(29)	/ (0)(26)
(49)	-0.5887573112948807
(51)	- (49)(29)
(3)	-10.949385846566981
(4)	- (3)(0)
(11)	v25
(15)	- (11)(4)
(5)	v26
(14)	v20
(35)	- (5)(14)
(55)	+ (35)(15)
(74)	/ (26)(55)
(77)	- (51)(74)
(9)	v22
(13)	v23
(16)	v17
(19)	+ (16)(13)
(24)	+ (19)(9)
(82)	/ (24)(77)
(97)	-4.102045112078665
(104)	/ (82)(97)
(83)	v10
(86)	sin(83)
(48)	v12
(81)	abs(48)
(36)	v5
(52)	- (0)(36)
(56)	cos(52)
(95)	e(56)
(99)	+ (95)(81)
(112)	+ (86)(99)
(115)	- (112)(104)
(139)	* (115)(77)
