(18)	10.57322888476742
(27)	-9.07132246262182
(30)	/ (18)(27)
(1)	v25
(0)	v28
(2)	v17
(3)	+ (2)(0)
(4)	- (1)(3)
(16)	v21
(34)	v16
(8)	tan(2)
(13)	e(8)
(20)	* (13)(3)
(42)	sin(20)
(43)	+ (34)(42)
(44)	+ (16)(43)
(49)	- (4)(44)
(80)	/ (49)(30)
(17)	1.396712858097537
(10)	v27
(11)	v6
(12)	cos(11)
(15)	cos(12)
(24)	/ (10)(15)
(36)	- (2)(24)
(50)	/ (36)(17)
(21)	v1
(25)	v20
(35)	+ (25)(21)
(14)	+ (4)(1)
(22)	/ (18)(14)
(29)	-7.759803697386998
(45)	e(29)
(77)	* (22)(45)
(82)	- (35)(77)
(95)	+ (82)(50)
(103)	+ (80)(95)
(125)	0.22915151068641748
(139)	* (103)(125)
