(5)	-3.511050495776594
(65)	3.4480332576121597
(57)	-5.946935976911405
(29)	-2.523751271787866
(0)	12.82296490524962
(3)	v5
(8)	- (3)(0)
(33)	cos(8)
(44)	+ (29)(33)
(6)	5.164961369392213
(12)	v23
(14)	v1
(22)	+ (14)(12)
(23)	cos(5)
(30)	* (22)(23)
(31)	/ (30)(29)
(49)	* (31)(6)
(68)	- (44)(49)
(87)	/ (57)(68)
(88)	/ (65)(87)
(1)	v25
(7)	- (3)(1)
(10)	abs(7)
(11)	cos(1)
(15)	- (11)(10)
(82)	cos(15)
(91)	tan(82)
(102)	- (91)(88)
(47)	v21
(64)	/ (47)(44)
(94)	v17
(106)	- (64)(94)
(122)	+ (102)(106)
(139)	/ (122)(5)
