(35)	-6.705909214883899
(81)	e(35)
(0)	v5
(1)	v12
(2)	+ (0)(1)
(4)	11.703619891648572
(46)	- (2)(4)
(11)	v27
(12)	v7
(21)	+ (12)(11)
(27)	tan(21)
(44)	cos(27)
(43)	-19.531892676473987
(65)	+ (35)(43)
(66)	* (44)(65)
(90)	+ (66)(46)
(104)	* (81)(90)
(3)	0.19153313198104982
(13)	abs(3)
(47)	abs(46)
(60)	cos(47)
(79)	+ (13)(60)
(91)	cos(79)
(64)	-16.235905035716826
(5)	v26
(6)	- (3)(5)
(29)	- (6)(21)
(18)	6.053858308485758
(33)	- (18)(2)
(73)	/ (29)(33)
(96)	+ (73)(64)
(115)	cos(96)
(49)	7.277148127289273
(57)	-9.680893832427815
(19)	+ (2)(11)
(61)	cos(19)
(84)	- (61)(57)
(100)	- (84)(49)
(76)	v7
(45)	v9
(98)	sin(45)
(113)	+ (98)(76)
(118)	/ (113)(100)
(120)	+ (118)(115)
(137)	+ (120)(91)
(139)	+ (104)(137)
