(16)	v23
(9)	v4
(1)	v24
(18)	* (1)(9)
(20)	/ (18)(9)
(0)	-16.29542144711664
(5)	tan(0)
(8)	v1
(13)	+ (5)(8)
(4)	v20
(17)	sin(4)
(33)	- (17)(13)
(34)	- (33)(20)
(40)	sin(34)
(51)	- (16)(40)
(2)	v24
(58)	v9
(62)	- (2)(58)
(67)	- (51)(62)
(22)	v7
(27)	sin(4)
(69)	+ (22)(27)
(117)	+ (67)(69)
(15)	abs(1)
(21)	sin(15)
(29)	e(21)
(42)	/ (40)(29)
(6)	-17.03982648962875
(36)	tan(6)
(10)	v25
(12)	/ (10)(1)
(57)	cos(12)
(73)	- (57)(36)
(75)	- (73)(42)
(86)	-4.036215085765411
(92)	/ (75)(86)
(102)	e(92)
(123)	tan(102)
(139)	* (117)(123)
