(1)	v23
(9)	sin(1)
(35)	sin(9)
(28)	v24
(26)	v9
(33)	v20
(71)	+ (33)(26)
(88)	- (71)(28)
(96)	+ (35)(88)
(6)	6.858162843511948
(8)	-3.910875747677398
(0)	v7
(11)	- (9)(0)
(27)	* (11)(8)
(4)	-2.7358126642785265
(16)	tan(4)
(2)	v25
(3)	v2
(5)	+ (3)(2)
(10)	+ (5)(6)
(15)	3.014307027987101
(19)	- (10)(15)
(20)	- (16)(19)
(39)	cos(20)
(44)	+ (39)(27)
(46)	cos(19)
(54)	+ (46)(44)
(79)	/ (54)(6)
(95)	- (88)(79)
(12)	-5.120808587389028
(14)	* (3)(1)
(17)	+ (14)(5)
(25)	abs(17)
(53)	tan(25)
(85)	sin(53)
(98)	- (12)(85)
(128)	/ (6)(98)
(136)	/ (95)(128)
(139)	+ (136)(96)
