(9)	3.30215794823345
(27)	abs(9)
(2)	v26
(1)	v7
(3)	v27
(4)	sin(3)
(5)	+ (1)(4)
(32)	+ (5)(2)
(38)	v21
(41)	+ (32)(38)
(51)	/ (41)(27)
(8)	v17
(24)	sin(8)
(33)	-5.073954398774978
(39)	- (33)(24)
(29)	4.3937888556112945
(37)	v20
(44)	- (38)(37)
(58)	- (44)(29)
(59)	/ (58)(39)
(12)	abs(4)
(13)	tan(12)
(19)	abs(13)
(47)	-5.601348421740848
(66)	- (47)(19)
(104)	cos(66)
(123)	- (59)(104)
(0)	v20
(6)	sin(0)
(11)	* (6)(5)
(15)	+ (11)(13)
(52)	cos(15)
(69)	tan(52)
(94)	v3
(133)	- (69)(94)
(136)	* (123)(133)
(139)	+ (51)(136)
