(27)	4.784033189141212
(14)	v21
(37)	v1
(45)	+ (14)(37)
(92)	/ (45)(27)
(15)	v9
(0)	v23
(2)	v23
(4)	/ (0)(2)
(19)	cos(4)
(26)	/ (19)(15)
(18)	11.709898456877887
(3)	v8
(22)	tan(3)
(23)	- (22)(19)
(24)	+ (18)(23)
(49)	-2.799387076842077
(52)	* (49)(24)
(55)	/ (26)(52)
(70)	e(55)
(85)	e(70)
(10)	v27
(1)	v12
(5)	cos(1)
(6)	5.3749942119220435
(8)	sin(6)
(13)	/ (5)(8)
(21)	* (13)(10)
(33)	* (19)(21)
(65)	v7
(88)	- (65)(33)
(35)	- (15)(19)
(56)	v23
(79)	+ (35)(56)
(98)	sin(79)
(104)	+ (98)(88)
(116)	/ (104)(85)
(139)	+ (92)(116)
