(15)	v19
(20)	11.46188166581183
(21)	+ (15)(20)
(35)	abs(21)
(26)	v5
(50)	tan(26)
(65)	e(50)
(67)	* (35)(65)
(0)	v21
(1)	v16
(3)	+ (0)(1)
(5)	v4
(7)	+ (5)(3)
(9)	sin(7)
(12)	sin(9)
(6)	v20
(10)	e(6)
(8)	3.5942203670822757
(13)	- (9)(8)
(17)	/ (10)(13)
(40)	* (17)(12)
(55)	16.242502545104855
(80)	/ (55)(40)
(90)	+ (80)(67)
(28)	v17
(85)	/ (28)(17)
(97)	e(85)
(104)	/ (0)(97)
(105)	/ (90)(104)
(2)	9.635646083759855
(16)	tan(2)
(11)	v28
(4)	v13
(30)	v13
(37)	sin(35)
(41)	- (37)(30)
(18)	+ (7)(0)
(47)	- (18)(17)
(49)	+ (41)(47)
(53)	- (49)(4)
(70)	+ (11)(53)
(76)	* (70)(16)
(130)	+ (76)(105)
(139)	- (130)(105)
