(56)	-17.083782735453497
(97)	tan(56)
(10)	v22
(12)	cos(10)
(15)	e(12)
(16)	v8
(21)	- (16)(15)
(2)	v25
(6)	v13
(11)	- (2)(6)
(23)	17.548875854581844
(28)	- (23)(11)
(39)	+ (28)(21)
(46)	sin(11)
(118)	- (46)(39)
(127)	/ (97)(118)
(14)	v28
(17)	- (6)(14)
(22)	sin(10)
(41)	- (22)(17)
(13)	-4.560677050877565
(5)	v28
(0)	v22
(4)	cos(0)
(25)	- (4)(6)
(30)	+ (25)(15)
(37)	* (30)(5)
(38)	/ (37)(13)
(43)	v21
(49)	+ (43)(38)
(33)	v16
(8)	15.92506184100855
(20)	sin(8)
(47)	v20
(70)	/ (47)(20)
(3)	-5.83599103549091
(31)	* (25)(22)
(57)	+ (31)(3)
(36)	v0
(42)	e(36)
(73)	cos(42)
(78)	- (57)(73)
(81)	/ (70)(78)
(93)	+ (33)(81)
(103)	+ (49)(93)
(135)	+ (103)(41)
(139)	* (135)(127)
