(29)	v13
(14)	v15
(26)	v16
(39)	+ (14)(26)
(63)	- (29)(39)
(0)	0.14457147077692056
(2)	v8
(3)	- (2)(0)
(6)	v5
(7)	- (6)(3)
(10)	sin(7)
(38)	v28
(35)	v1
(19)	v21
(37)	+ (26)(19)
(46)	+ (37)(35)
(55)	+ (46)(38)
(104)	+ (55)(10)
(113)	- (104)(63)
(36)	1.5247056204214644
(15)	6.131817106751356
(20)	tan(15)
(13)	abs(7)
(27)	abs(13)
(32)	- (20)(27)
(62)	- (7)(32)
(22)	-12.27945848415648
(60)	+ (22)(29)
(11)	* (7)(2)
(12)	- (2)(11)
(9)	v21
(17)	sin(9)
(25)	/ (12)(17)
(52)	v10
(74)	- (52)(25)
(79)	+ (60)(74)
(91)	/ (62)(79)
(95)	+ (36)(91)
(121)	e(95)
(139)	/ (113)(121)
