(68)	0.24840454582761495
(36)	v16
(28)	v22
(0)	v21
(17)	v4
(20)	v1
(23)	+ (20)(17)
(32)	+ (23)(0)
(41)	+ (32)(28)
(44)	+ (41)(36)
(34)	v13
(2)	v3
(26)	6.526422475394131
(37)	/ (26)(2)
(45)	/ (34)(37)
(46)	-1.475808588199932
(6)	sin(0)
(4)	v28
(16)	sin(4)
(8)	2.300774423768978
(1)	-0.47086814965329893
(3)	v8
(5)	- (0)(3)
(9)	+ (5)(4)
(12)	* (1)(9)
(15)	- (8)(12)
(18)	v15
(21)	- (18)(15)
(39)	+ (21)(16)
(52)	- (39)(6)
(53)	/ (52)(46)
(55)	- (45)(53)
(64)	* (34)(55)
(93)	+ (64)(44)
(139)	* (93)(68)
