(0)	v16
(2)	v22
(6)	v21
(10)	+ (2)(6)
(40)	+ (10)(0)
(35)	-2.9245680449670672
(41)	abs(35)
(70)	/ (40)(41)
(7)	1.5482826718659304
(18)	-5.587929921211687
(9)	0.32450624236672354
(11)	v20
(25)	* (9)(11)
(39)	cos(25)
(1)	v13
(15)	-1.0417167734812018
(16)	- (15)(1)
(24)	sin(16)
(50)	cos(24)
(59)	/ (50)(39)
(38)	v11
(4)	v19
(31)	+ (6)(4)
(48)	* (4)(31)
(54)	+ (38)(48)
(64)	* (9)(54)
(3)	cos(2)
(12)	- (3)(7)
(13)	* (11)(12)
(22)	+ (3)(16)
(33)	- (22)(13)
(46)	- (39)(25)
(62)	sin(46)
(66)	- (62)(33)
(68)	- (66)(64)
(69)	- (68)(59)
(76)	/ (69)(18)
(108)	* (76)(7)
(139)	+ (70)(108)
