(1)	4.328956757911545
(11)	v20
(18)	/ (11)(1)
(8)	v13
(9)	sin(8)
(20)	v16
(28)	v13
(34)	- (20)(28)
(17)	v28
(3)	-4.318286237790172
(26)	sin(3)
(27)	* (26)(17)
(0)	-15.053015694770782
(19)	cos(0)
(16)	v19
(23)	+ (16)(18)
(31)	abs(23)
(32)	+ (19)(31)
(35)	+ (32)(27)
(39)	+ (35)(34)
(43)	v22
(56)	+ (39)(43)
(70)	- (9)(56)
(7)	-2.3341811206694096
(4)	v8
(10)	tan(8)
(12)	cos(10)
(5)	* (0)(4)
(15)	cos(5)
(22)	+ (15)(12)
(24)	+ (22)(4)
(48)	/ (24)(7)
(76)	- (1)(48)
(97)	/ (70)(76)
(113)	- (18)(97)
(6)	v21
(121)	2.4424417142139703
(138)	/ (6)(121)
(139)	+ (113)(138)
