(18)	v28
(21)	v22
(22)	+ (18)(21)
(29)	v20
(50)	+ (29)(22)
(11)	v7
(31)	- (11)(11)
(35)	cos(31)
(38)	tan(35)
(24)	v16
(12)	v13
(23)	v21
(32)	- (12)(23)
(67)	- (24)(32)
(68)	* (38)(67)
(82)	+ (68)(50)
(36)	5.290316565231233
(2)	1.7910973195884878
(5)	tan(2)
(51)	/ (38)(5)
(66)	+ (51)(36)
(6)	v8
(7)	* (2)(6)
(14)	v4
(28)	v18
(37)	+ (14)(28)
(42)	- (37)(7)
(44)	cos(36)
(13)	v25
(17)	cos(13)
(15)	-7.146660587545185
(19)	+ (15)(13)
(41)	* (19)(35)
(45)	- (17)(41)
(55)	+ (44)(45)
(58)	- (55)(23)
(79)	/ (42)(58)
(83)	e(79)
(110)	/ (83)(66)
(139)	* (82)(110)
