(13)	v12
(15)	e(13)
(24)	v21
(55)	* (24)(15)
(65)	e(55)
(35)	5.731597075478049
(5)	v22
(8)	sin(5)
(17)	- (8)(15)
(36)	sin(17)
(3)	18.81648581914466
(18)	-10.664229935740138
(27)	cos(18)
(2)	v24
(16)	tan(2)
(33)	cos(16)
(66)	/ (33)(27)
(67)	- (3)(66)
(68)	/ (36)(67)
(86)	* (35)(68)
(108)	/ (86)(65)
(4)	v1
(11)	- (4)(8)
(14)	sin(11)
(0)	v25
(1)	v21
(7)	+ (1)(0)
(25)	v9
(30)	+ (7)(25)
(32)	+ (30)(14)
(19)	* (4)(2)
(31)	cos(19)
(37)	+ (31)(5)
(46)	+ (37)(32)
(89)	-4.643511756611854
(115)	/ (46)(89)
(139)	- (108)(115)
