(3)	v25
(0)	-13.31557766548892
(12)	cos(0)
(13)	- (12)(3)
(4)	v15
(8)	sin(4)
(18)	-3.208006430089476
(32)	- (18)(8)
(40)	/ (13)(32)
(42)	sin(40)
(7)	-13.246978297757561
(28)	0.3858610198168364
(37)	* (7)(28)
(15)	v24
(6)	v1
(10)	- (6)(7)
(30)	sin(10)
(33)	* (15)(30)
(50)	cos(33)
(56)	v22
(67)	+ (50)(56)
(69)	/ (67)(37)
(19)	v9
(34)	+ (19)(30)
(43)	v21
(51)	+ (43)(34)
(55)	* (51)(12)
(5)	v22
(1)	v12
(2)	abs(0)
(9)	-7.724572605676471
(11)	+ (2)(9)
(25)	* (11)(1)
(27)	/ (5)(25)
(29)	tan(27)
(95)	cos(29)
(49)	- (5)(4)
(52)	-4.774649402424306
(60)	+ (52)(49)
(61)	16.95823563834164
(74)	+ (61)(60)
(20)	v17
(23)	19.368391601182914
(24)	* (23)(20)
(84)	cos(24)
(97)	+ (84)(74)
(101)	abs(11)
(107)	/ (97)(101)
(114)	+ (95)(107)
(120)	/ (55)(114)
(130)	- (120)(69)
(139)	+ (42)(130)
