(15)	v22
(16)	2.5560202205264027
(17)	/ (15)(16)
(0)	-10.14985958504036
(1)	v24
(2)	+ (0)(1)
(3)	cos(2)
(4)	v9
(8)	-4.797506282678338
(18)	/ (4)(8)
(27)	v3
(32)	sin(27)
(33)	+ (18)(32)
(38)	* (33)(3)
(49)	cos(38)
(14)	-4.518558608698253
(13)	v1
(28)	sin(13)
(59)	- (14)(28)
(11)	- (0)(3)
(12)	-7.607598715052513
(30)	- (12)(11)
(29)	-0.6559963616258315
(36)	v21
(42)	+ (29)(36)
(60)	- (30)(42)
(31)	-1.166261660196362
(55)	v25
(62)	+ (55)(31)
(64)	- (60)(62)
(78)	/ (64)(59)
(94)	+ (78)(49)
(139)	+ (94)(17)
