(28)	v25
(5)	v22
(13)	sin(5)
(19)	v21
(23)	v12
(25)	- (23)(19)
(33)	- (13)(25)
(39)	+ (33)(28)
(57)	4.218520677631847
(70)	/ (39)(57)
(91)	4.003041876742568
(27)	v28
(67)	v9
(77)	+ (67)(27)
(0)	v8
(1)	3.771841831995456
(4)	* (0)(1)
(8)	cos(4)
(10)	e(8)
(6)	v1
(9)	sin(6)
(32)	+ (9)(10)
(34)	* (32)(10)
(22)	v21
(53)	e(22)
(58)	* (34)(53)
(72)	e(58)
(14)	v23
(15)	+ (14)(5)
(16)	* (15)(1)
(21)	-4.307971692852393
(29)	- (21)(9)
(31)	cos(28)
(61)	+ (31)(29)
(63)	/ (16)(61)
(71)	v28
(94)	+ (71)(63)
(98)	/ (94)(72)
(121)	- (77)(98)
(122)	/ (121)(91)
(139)	+ (70)(122)
