(66)	4.32505378130741
(26)	15.70130273804807
(7)	v2
(13)	abs(7)
(21)	sin(13)
(3)	-12.233572348031183
(15)	v24
(16)	/ (15)(3)
(5)	2.760736647338547
(36)	cos(5)
(37)	* (16)(36)
(38)	+ (21)(37)
(4)	v9
(27)	v25
(56)	+ (27)(4)
(64)	- (38)(56)
(20)	v6
(23)	-7.2720251201200306
(31)	/ (20)(23)
(39)	e(31)
(11)	sin(3)
(17)	/ (16)(11)
(9)	v13
(6)	v24
(2)	10.50900803210454
(8)	/ (2)(3)
(10)	- (6)(8)
(18)	- (9)(10)
(19)	+ (18)(17)
(40)	sin(19)
(59)	/ (40)(39)
(73)	/ (59)(39)
(78)	+ (73)(64)
(24)	v22
(68)	v21
(87)	+ (24)(68)
(98)	- (87)(78)
(114)	/ (98)(26)
(139)	* (114)(66)
