(27)	-0.05900203222292433
(9)	v25
(46)	+ (9)(9)
(6)	v13
(10)	v14
(21)	+ (6)(10)
(1)	v24
(2)	e(1)
(28)	e(2)
(36)	sin(28)
(40)	+ (36)(21)
(57)	- (46)(40)
(59)	+ (46)(57)
(35)	v1
(0)	-0.6515962055769151
(4)	* (0)(1)
(26)	- (4)(2)
(42)	abs(26)
(43)	- (42)(35)
(44)	abs(43)
(7)	v22
(13)	v21
(17)	- (4)(13)
(20)	- (7)(17)
(24)	v9
(19)	-0.6889847798461446
(22)	sin(19)
(31)	tan(22)
(33)	- (24)(31)
(37)	+ (20)(33)
(39)	-4.881392002312879
(41)	* (37)(39)
(5)	v12
(3)	v16
(11)	- (5)(3)
(12)	+ (11)(5)
(23)	* (9)(10)
(29)	- (12)(23)
(54)	* (29)(1)
(56)	- (44)(54)
(58)	+ (41)(56)
(70)	+ (58)(44)
(85)	- (70)(59)
(139)	* (85)(27)
