(0)	-12.165375033764683
(10)	4.1616134052813365
(14)	+ (10)(0)
(3)	v7
(11)	v19
(18)	+ (3)(11)
(24)	/ (18)(14)
(12)	v14
(2)	4.764963696581312
(13)	sin(11)
(16)	- (2)(13)
(29)	/ (12)(16)
(31)	+ (29)(24)
(37)	-0.26432472049091515
(45)	/ (31)(37)
(7)	1.6153621300074583
(5)	v24
(15)	v26
(20)	+ (15)(5)
(28)	/ (20)(7)
(43)	/ (28)(2)
(1)	v25
(8)	/ (1)(2)
(25)	8.558515450340796
(9)	-3.803741942765022
(30)	+ (28)(2)
(32)	abs(30)
(34)	cos(32)
(36)	+ (9)(34)
(39)	/ (36)(25)
(57)	/ (8)(39)
(68)	- (43)(57)
(139)	+ (45)(68)
