(1)	-1.306788318948385
(5)	* (1)(1)
(18)	v19
(21)	/ (18)(5)
(12)	v25
(0)	-18.99065867890222
(17)	e(0)
(22)	+ (5)(17)
(32)	/ (12)(22)
(39)	+ (21)(32)
(37)	-2.3599795070622775
(7)	v13
(20)	cos(7)
(47)	cos(20)
(28)	9.875173025531755
(2)	tan(0)
(4)	v25
(8)	* (4)(2)
(38)	e(8)
(19)	v22
(27)	1.0867572132626115
(41)	-8.691066628674067
(43)	- (27)(41)
(50)	+ (43)(19)
(52)	+ (38)(50)
(62)	/ (52)(28)
(67)	+ (62)(47)
(6)	v24
(9)	v10
(13)	+ (6)(9)
(16)	- (13)(4)
(10)	sin(2)
(25)	tan(10)
(30)	* (16)(25)
(64)	v14
(69)	+ (30)(64)
(87)	* (67)(69)
(99)	v7
(107)	- (87)(99)
(130)	/ (107)(37)
(139)	+ (130)(39)
