(7)	v10
(1)	v3
(11)	abs(1)
(14)	* (11)(7)
(5)	10.345136651298613
(19)	abs(5)
(31)	+ (19)(14)
(40)	-9.554833133751783
(52)	/ (40)(31)
(27)	sin(5)
(44)	v14
(48)	* (44)(27)
(26)	v21
(28)	2.7283912515654123
(67)	/ (26)(28)
(35)	-5.1108412345576415
(6)	-7.047148334472979
(10)	abs(6)
(13)	v5
(25)	- (10)(13)
(30)	v26
(37)	- (25)(30)
(69)	/ (35)(37)
(71)	- (69)(67)
(110)	- (48)(71)
(0)	v19
(3)	v25
(4)	+ (3)(0)
(8)	v3
(16)	sin(8)
(23)	v0
(32)	+ (16)(23)
(34)	sin(32)
(42)	- (10)(34)
(72)	/ (42)(5)
(87)	+ (72)(4)
(2)	* (0)(0)
(39)	/ (34)(2)
(46)	sin(39)
(54)	+ (46)(23)
(12)	7.978025664519354
(18)	v2
(20)	- (18)(12)
(63)	v20
(76)	+ (63)(20)
(78)	- (54)(76)
(58)	abs(35)
(92)	+ (58)(11)
(94)	abs(92)
(96)	/ (94)(78)
(98)	e(96)
(115)	/ (87)(98)
(125)	+ (110)(115)
(139)	+ (52)(125)
