(4)	v10
(29)	6.953086017477368
(35)	/ (4)(29)
(65)	tan(35)
(16)	2.628396035587759
(14)	8.085376964203522
(5)	v14
(18)	e(5)
(31)	abs(18)
(46)	+ (31)(14)
(0)	v7
(2)	tan(0)
(26)	sin(2)
(72)	v28
(74)	- (72)(26)
(90)	+ (74)(46)
(100)	/ (90)(16)
(15)	v5
(11)	-1.133840697926285
(25)	v19
(6)	abs(5)
(9)	* (5)(6)
(39)	cos(9)
(50)	* (39)(25)
(60)	* (11)(50)
(68)	- (60)(15)
(32)	v7
(30)	v26
(8)	v3
(23)	abs(5)
(37)	+ (8)(23)
(53)	- (25)(37)
(78)	cos(53)
(83)	+ (30)(78)
(97)	+ (32)(83)
(110)	- (97)(68)
(113)	/ (110)(100)
(139)	+ (65)(113)
