(1)	v16
(2)	e(1)
(14)	v27
(20)	+ (2)(14)
(0)	v19
(6)	abs(0)
(11)	e(6)
(22)	sin(11)
(23)	e(22)
(28)	* (23)(20)
(4)	-6.252981821637675
(44)	tan(4)
(48)	* (28)(44)
(5)	v3
(8)	+ (5)(4)
(21)	v4
(38)	v10
(58)	- (21)(38)
(78)	/ (58)(8)
(29)	8.589724025707778
(9)	0.5773097391016719
(12)	+ (11)(11)
(13)	cos(12)
(27)	- (9)(13)
(30)	v14
(32)	+ (27)(30)
(46)	- (32)(29)
(55)	/ (4)(46)
(81)	e(55)
(24)	v7
(31)	v14
(26)	v26
(37)	4.497817546760629
(41)	/ (26)(37)
(49)	v25
(57)	+ (41)(49)
(67)	+ (57)(0)
(72)	- (67)(31)
(82)	+ (72)(24)
(85)	/ (82)(81)
(106)	+ (78)(85)
(139)	+ (48)(106)
