(28)	-5.072035019505577
(55)	-19.68184766007085
(63)	/ (28)(55)
(75)	e(63)
(0)	4.303475620517922
(18)	v3
(48)	tan(18)
(27)	-12.804362856062124
(52)	- (27)(0)
(60)	+ (48)(52)
(76)	+ (0)(60)
(82)	/ (75)(76)
(9)	v10
(11)	v22
(30)	+ (11)(9)
(34)	v1
(39)	+ (34)(30)
(3)	abs(0)
(42)	+ (27)(3)
(16)	v25
(4)	v27
(5)	* (4)(0)
(2)	v0
(6)	/ (2)(2)
(10)	/ (5)(6)
(14)	-6.063052347736937
(17)	/ (10)(14)
(25)	- (16)(17)
(41)	v28
(58)	- (25)(41)
(66)	- (42)(58)
(67)	/ (39)(66)
(7)	/ (3)(0)
(8)	cos(7)
(83)	* (8)(58)
(96)	- (67)(83)
(139)	- (82)(96)
