(28)	3.6270130292678537
(5)	v27
(27)	v22
(30)	+ (27)(5)
(32)	/ (30)(28)
(11)	v10
(16)	v5
(33)	- (16)(11)
(40)	v1
(42)	- (40)(33)
(37)	-3.6115447156155227
(43)	abs(37)
(75)	/ (42)(43)
(77)	+ (75)(32)
(0)	v16
(3)	tan(0)
(9)	-8.410007404357307
(14)	+ (9)(3)
(23)	cos(0)
(56)	- (23)(14)
(64)	/ (16)(56)
(8)	-4.5971971147068516
(12)	/ (8)(9)
(19)	sin(3)
(22)	sin(19)
(29)	cos(22)
(31)	tan(29)
(74)	+ (31)(12)
(50)	v28
(7)	v25
(61)	- (19)(7)
(68)	* (12)(61)
(94)	+ (50)(68)
(124)	/ (94)(74)
(130)	- (64)(124)
(139)	+ (130)(77)
