(3)	12.243913846708644
(28)	e(3)
(42)	-12.880639504487501
(49)	+ (42)(28)
(65)	tan(49)
(2)	15.68964596891339
(1)	v16
(7)	tan(1)
(13)	- (2)(7)
(26)	cos(13)
(52)	cos(26)
(61)	cos(52)
(0)	v1
(14)	3.892188245597467
(24)	/ (0)(14)
(53)	tan(24)
(56)	+ (53)(28)
(25)	v28
(44)	v27
(50)	- (44)(25)
(5)	v7
(12)	* (1)(5)
(35)	sin(12)
(37)	5.040431451897021
(43)	/ (35)(37)
(27)	v22
(64)	- (28)(27)
(66)	- (43)(64)
(103)	+ (50)(66)
(111)	+ (56)(103)
(94)	v25
(117)	v12
(123)	- (94)(117)
(124)	+ (123)(111)
(129)	/ (124)(61)
(139)	* (129)(65)
