(38)	3.1254674287103796
(6)	v3
(1)	v0
(26)	v22
(27)	- (1)(26)
(28)	abs(27)
(32)	- (28)(6)
(18)	v7
(4)	v2
(11)	v26
(13)	- (11)(4)
(31)	cos(13)
(36)	- (31)(18)
(47)	- (32)(36)
(55)	/ (47)(38)
(0)	v24
(5)	v18
(21)	sin(5)
(54)	- (21)(0)
(51)	v19
(56)	v14
(84)	* (21)(56)
(8)	cos(5)
(9)	* (8)(0)
(43)	tan(9)
(73)	-3.749218331794502
(88)	- (73)(43)
(90)	- (84)(88)
(2)	v3
(25)	-8.056042395646635
(44)	- (2)(25)
(7)	+ (2)(2)
(14)	* (7)(5)
(10)	v9
(16)	+ (5)(10)
(30)	v2
(48)	- (16)(30)
(58)	- (14)(48)
(97)	+ (58)(44)
(102)	/ (90)(97)
(106)	* (51)(102)
(136)	- (106)(54)
(139)	+ (55)(136)
