(1)	v28
(4)	sin(1)
(2)	v15
(3)	-4.049615302876358
(5)	/ (3)(2)
(6)	/ (2)(5)
(7)	+ (4)(6)
(8)	cos(7)
(9)	e(8)
(15)	-0.09231492071251424
(19)	* (15)(9)
(42)	tan(19)
(16)	v7
(27)	-2.674521084108381
(32)	sin(27)
(33)	+ (32)(16)
(47)	+ (33)(16)
(48)	* (42)(47)
(68)	sin(48)
(37)	v18
(41)	/ (37)(32)
(12)	- (1)(3)
(35)	v24
(53)	cos(35)
(56)	/ (53)(12)
(57)	* (41)(56)
(28)	v24
(61)	+ (28)(15)
(79)	sin(61)
(54)	1.4002129866782909
(10)	v3
(18)	+ (6)(10)
(29)	v19
(31)	1.3471763438795108
(40)	+ (29)(31)
(62)	- (18)(40)
(63)	+ (62)(54)
(38)	18.4255938093414
(58)	e(38)
(73)	tan(58)
(82)	* (73)(63)
(83)	- (79)(82)
(103)	+ (57)(83)
(139)	- (103)(68)
