(104)	v24
(42)	-4.488139730280043
(29)	v15
(32)	cos(29)
(36)	v18
(43)	+ (32)(36)
(69)	/ (43)(42)
(4)	3.176394468580135
(5)	abs(4)
(8)	5.131996911778408
(9)	v8
(12)	+ (8)(9)
(18)	sin(12)
(19)	cos(18)
(55)	v7
(58)	+ (19)(55)
(78)	/ (58)(5)
(79)	+ (69)(78)
(66)	-3.062203542185557
(15)	v27
(1)	v9
(10)	v0
(13)	+ (10)(1)
(17)	abs(13)
(22)	cos(17)
(26)	+ (15)(22)
(14)	v17
(2)	v5
(6)	sin(2)
(21)	+ (1)(6)
(49)	- (21)(14)
(56)	/ (49)(5)
(64)	cos(56)
(75)	cos(64)
(93)	/ (26)(75)
(96)	/ (93)(66)
(34)	5.564233230990471
(46)	v14
(67)	/ (46)(34)
(24)	v3
(33)	v19
(44)	- (24)(33)
(74)	+ (44)(56)
(98)	+ (74)(67)
(103)	- (96)(98)
(113)	sin(103)
(129)	+ (79)(113)
(139)	+ (104)(129)
