(15)	-2.666017952463573
(13)	v27
(14)	v26
(17)	- (13)(14)
(19)	/ (17)(15)
(10)	5.929246344828147
(0)	-1.967609126818477
(1)	v28
(3)	* (1)(0)
(40)	v3
(42)	+ (3)(40)
(51)	/ (42)(10)
(113)	+ (19)(51)
(35)	5.541089893364717
(18)	v11
(36)	v15
(37)	- (18)(36)
(38)	/ (37)(35)
(6)	cos(1)
(7)	1.3252636775929894
(58)	+ (6)(7)
(9)	8.858213651848125
(16)	abs(9)
(28)	sin(16)
(32)	-8.039529423064895
(55)	+ (28)(32)
(57)	v25
(63)	/ (57)(55)
(68)	* (58)(63)
(78)	- (38)(68)
(66)	v7
(75)	v8
(82)	+ (75)(66)
(94)	3.23945442824661
(95)	/ (82)(94)
(114)	- (95)(78)
(139)	- (114)(113)
