(1)	v27
(3)	v25
(4)	+ (1)(3)
(47)	-0.40232242978301613
(20)	v28
(14)	v15
(19)	v26
(32)	+ (19)(14)
(35)	- (20)(32)
(39)	1.4211738883008138
(6)	4.4275907908686065
(10)	* (3)(4)
(11)	+ (6)(10)
(0)	v3
(5)	v7
(12)	- (0)(5)
(15)	/ (12)(11)
(18)	v8
(7)	16.370042599296724
(31)	sin(7)
(34)	* (18)(31)
(37)	+ (34)(15)
(44)	- (37)(1)
(45)	+ (44)(15)
(24)	- (4)(14)
(25)	v11
(27)	v12
(30)	+ (25)(27)
(38)	/ (30)(6)
(40)	+ (38)(24)
(46)	+ (40)(4)
(49)	+ (45)(46)
(54)	* (39)(49)
(60)	- (35)(54)
(95)	* (47)(60)
(139)	- (4)(95)
