(27)	v10
(17)	v18
(52)	e(17)
(70)	- (52)(27)
(10)	v3
(8)	v11
(13)	+ (8)(10)
(28)	- (10)(13)
(25)	v7
(37)	tan(25)
(60)	tan(37)
(91)	/ (28)(60)
(96)	e(91)
(110)	* (70)(96)
(18)	7.167804219912561
(61)	19.728799634443504
(99)	/ (18)(61)
(105)	tan(99)
(116)	- (110)(105)
(121)	- (110)(116)
(22)	v27
(1)	v28
(0)	v15
(3)	v25
(4)	- (0)(3)
(9)	v8
(11)	+ (4)(9)
(12)	+ (1)(11)
(23)	v26
(15)	2.298916634782895
(16)	+ (13)(11)
(29)	/ (16)(15)
(44)	- (25)(29)
(57)	- (44)(23)
(117)	+ (12)(57)
(127)	+ (117)(22)
(139)	* (127)(121)
