(0)	v22
(4)	v20
(8)	v21
(1)	-2.9224292707393538
(2)	v14
(5)	- (1)(2)
(7)	v6
(10)	+ (7)(5)
(6)	-8.21044205804271
(14)	v25
(19)	/ (14)(6)
(20)	* (19)(10)
(22)	+ (8)(20)
(53)	+ (22)(4)
(55)	+ (0)(53)
(36)	16.650513509468084
(57)	tan(36)
(70)	cos(57)
(25)	-3.4803187448192148
(35)	+ (25)(20)
(65)	e(35)
(16)	v12
(21)	+ (16)(20)
(3)	v26
(34)	- (3)(14)
(61)	- (34)(21)
(15)	e(3)
(23)	* (15)(7)
(24)	/ (23)(6)
(46)	v10
(47)	+ (46)(24)
(13)	tan(3)
(17)	cos(13)
(11)	-4.890141430027484
(18)	v23
(27)	+ (18)(23)
(29)	cos(27)
(42)	+ (29)(11)
(58)	+ (42)(17)
(64)	- (47)(58)
(86)	+ (61)(64)
(93)	* (65)(86)
(103)	+ (93)(70)
(139)	* (103)(55)
