(1)	v7
(13)	3.0212757895238873
(20)	/ (1)(13)
(19)	v13
(0)	v4
(3)	v8
(5)	abs(3)
(6)	* (0)(5)
(11)	- (0)(6)
(18)	3.81875356833104
(28)	+ (18)(11)
(8)	v10
(7)	-1.917928228446911
(9)	+ (7)(8)
(14)	* (8)(9)
(17)	/ (3)(14)
(23)	+ (3)(17)
(35)	e(23)
(45)	- (35)(20)
(46)	+ (28)(45)
(56)	/ (19)(46)
(67)	+ (56)(20)
(22)	cos(14)
(24)	+ (22)(18)
(44)	abs(24)
(57)	v22
(52)	v21
(2)	+ (0)(0)
(4)	v12
(10)	* (4)(2)
(61)	e(10)
(64)	v25
(70)	/ (64)(61)
(71)	+ (52)(70)
(76)	+ (71)(57)
(79)	/ (76)(44)
(139)	+ (79)(67)
