(5)	v7
(0)	v13
(6)	sin(0)
(7)	v21
(42)	+ (7)(6)
(33)	v22
(8)	v2
(12)	e(0)
(15)	+ (8)(12)
(3)	+ (0)(0)
(4)	v26
(10)	* (4)(3)
(11)	+ (10)(3)
(20)	cos(11)
(29)	- (20)(15)
(13)	v27
(14)	v5
(16)	+ (13)(14)
(26)	abs(16)
(35)	e(26)
(46)	/ (29)(35)
(49)	- (33)(46)
(64)	+ (42)(49)
(89)	+ (64)(5)
(9)	2.9860109280797857
(18)	v26
(19)	* (16)(18)
(17)	sin(0)
(27)	+ (17)(26)
(31)	- (27)(19)
(36)	-6.317403412989467
(41)	v9
(50)	/ (41)(36)
(52)	+ (31)(50)
(1)	v7
(2)	* (1)(0)
(21)	-19.179689577186373
(30)	/ (21)(14)
(37)	e(30)
(44)	* (2)(37)
(61)	/ (44)(31)
(63)	e(2)
(65)	+ (61)(63)
(78)	/ (52)(65)
(108)	- (9)(78)
(93)	-10.210284014945907
(97)	cos(8)
(118)	- (97)(93)
(129)	/ (108)(118)
(139)	* (89)(129)
