(10)	-4.3195020587406
(0)	v5
(12)	e(0)
(21)	4.9470084656489774
(23)	/ (21)(12)
(53)	cos(23)
(56)	+ (10)(53)
(35)	v13
(2)	v6
(6)	cos(2)
(32)	cos(6)
(17)	v2
(34)	e(17)
(48)	* (34)(32)
(58)	+ (48)(35)
(63)	/ (58)(56)
(68)	sin(63)
(5)	0.3059618875542647
(69)	abs(5)
(107)	v21
(115)	* (69)(107)
(120)	- (115)(68)
(90)	6.685880128766605
(30)	v7
(3)	v20
(19)	v22
(51)	+ (3)(19)
(67)	+ (30)(51)
(4)	-3.972870345899686
(1)	v16
(7)	/ (0)(1)
(8)	/ (7)(4)
(33)	sin(8)
(13)	16.404475248546113
(14)	cos(0)
(15)	cos(14)
(20)	+ (13)(15)
(41)	sin(20)
(54)	+ (33)(41)
(16)	v12
(49)	sin(16)
(37)	v6
(52)	/ (37)(10)
(61)	+ (52)(49)
(65)	e(61)
(9)	-6.1445155456371126
(39)	/ (2)(9)
(71)	tan(39)
(77)	+ (71)(65)
(86)	* (54)(77)
(91)	+ (86)(67)
(126)	/ (91)(90)
(139)	+ (120)(126)
