(15)	4.655652895968807
(17)	v7
(3)	v11
(7)	sin(3)
(18)	cos(7)
(26)	/ (17)(18)
(42)	/ (26)(15)
(6)	v26
(59)	11.73861010300687
(65)	/ (6)(59)
(9)	v17
(16)	v21
(27)	cos(16)
(39)	+ (9)(27)
(66)	sin(39)
(11)	5.6144236624596076
(19)	v6
(21)	+ (19)(11)
(22)	v12
(5)	v2
(10)	cos(5)
(12)	sin(10)
(28)	* (19)(12)
(29)	cos(28)
(57)	/ (22)(29)
(73)	- (21)(57)
(74)	/ (66)(73)
(80)	- (74)(65)
(87)	-9.281360535384682
(14)	v1
(61)	+ (5)(14)
(68)	v5
(84)	e(68)
(91)	+ (61)(84)
(98)	/ (91)(87)
(100)	+ (80)(98)
(0)	1.5182989003295368
(63)	v22
(24)	sin(9)
(1)	-5.729107490152931
(2)	v28
(4)	- (1)(2)
(8)	+ (4)(3)
(30)	/ (21)(8)
(32)	* (24)(30)
(92)	- (16)(32)
(107)	+ (92)(63)
(56)	-5.9501440371201575
(75)	v28
(78)	e(75)
(108)	- (56)(78)
(118)	/ (108)(107)
(124)	/ (0)(118)
(125)	+ (124)(100)
(139)	- (42)(125)
