(0)	v24
(1)	v3
(2)	- (0)(1)
(4)	v0
(6)	+ (4)(2)
(7)	v7
(17)	v19
(19)	+ (17)(7)
(29)	+ (6)(19)
(22)	v25
(3)	-7.056994571798235
(5)	cos(3)
(11)	abs(5)
(20)	v6
(25)	* (11)(20)
(36)	- (22)(25)
(54)	v26
(60)	+ (36)(54)
(64)	+ (29)(60)
(58)	11.269926158096325
(66)	cos(58)
(24)	* (0)(20)
(43)	cos(24)
(10)	v8
(12)	tan(10)
(14)	/ (2)(12)
(23)	* (3)(14)
(28)	/ (17)(23)
(33)	abs(28)
(35)	cos(33)
(50)	13.83259622713667
(51)	+ (14)(50)
(77)	/ (35)(51)
(80)	sin(77)
(102)	* (43)(80)
(108)	- (66)(102)
(139)	* (108)(64)
