(45)	v25
(63)	v0
(53)	v26
(3)	v12
(18)	sin(3)
(56)	cos(18)
(69)	* (56)(53)
(74)	+ (69)(63)
(80)	+ (74)(45)
(25)	v7
(21)	v24
(38)	- (3)(21)
(93)	- (25)(38)
(48)	3.575311389303284
(51)	sin(48)
(0)	v23
(12)	sin(0)
(35)	sin(12)
(39)	cos(35)
(55)	v18
(57)	* (55)(39)
(29)	v8
(40)	+ (29)(18)
(7)	v14
(10)	v5
(14)	- (10)(7)
(9)	8.08232884187398
(4)	e(0)
(11)	sin(4)
(16)	- (9)(11)
(20)	- (16)(14)
(2)	-4.693174129142918
(5)	sin(0)
(6)	- (5)(2)
(24)	- (6)(16)
(41)	/ (20)(24)
(65)	/ (40)(41)
(73)	+ (57)(65)
(78)	/ (73)(51)
(102)	* (78)(56)
(113)	+ (93)(102)
(133)	+ (80)(113)
(132)	-0.31601670390219283
(135)	abs(132)
(139)	* (133)(135)
