(47)	2.9797228545834287
(0)	v24
(3)	-2.479798105846413
(6)	v3
(7)	- (6)(3)
(10)	+ (7)(3)
(16)	cos(10)
(22)	- (16)(0)
(26)	4.927231822496928
(28)	- (26)(22)
(15)	v8
(25)	e(15)
(31)	9.345700562674288
(32)	- (31)(25)
(4)	cos(0)
(9)	+ (6)(4)
(14)	cos(9)
(18)	v15
(24)	+ (14)(18)
(37)	- (24)(28)
(56)	/ (32)(37)
(60)	/ (56)(28)
(43)	v14
(12)	v19
(1)	v0
(5)	sin(3)
(19)	/ (14)(5)
(21)	- (1)(19)
(23)	+ (12)(21)
(8)	v26
(38)	v25
(41)	+ (38)(8)
(48)	+ (23)(41)
(62)	- (43)(48)
(92)	- (60)(62)
(139)	/ (92)(47)
