(10)	v18
(1)	v26
(0)	-17.806389568089614
(2)	sin(0)
(3)	e(2)
(8)	/ (1)(3)
(18)	e(8)
(27)	- (18)(10)
(12)	v3
(7)	v16
(14)	cos(7)
(17)	+ (14)(12)
(36)	abs(17)
(60)	v24
(21)	v7
(23)	v0
(6)	sin(1)
(28)	tan(6)
(30)	+ (28)(23)
(37)	v8
(50)	+ (37)(30)
(61)	+ (21)(50)
(62)	+ (60)(61)
(76)	- (36)(62)
(79)	- (27)(76)
(67)	4.556634911505199
(11)	-13.036658538599703
(22)	tan(11)
(5)	-3.4567198420203553
(26)	cos(5)
(57)	- (26)(22)
(16)	v8
(47)	-14.56895817729527
(83)	+ (16)(47)
(15)	v1
(55)	/ (15)(17)
(71)	sin(55)
(42)	-8.546721562095199
(69)	+ (37)(67)
(38)	v2
(87)	v24
(92)	- (87)(38)
(102)	/ (92)(69)
(105)	* (42)(102)
(114)	+ (105)(71)
(117)	- (114)(83)
(135)	+ (57)(117)
(136)	/ (67)(135)
(139)	* (79)(136)
