(5)	v19
(8)	v16
(2)	v25
(3)	cos(2)
(6)	sin(3)
(11)	tan(6)
(23)	- (2)(11)
(33)	+ (23)(8)
(39)	+ (5)(33)
(50)	1.5527968234869007
(58)	/ (39)(50)
(19)	v15
(28)	-1.0806839102007473
(36)	+ (28)(19)
(37)	* (11)(36)
(4)	11.823389775064939
(14)	v2
(32)	- (14)(4)
(9)	4.650913426412583
(20)	v14
(22)	/ (20)(3)
(34)	* (9)(22)
(48)	/ (32)(34)
(51)	/ (37)(48)
(21)	v3
(13)	e(11)
(15)	abs(13)
(25)	v7
(46)	/ (25)(15)
(65)	- (46)(21)
(66)	+ (4)(65)
(75)	cos(66)
(83)	+ (51)(75)
(90)	+ (83)(58)
(7)	v0
(17)	v26
(35)	/ (21)(17)
(53)	e(35)
(64)	+ (7)(53)
(29)	/ (20)(28)
(61)	- (17)(53)
(100)	+ (29)(61)
(108)	+ (100)(64)
(127)	+ (90)(108)
(133)	0.37285155628831035
(139)	* (127)(133)
