(18)	v23
(12)	v13
(1)	v20
(4)	tan(1)
(5)	cos(4)
(31)	0.6407789276883911
(33)	* (31)(5)
(63)	* (12)(33)
(83)	+ (18)(63)
(58)	v1
(23)	v15
(47)	tan(23)
(65)	e(47)
(86)	- (58)(65)
(112)	+ (83)(86)
(19)	v9
(41)	sin(19)
(0)	v25
(2)	+ (1)(0)
(9)	v12
(15)	v11
(16)	- (9)(15)
(27)	- (2)(16)
(72)	+ (65)(27)
(78)	v5
(94)	v21
(96)	+ (78)(94)
(97)	+ (72)(96)
(132)	+ (97)(41)
(136)	+ (132)(112)
(110)	-5.603912146932366
(7)	4.174563790150092
(38)	* (12)(27)
(64)	+ (7)(38)
(70)	v28
(118)	/ (70)(64)
(138)	- (118)(110)
(139)	/ (136)(138)
