(41)	14.109303396584721
(45)	cos(41)
(16)	10.776391335682526
(20)	v27
(22)	* (16)(20)
(4)	v2
(0)	v0
(7)	e(0)
(9)	sin(7)
(13)	+ (4)(9)
(23)	e(13)
(49)	tan(23)
(69)	tan(49)
(30)	11.786393738776283
(31)	* (30)(13)
(11)	-3.322182099648451
(15)	v6
(25)	* (11)(15)
(32)	* (7)(25)
(26)	19.90798440811978
(37)	abs(31)
(44)	- (26)(37)
(52)	* (4)(44)
(56)	+ (32)(52)
(71)	+ (56)(31)
(75)	- (71)(69)
(78)	- (22)(75)
(90)	* (78)(45)
(89)	-3.4925721304835697
(77)	v7
(93)	v26
(103)	+ (77)(93)
(118)	/ (103)(89)
(139)	- (90)(118)
