(46)	0.21677339178414456
(8)	v7
(20)	cos(8)
(2)	v3
(4)	v21
(5)	/ (4)(2)
(12)	v2
(13)	- (12)(8)
(26)	* (5)(13)
(37)	* (20)(26)
(49)	cos(37)
(11)	-19.71616176606382
(29)	tan(11)
(0)	v24
(16)	abs(8)
(1)	-0.4432474868519911
(3)	+ (2)(1)
(7)	* (2)(3)
(10)	* (7)(7)
(23)	cos(10)
(28)	/ (23)(16)
(39)	+ (0)(28)
(44)	- (39)(29)
(47)	-8.278550267200405
(55)	+ (44)(47)
(65)	/ (49)(55)
(75)	cos(65)
(76)	/ (46)(75)
(84)	4.3843580548800105
(96)	/ (84)(76)
(114)	cos(96)
(15)	v27
(22)	v26
(34)	- (13)(22)
(115)	- (15)(34)
(139)	* (115)(114)
