(35)	v27
(2)	v26
(3)	sin(2)
(20)	v7
(22)	+ (3)(20)
(23)	-18.021763508668073
(29)	cos(23)
(42)	* (29)(22)
(52)	v2
(57)	- (42)(52)
(69)	+ (35)(57)
(11)	7.2297772098708215
(12)	v23
(19)	+ (12)(11)
(24)	abs(19)
(38)	* (35)(24)
(53)	+ (3)(38)
(1)	-0.5530746529810813
(0)	v15
(4)	- (0)(1)
(5)	tan(4)
(6)	- (1)(5)
(14)	v10
(32)	- (6)(14)
(55)	sin(32)
(59)	/ (55)(53)
(71)	+ (59)(19)
(84)	-11.513576224797472
(110)	/ (71)(84)
(8)	cos(5)
(9)	* (4)(8)
(15)	- (9)(12)
(37)	sin(15)
(61)	2.9126073776041785
(97)	+ (37)(61)
(112)	cos(97)
(127)	* (112)(110)
(139)	* (127)(69)
