(1)	0.9318309144102521
(3)	e(1)
(78)	abs(3)
(90)	v2
(100)	/ (90)(78)
(109)	sin(100)
(56)	3.0074022803518687
(2)	v27
(5)	v26
(33)	+ (5)(2)
(42)	v7
(59)	+ (42)(33)
(63)	/ (59)(56)
(20)	v3
(22)	- (20)(5)
(39)	abs(22)
(45)	tan(39)
(46)	sin(45)
(8)	5.575140345540724
(6)	2.6145364806652758
(11)	tan(6)
(17)	* (8)(11)
(0)	2.813202556995652
(14)	* (5)(0)
(16)	cos(14)
(23)	v17
(26)	/ (23)(16)
(43)	abs(26)
(50)	- (43)(17)
(54)	v25
(61)	abs(54)
(64)	+ (45)(61)
(70)	+ (50)(64)
(114)	/ (46)(70)
(135)	+ (63)(114)
(139)	- (135)(109)
