(0)	v19
(1)	v13
(5)	- (0)(1)
(13)	/ (1)(5)
(14)	- (5)(13)
(23)	sin(14)
(30)	tan(23)
(47)	12.193067084854633
(49)	- (30)(47)
(79)	-14.978410658080573
(99)	+ (49)(79)
(56)	v18
(8)	v27
(3)	sin(1)
(7)	sin(3)
(12)	+ (7)(8)
(20)	+ (8)(12)
(19)	v15
(33)	- (5)(19)
(42)	- (33)(20)
(25)	-1.4452171275875543
(38)	v1
(4)	v24
(9)	cos(4)
(11)	v2
(41)	* (9)(11)
(45)	- (41)(38)
(46)	/ (45)(25)
(77)	- (42)(46)
(88)	- (56)(77)
(35)	-5.199609895326617
(59)	sin(20)
(96)	- (35)(59)
(102)	* (88)(96)
(139)	/ (102)(99)
