(5)	v21
(2)	2.424637236294572
(0)	v13
(1)	v27
(7)	+ (1)(0)
(8)	/ (7)(2)
(11)	- (8)(5)
(70)	sin(11)
(53)	v28
(36)	v6
(43)	e(36)
(22)	3.49516136983393
(26)	v13
(13)	3.0935376214912083
(15)	e(5)
(16)	e(15)
(18)	- (13)(16)
(34)	e(18)
(37)	* (26)(34)
(9)	v28
(45)	+ (9)(22)
(50)	* (45)(37)
(55)	- (50)(22)
(59)	- (55)(43)
(86)	/ (53)(59)
(104)	+ (5)(86)
(29)	v14
(58)	abs(29)
(28)	cos(15)
(32)	v13
(41)	- (32)(29)
(62)	- (41)(28)
(10)	e(8)
(57)	cos(2)
(67)	- (57)(10)
(72)	+ (62)(67)
(73)	- (58)(72)
(83)	v15
(122)	/ (83)(73)
(123)	+ (122)(104)
(139)	+ (123)(70)
