(86)	1.9916109672454212
(49)	v21
(0)	v10
(2)	v2
(3)	+ (0)(2)
(5)	12.120711875944792
(7)	+ (5)(3)
(4)	- (2)(0)
(19)	abs(4)
(25)	+ (7)(19)
(13)	v13
(15)	v19
(26)	+ (15)(2)
(37)	/ (26)(13)
(43)	e(37)
(59)	+ (25)(43)
(11)	v27
(14)	* (11)(13)
(1)	-12.460784190316247
(8)	- (7)(3)
(16)	- (1)(8)
(20)	+ (14)(16)
(41)	v27
(68)	* (41)(20)
(88)	/ (68)(59)
(30)	+ (15)(25)
(17)	- (15)(4)
(31)	cos(17)
(34)	abs(31)
(29)	e(4)
(42)	/ (34)(29)
(61)	+ (42)(34)
(101)	/ (61)(30)
(112)	cos(101)
(114)	* (112)(88)
(124)	- (49)(114)
(139)	/ (124)(86)
