(9)	v13
(19)	v6
(21)	v18
(26)	+ (19)(21)
(1)	1.8365068847582613
(2)	v2
(4)	v23
(11)	e(2)
(12)	- (11)(4)
(13)	+ (2)(12)
(15)	abs(11)
(24)	* (13)(15)
(20)	v0
(25)	e(20)
(29)	/ (24)(25)
(40)	e(29)
(44)	+ (1)(40)
(56)	/ (26)(44)
(101)	+ (9)(56)
(0)	v0
(10)	/ (0)(1)
(17)	v27
(23)	- (10)(17)
(51)	sin(23)
(5)	- (4)(2)
(7)	/ (5)(1)
(8)	+ (0)(7)
(14)	- (8)(4)
(31)	1.3052151940793237
(36)	/ (14)(31)
(71)	v15
(98)	+ (36)(71)
(102)	- (51)(98)
(115)	- (101)(102)
(18)	sin(7)
(105)	cos(18)
(120)	e(105)
(139)	/ (115)(120)
