(23)	3.382386064337034
(56)	abs(23)
(4)	-4.492883846352065
(12)	sin(4)
(0)	v27
(7)	v28
(9)	- (7)(0)
(10)	v15
(17)	sin(10)
(21)	- (9)(17)
(41)	* (12)(21)
(22)	v17
(37)	e(22)
(46)	/ (37)(4)
(61)	- (41)(46)
(43)	v13
(48)	v17
(68)	+ (48)(43)
(85)	- (68)(61)
(98)	/ (85)(56)
(38)	0.2730102549525242
(63)	* (38)(10)
(45)	+ (23)(37)
(11)	5.770436335045126
(3)	v2
(13)	-9.742583633162582
(15)	- (3)(13)
(16)	sin(15)
(26)	tan(16)
(28)	- (26)(11)
(27)	v24
(29)	cos(27)
(39)	- (29)(28)
(75)	cos(39)
(78)	/ (75)(45)
(111)	+ (63)(78)
(139)	+ (111)(98)
