(6)	9.83858569580756
(3)	v17
(8)	v8
(11)	sin(8)
(13)	* (11)(3)
(2)	v26
(4)	+ (3)(2)
(5)	+ (4)(3)
(16)	cos(5)
(18)	- (13)(16)
(10)	* (2)(8)
(20)	12.01821677825395
(34)	+ (10)(20)
(43)	+ (18)(34)
(0)	v7
(14)	e(0)
(17)	e(14)
(24)	+ (17)(17)
(19)	v16
(29)	+ (3)(19)
(37)	/ (29)(24)
(39)	- (11)(0)
(40)	sin(39)
(56)	- (40)(37)
(23)	v5
(32)	v22
(52)	v26
(61)	- (52)(32)
(1)	v21
(12)	sin(1)
(15)	0.9276963357779486
(31)	+ (12)(15)
(42)	2.2541337297788964
(63)	/ (31)(42)
(69)	* (61)(63)
(78)	- (23)(69)
(80)	- (78)(56)
(124)	/ (80)(43)
(139)	* (124)(6)
