(3)	4.7491414228416495
(8)	v28
(21)	v1
(22)	+ (8)(21)
(86)	/ (22)(3)
(37)	v24
(1)	v20
(4)	e(1)
(7)	e(4)
(14)	- (4)(7)
(19)	- (14)(7)
(26)	v22
(38)	+ (19)(26)
(41)	/ (37)(38)
(6)	+ (3)(1)
(15)	v17
(40)	/ (15)(6)
(43)	v8
(12)	-16.648235874273674
(2)	v2
(5)	- (4)(2)
(16)	abs(5)
(18)	+ (12)(16)
(0)	-8.31735241379703
(9)	v5
(17)	+ (0)(9)
(20)	* (4)(2)
(31)	- (20)(17)
(32)	/ (18)(31)
(33)	abs(32)
(34)	abs(33)
(11)	3.577204021501302
(13)	v7
(39)	/ (11)(13)
(45)	/ (34)(39)
(46)	- (45)(43)
(48)	+ (40)(46)
(70)	v5
(88)	+ (70)(48)
(89)	- (88)(41)
(139)	+ (86)(89)
