(1)	v21
(4)	13.313935942327205
(26)	sin(4)
(36)	* (26)(1)
(13)	2.9532681693547715
(3)	v17
(11)	- (3)(1)
(15)	v20
(25)	+ (11)(15)
(45)	- (25)(26)
(32)	v7
(5)	v7
(8)	sin(5)
(44)	cos(8)
(47)	- (32)(44)
(69)	+ (47)(45)
(86)	/ (69)(13)
(102)	cos(86)
(105)	+ (36)(102)
(0)	4.65816196335193
(6)	- (0)(3)
(7)	v24
(31)	- (7)(6)
(9)	v27
(12)	- (9)(7)
(19)	cos(12)
(21)	v15
(27)	/ (21)(6)
(28)	- (19)(27)
(43)	sin(28)
(49)	- (6)(43)
(73)	/ (31)(49)
(34)	-12.529239557327712
(2)	+ (1)(0)
(70)	+ (49)(2)
(100)	/ (70)(34)
(108)	* (73)(100)
(113)	sin(108)
(39)	tan(28)
(14)	* (13)(8)
(16)	-3.5937893162636314
(41)	- (14)(16)
(58)	* (41)(6)
(61)	/ (39)(58)
(22)	v8
(23)	v5
(24)	- (23)(22)
(54)	-14.157741018540616
(67)	+ (54)(24)
(96)	- (61)(67)
(116)	cos(96)
(120)	- (113)(116)
(139)	- (105)(120)
