(7)	-4.242625111384051
(57)	tan(7)
(11)	1.432792402530655
(2)	v8
(8)	-0.9870496179097259
(9)	* (2)(8)
(13)	- (2)(9)
(21)	- (11)(13)
(4)	v15
(1)	v0
(0)	v20
(3)	e(0)
(6)	/ (1)(3)
(10)	+ (4)(6)
(24)	/ (10)(7)
(45)	- (21)(24)
(12)	v17
(23)	v9
(34)	e(23)
(39)	+ (12)(34)
(30)	1.5984831652076608
(14)	v14
(36)	* (14)(0)
(44)	+ (30)(36)
(72)	/ (39)(44)
(82)	+ (72)(45)
(107)	/ (82)(57)
(5)	v5
(46)	2.216935496277465
(25)	-1.2041395529021912
(29)	v21
(53)	e(29)
(65)	- (25)(53)
(95)	/ (46)(65)
(122)	+ (95)(5)
(139)	- (122)(107)
