(0)	v8
(8)	v5
(38)	- (8)(0)
(4)	-4.222747476494142
(22)	abs(4)
(27)	v20
(54)	/ (27)(22)
(63)	cos(54)
(73)	e(63)
(60)	v7
(36)	v22
(30)	v24
(9)	v22
(25)	3.54099534619111
(34)	+ (25)(9)
(56)	- (30)(34)
(57)	- (38)(56)
(59)	/ (4)(57)
(61)	- (59)(36)
(76)	- (61)(60)
(91)	/ (76)(73)
(10)	cos(8)
(31)	abs(10)
(35)	- (31)(0)
(1)	v17
(5)	+ (1)(1)
(12)	v9
(16)	cos(12)
(19)	+ (16)(5)
(41)	e(19)
(43)	1.8141340648345015
(69)	+ (43)(41)
(89)	/ (35)(69)
(2)	v26
(6)	e(2)
(13)	v15
(17)	11.343229468941427
(18)	+ (13)(17)
(20)	+ (18)(13)
(42)	/ (20)(6)
(66)	-1.1760867947415008
(70)	- (66)(42)
(75)	/ (25)(70)
(29)	-4.08793532609284
(64)	v21
(79)	/ (64)(29)
(97)	sin(79)
(101)	- (75)(97)
(105)	- (101)(89)
(118)	- (105)(91)
(139)	+ (118)(38)
