(1)	v21
(0)	13.874913378214472
(2)	cos(0)
(3)	+ (1)(2)
(4)	sin(2)
(6)	* (4)(3)
(15)	abs(6)
(19)	v1
(40)	* (15)(19)
(7)	6.499598259034087
(8)	v17
(16)	+ (7)(8)
(37)	10.770864148698077
(41)	e(37)
(51)	+ (41)(16)
(5)	v5
(27)	v8
(56)	- (51)(27)
(58)	+ (5)(56)
(66)	- (58)(51)
(24)	v7
(46)	v28
(53)	+ (46)(2)
(57)	+ (53)(24)
(100)	/ (57)(16)
(120)	+ (100)(66)
(82)	sin(7)
(9)	* (1)(3)
(10)	/ (9)(7)
(30)	e(10)
(17)	v0
(12)	v18
(32)	v20
(33)	* (32)(12)
(65)	- (17)(33)
(87)	/ (65)(30)
(79)	cos(5)
(85)	tan(79)
(94)	* (8)(85)
(105)	+ (94)(1)
(113)	+ (87)(105)
(136)	* (82)(113)
(137)	+ (120)(136)
(139)	+ (137)(40)
