(1)	5.961133199833565
(11)	v20
(12)	v5
(39)	- (12)(11)
(73)	/ (39)(1)
(0)	v6
(5)	v21
(6)	v1
(10)	+ (6)(5)
(17)	- (0)(10)
(7)	v8
(14)	- (7)(12)
(20)	- (12)(7)
(19)	3.583058537483428
(27)	e(10)
(28)	+ (19)(27)
(3)	v24
(18)	v17
(25)	+ (18)(3)
(29)	+ (14)(25)
(31)	/ (29)(28)
(41)	+ (31)(20)
(50)	/ (14)(41)
(80)	cos(50)
(82)	+ (80)(17)
(113)	* (73)(82)
(24)	0.35589230958361284
(26)	* (24)(17)
(40)	v7
(48)	16.084112983402626
(88)	tan(48)
(91)	* (88)(40)
(105)	- (91)(26)
(116)	+ (105)(41)
(139)	- (116)(113)
