(7)	v20
(8)	4.249296532701937
(15)	+ (7)(8)
(17)	v17
(18)	/ (17)(15)
(39)	3.083255187231803
(13)	v18
(24)	/ (17)(13)
(27)	cos(24)
(40)	cos(27)
(0)	v27
(11)	abs(0)
(23)	/ (11)(13)
(2)	v5
(4)	v8
(12)	- (2)(4)
(20)	e(12)
(34)	- (20)(12)
(41)	+ (34)(23)
(43)	* (18)(41)
(59)	/ (43)(40)
(68)	sin(59)
(74)	- (68)(39)
(1)	v21
(36)	- (15)(1)
(56)	sin(12)
(5)	- (0)(1)
(6)	v0
(10)	- (6)(5)
(14)	2.8566778708406986
(37)	/ (10)(14)
(53)	v1
(58)	+ (53)(37)
(60)	+ (56)(58)
(81)	/ (36)(60)
(120)	/ (74)(81)
(139)	- (18)(120)
