(1)	v5
(6)	cos(1)
(7)	* (6)(1)
(46)	abs(7)
(13)	v7
(0)	v24
(3)	v8
(4)	- (1)(3)
(5)	+ (4)(0)
(9)	v17
(12)	- (9)(3)
(14)	+ (12)(5)
(17)	+ (14)(13)
(11)	cos(6)
(27)	v9
(29)	v21
(34)	+ (27)(29)
(39)	+ (4)(34)
(41)	* (11)(39)
(52)	/ (17)(41)
(18)	2.6369515456761796
(8)	sin(0)
(22)	- (8)(17)
(20)	v17
(21)	-6.78804867676693
(26)	- (21)(20)
(23)	v20
(33)	sin(23)
(37)	/ (33)(26)
(42)	* (22)(37)
(55)	- (42)(18)
(58)	- (52)(55)
(62)	- (46)(58)
(35)	-4.523078693185262
(53)	v22
(57)	+ (35)(53)
(75)	/ (58)(57)
(99)	+ (62)(75)
(130)	/ (39)(26)
(139)	* (99)(130)
