(1)	v15
(6)	sin(1)
(7)	v21
(9)	v7
(12)	- (7)(9)
(18)	- (12)(6)
(11)	- (6)(9)
(14)	sin(11)
(17)	abs(14)
(24)	v17
(25)	- (17)(24)
(29)	+ (25)(18)
(33)	v5
(2)	v24
(8)	- (7)(2)
(0)	4.5434411678310305
(3)	abs(0)
(5)	/ (2)(3)
(16)	e(5)
(21)	abs(3)
(28)	/ (21)(16)
(31)	/ (8)(28)
(26)	v8
(34)	- (26)(7)
(39)	+ (31)(34)
(56)	- (33)(39)
(61)	+ (29)(56)
(42)	5.925650488698288
(20)	v22
(38)	6.633561118635974
(41)	- (38)(20)
(10)	cos(1)
(47)	cos(10)
(50)	+ (47)(41)
(69)	/ (42)(50)
(95)	* (61)(69)
(139)	- (95)(29)
