(55)	3.895807855093828
(37)	v27
(28)	8.271572855350012
(4)	v22
(1)	v28
(3)	v0
(8)	- (3)(1)
(10)	* (8)(4)
(17)	v20
(20)	v15
(22)	* (17)(20)
(32)	+ (10)(22)
(39)	+ (32)(28)
(2)	-1.4557021885315677
(7)	* (2)(1)
(6)	5.758239524863306
(21)	v23
(27)	- (21)(6)
(36)	+ (10)(27)
(41)	+ (36)(7)
(51)	/ (39)(41)
(80)	+ (51)(37)
(110)	/ (80)(55)
(12)	e(2)
(0)	v20
(5)	+ (0)(4)
(40)	v25
(44)	+ (40)(5)
(62)	* (44)(12)
(48)	v22
(13)	- (0)(12)
(24)	cos(13)
(26)	cos(24)
(29)	e(26)
(30)	v5
(49)	+ (29)(30)
(54)	- (48)(49)
(53)	v15
(47)	v21
(59)	v7
(74)	- (47)(59)
(79)	+ (53)(74)
(86)	- (79)(6)
(95)	/ (54)(86)
(137)	+ (62)(95)
(139)	+ (137)(110)
