(1)	v21
(4)	v25
(8)	- (1)(4)
(12)	v27
(24)	- (8)(12)
(9)	-5.106439375857592
(2)	v19
(7)	12.480602711314958
(16)	+ (7)(2)
(22)	abs(16)
(3)	v19
(5)	- (3)(4)
(10)	cos(4)
(14)	- (10)(5)
(17)	e(14)
(25)	sin(17)
(27)	tan(25)
(28)	+ (27)(22)
(30)	/ (28)(9)
(45)	/ (24)(30)
(47)	-13.89358487206752
(55)	sin(47)
(40)	cos(4)
(42)	cos(40)
(15)	v26
(0)	v20
(6)	/ (5)(0)
(19)	+ (16)(6)
(43)	/ (15)(19)
(26)	abs(0)
(56)	sin(26)
(61)	cos(56)
(71)	- (43)(61)
(80)	- (71)(42)
(82)	/ (55)(80)
(111)	* (1)(82)
(139)	+ (111)(45)
