(0)	7.869887668799045
(1)	v22
(2)	v16
(3)	* (2)(1)
(5)	+ (0)(3)
(4)	v28
(7)	v27
(14)	- (3)(7)
(21)	- (14)(4)
(26)	/ (21)(5)
(11)	v21
(12)	4.313542255147929
(15)	/ (11)(12)
(6)	v6
(20)	v25
(50)	+ (6)(20)
(34)	v0
(31)	sin(5)
(35)	sin(31)
(36)	+ (35)(34)
(53)	* (36)(15)
(61)	+ (50)(53)
(13)	sin(4)
(27)	* (7)(13)
(38)	3.139454044495423
(39)	+ (27)(38)
(16)	cos(7)
(9)	- (7)(4)
(17)	-15.521820923494637
(18)	+ (17)(9)
(55)	v11
(65)	- (55)(18)
(69)	- (65)(16)
(72)	/ (69)(39)
(92)	/ (61)(72)
(100)	+ (92)(15)
(139)	- (100)(26)
