(7)	v27
(4)	v18
(10)	3.453912036542789
(11)	+ (4)(10)
(14)	/ (7)(11)
(64)	0.3721738149613003
(78)	v0
(1)	v0
(13)	v13
(23)	- (1)(13)
(42)	tan(23)
(71)	-12.765175451302667
(83)	- (42)(71)
(89)	/ (78)(83)
(95)	+ (64)(89)
(8)	0.19372631604091595
(26)	v5
(33)	+ (26)(8)
(60)	sin(33)
(0)	v16
(2)	cos(1)
(3)	* (0)(2)
(5)	cos(3)
(12)	9.530252162025615
(16)	v15
(21)	/ (16)(12)
(29)	+ (5)(21)
(15)	v6
(22)	+ (3)(15)
(30)	+ (21)(22)
(41)	v28
(46)	- (30)(41)
(55)	* (29)(46)
(17)	sin(1)
(36)	- (16)(17)
(58)	+ (13)(36)
(65)	+ (58)(55)
(101)	+ (60)(65)
(124)	* (101)(95)
(139)	+ (124)(14)
