(12)	4.004176338525799
(17)	v10
(21)	- (17)(12)
(4)	v2
(14)	v15
(22)	- (4)(14)
(29)	/ (22)(21)
(0)	3.1505605268178805
(2)	v6
(20)	v13
(31)	+ (2)(20)
(46)	/ (31)(0)
(36)	4.185916205378547
(5)	* (4)(2)
(6)	1.2459893692192665
(13)	* (6)(5)
(19)	cos(13)
(7)	v27
(26)	v5
(1)	v28
(18)	e(14)
(28)	cos(18)
(32)	+ (28)(1)
(35)	- (32)(26)
(37)	- (35)(7)
(27)	- (22)(0)
(33)	* (27)(19)
(38)	/ (19)(33)
(41)	- (38)(37)
(43)	v26
(51)	+ (41)(43)
(56)	cos(46)
(70)	* (51)(56)
(73)	+ (19)(70)
(85)	/ (73)(36)
(126)	+ (85)(46)
(139)	+ (126)(29)
