(13)	-2.539351587524365
(24)	v20
(49)	/ (24)(13)
(9)	-7.326784478973739
(16)	v15
(53)	- (16)(9)
(1)	v9
(12)	tan(1)
(20)	- (12)(13)
(63)	abs(20)
(66)	+ (53)(63)
(4)	12.397593399429695
(7)	sin(4)
(3)	tan(1)
(0)	-19.1311521714628
(11)	* (9)(0)
(14)	* (11)(3)
(17)	/ (14)(7)
(25)	cos(17)
(32)	abs(25)
(41)	- (32)(13)
(48)	-9.892135326506043
(89)	/ (48)(41)
(92)	/ (89)(66)
(35)	v6
(2)	cos(0)
(6)	v11
(22)	sin(6)
(59)	cos(22)
(69)	v7
(71)	- (32)(69)
(80)	/ (71)(59)
(83)	- (80)(2)
(102)	- (83)(35)
(121)	* (102)(92)
(139)	- (121)(49)
