(17)	v5
(9)	v22
(0)	v1
(3)	17.229837834866245
(8)	abs(3)
(15)	cos(8)
(28)	+ (0)(15)
(30)	sin(28)
(49)	+ (9)(30)
(68)	+ (49)(17)
(1)	13.720236327722539
(2)	+ (1)(0)
(13)	v20
(16)	+ (13)(2)
(4)	v26
(5)	tan(0)
(6)	cos(5)
(7)	- (6)(4)
(21)	abs(7)
(48)	/ (21)(16)
(51)	e(48)
(43)	13.597059456460485
(10)	-19.983641769052443
(19)	+ (8)(17)
(20)	cos(19)
(22)	/ (20)(2)
(25)	* (10)(22)
(29)	+ (2)(25)
(32)	abs(29)
(53)	19.471657858162217
(54)	cos(13)
(69)	- (53)(54)
(73)	- (69)(32)
(75)	/ (73)(43)
(86)	* (75)(51)
(139)	* (68)(86)
