(3)	v1
(24)	sin(3)
(14)	v1
(26)	-4.202282811299064
(50)	- (14)(26)
(70)	/ (24)(50)
(0)	v5
(43)	1.7489322238370733
(7)	v20
(2)	v26
(23)	sin(2)
(48)	- (7)(23)
(53)	/ (48)(43)
(62)	+ (0)(53)
(74)	-0.5094976814826033
(76)	* (62)(74)
(4)	- (3)(0)
(1)	15.326397808919822
(8)	e(1)
(11)	- (8)(7)
(17)	sin(11)
(20)	+ (4)(17)
(36)	sin(20)
(60)	+ (26)(36)
(5)	/ (1)(2)
(15)	- (5)(1)
(27)	/ (15)(11)
(32)	v22
(6)	+ (1)(0)
(16)	sin(0)
(18)	- (6)(16)
(35)	e(16)
(51)	- (18)(35)
(54)	/ (32)(51)
(72)	- (27)(54)
(83)	* (72)(60)
(124)	- (83)(76)
(139)	+ (124)(70)
