(29)	v1
(5)	v5
(12)	11.331058239448552
(14)	tan(12)
(16)	* (5)(14)
(4)	v26
(17)	sin(4)
(18)	+ (17)(16)
(46)	-6.346639200779904
(69)	/ (18)(46)
(3)	-12.706724082049167
(13)	abs(3)
(24)	/ (13)(14)
(10)	v12
(22)	cos(10)
(33)	+ (22)(17)
(37)	+ (24)(33)
(11)	v28
(25)	sin(11)
(27)	- (11)(25)
(23)	v20
(28)	v22
(32)	+ (28)(23)
(45)	+ (32)(27)
(78)	/ (45)(37)
(84)	- (69)(78)
(97)	+ (29)(84)
(44)	/ (22)(33)
(48)	sin(44)
(52)	sin(48)
(80)	-8.959813827219412
(93)	- (52)(80)
(94)	* (29)(93)
(0)	v12
(6)	+ (3)(0)
(50)	v17
(58)	* (46)(50)
(63)	cos(58)
(74)	abs(63)
(87)	abs(74)
(103)	tan(87)
(113)	+ (103)(6)
(117)	/ (94)(113)
(139)	+ (117)(97)
