(4)	v10
(9)	abs(4)
(0)	v20
(16)	cos(0)
(3)	v26
(18)	tan(3)
(19)	+ (18)(16)
(30)	v22
(41)	+ (30)(18)
(45)	- (41)(19)
(60)	- (45)(9)
(2)	v5
(10)	tan(2)
(12)	v5
(32)	+ (12)(10)
(35)	8.23844986541392
(39)	+ (35)(18)
(49)	- (39)(32)
(15)	sin(3)
(62)	v1
(67)	- (15)(62)
(71)	/ (67)(49)
(81)	* (71)(60)
(58)	cos(35)
(11)	v5
(1)	-9.081181018826134
(6)	sin(1)
(7)	+ (6)(6)
(31)	* (7)(30)
(40)	- (31)(11)
(24)	-5.492374229933436
(27)	v24
(28)	abs(27)
(43)	+ (11)(28)
(46)	/ (43)(24)
(50)	v20
(56)	- (46)(50)
(63)	+ (40)(56)
(131)	* (63)(58)
(139)	+ (81)(131)
