(8)	v1
(5)	2.819888852343869
(10)	v26
(11)	sin(10)
(36)	/ (11)(5)
(58)	- (8)(36)
(19)	2.314663218152937
(111)	/ (58)(19)
(20)	v26
(27)	7.044730788233501
(30)	+ (27)(20)
(13)	v23
(9)	v22
(33)	6.01857810940766
(34)	- (33)(9)
(35)	+ (34)(13)
(53)	/ (30)(35)
(0)	9.075654101862614
(15)	+ (9)(0)
(1)	v5
(16)	v22
(21)	- (16)(1)
(47)	+ (21)(20)
(61)	- (47)(15)
(63)	/ (33)(61)
(69)	* (53)(63)
(12)	abs(5)
(23)	sin(1)
(3)	+ (1)(1)
(7)	/ (3)(5)
(24)	- (16)(7)
(25)	- (23)(24)
(29)	- (12)(25)
(32)	/ (16)(29)
(49)	e(32)
(2)	-1.0495759711329526
(14)	+ (2)(1)
(18)	- (14)(8)
(45)	v20
(74)	+ (18)(45)
(76)	+ (74)(49)
(77)	/ (76)(58)
(115)	+ (69)(77)
(136)	* (115)(111)
(139)	+ (136)(58)
