(2)	v7
(0)	13.95900093799105
(3)	tan(0)
(21)	- (2)(3)
(4)	v23
(6)	- (4)(2)
(8)	v13
(12)	- (4)(8)
(35)	+ (12)(6)
(10)	v8
(37)	- (3)(10)
(41)	+ (37)(35)
(58)	/ (41)(21)
(25)	v17
(34)	4.96069045198983
(83)	/ (25)(34)
(87)	e(83)
(13)	v7
(11)	v6
(20)	v2
(24)	- (20)(11)
(28)	+ (13)(24)
(29)	abs(3)
(30)	- (28)(29)
(46)	v18
(32)	11.12475072621261
(5)	v4
(36)	e(5)
(48)	+ (36)(32)
(7)	cos(5)
(38)	e(7)
(53)	+ (38)(12)
(57)	- (48)(53)
(59)	- (12)(24)
(66)	- (59)(57)
(72)	/ (46)(66)
(98)	* (72)(30)
(138)	+ (98)(87)
(139)	+ (138)(58)
