(15)	v18
(11)	17.80058977911115
(17)	cos(11)
(18)	* (15)(17)
(4)	v18
(7)	v19
(13)	- (4)(7)
(0)	v28
(21)	/ (0)(17)
(3)	4.192645714351375
(19)	cos(17)
(22)	/ (3)(19)
(25)	abs(22)
(26)	- (21)(25)
(29)	/ (13)(26)
(36)	sin(29)
(43)	- (18)(36)
(65)	3.9489491534973595
(1)	-16.7376513569649
(23)	e(1)
(80)	cos(23)
(45)	tan(4)
(84)	sin(45)
(89)	- (80)(84)
(91)	- (89)(65)
(44)	v0
(85)	sin(44)
(8)	v17
(5)	v7
(20)	v12
(35)	+ (20)(5)
(93)	+ (35)(8)
(95)	- (4)(93)
(101)	+ (85)(95)
(127)	/ (101)(91)
(139)	+ (127)(43)
