(32)	-2.2424146146308424
(23)	v18
(1)	v0
(3)	tan(1)
(5)	sin(3)
(27)	cos(5)
(29)	* (23)(27)
(37)	sin(29)
(61)	+ (32)(37)
(48)	v11
(0)	v1
(2)	- (1)(0)
(10)	+ (2)(2)
(11)	* (10)(0)
(13)	v2
(33)	/ (13)(11)
(17)	/ (1)(13)
(19)	cos(17)
(41)	v28
(84)	+ (19)(41)
(87)	+ (33)(84)
(93)	cos(87)
(94)	-4.999855739931277
(95)	+ (94)(93)
(98)	+ (48)(95)
(14)	v7
(12)	5.330840154109076
(21)	v13
(25)	abs(21)
(28)	- (10)(25)
(31)	/ (28)(12)
(6)	v1
(16)	/ (11)(12)
(47)	+ (6)(16)
(109)	- (47)(31)
(117)	+ (14)(109)
(120)	/ (98)(117)
(139)	/ (61)(120)
