(1)	v12
(2)	v5
(14)	+ (1)(2)
(28)	abs(14)
(33)	cos(28)
(21)	v7
(7)	v9
(13)	v1
(25)	+ (7)(13)
(36)	+ (25)(21)
(38)	- (33)(36)
(15)	15.54277502788279
(0)	v15
(4)	+ (0)(1)
(12)	- (2)(4)
(17)	sin(12)
(41)	tan(33)
(47)	- (41)(17)
(48)	+ (15)(47)
(50)	6.473492149105432
(57)	/ (50)(48)
(61)	* (57)(38)
(30)	-13.590307046132528
(32)	abs(30)
(62)	v0
(75)	+ (62)(32)
(22)	-2.640460916988438
(5)	v12
(40)	+ (5)(28)
(53)	/ (40)(22)
(3)	7.9160353705021365
(16)	/ (12)(3)
(20)	v24
(24)	sin(20)
(72)	- (24)(16)
(76)	+ (53)(72)
(78)	- (76)(75)
(104)	cos(78)
(114)	sin(104)
(139)	- (114)(61)
