(43)	2.081321765252973
(52)	v7
(22)	v15
(36)	-2.7354954420496647
(37)	+ (22)(36)
(3)	v28
(5)	e(3)
(17)	-5.737370017670758
(73)	/ (5)(17)
(75)	+ (37)(73)
(93)	+ (75)(52)
(19)	8.141510998305993
(23)	v17
(7)	v7
(14)	sin(7)
(15)	v24
(27)	+ (15)(14)
(33)	sin(27)
(35)	+ (23)(33)
(50)	- (19)(35)
(2)	v1
(20)	v0
(21)	- (15)(20)
(25)	+ (21)(2)
(32)	v16
(24)	2.5779560217790767
(1)	v4
(8)	/ (1)(7)
(26)	cos(8)
(68)	+ (26)(24)
(70)	+ (32)(68)
(77)	* (70)(25)
(78)	+ (50)(77)
(29)	v9
(11)	v15
(38)	-8.613864605126889
(42)	- (11)(38)
(54)	v27
(62)	- (54)(23)
(65)	- (62)(42)
(80)	+ (29)(65)
(81)	sin(68)
(82)	+ (81)(80)
(89)	/ (82)(36)
(101)	/ (78)(89)
(125)	abs(101)
(135)	+ (93)(125)
(139)	/ (135)(43)
