(11)	v6
(3)	7.81709078636894
(13)	abs(3)
(26)	+ (13)(11)
(31)	v9
(47)	+ (26)(31)
(32)	v28
(38)	sin(32)
(57)	+ (32)(38)
(62)	/ (57)(47)
(4)	-2.6999232906011095
(5)	/ (3)(4)
(0)	v1
(45)	v17
(48)	+ (45)(0)
(76)	/ (48)(5)
(104)	- (62)(76)
(27)	v2
(1)	v5
(24)	- (1)(0)
(7)	v18
(36)	cos(7)
(44)	+ (36)(24)
(65)	- (27)(44)
(18)	v25
(61)	-4.34317966041788
(74)	- (18)(61)
(87)	/ (65)(74)
(8)	v28
(21)	+ (8)(0)
(2)	cos(1)
(6)	tan(2)
(40)	v13
(41)	+ (6)(40)
(42)	- (41)(21)
(51)	v11
(72)	- (51)(42)
(37)	-7.693631522416592
(43)	abs(37)
(55)	tan(43)
(59)	cos(45)
(85)	- (55)(59)
(107)	/ (72)(85)
(128)	- (107)(87)
(139)	+ (104)(128)
