(0)	v12
(5)	v28
(6)	- (5)(0)
(17)	v17
(21)	+ (17)(6)
(3)	v1
(8)	v5
(15)	+ (8)(3)
(22)	+ (15)(21)
(30)	+ (22)(21)
(50)	-6.112807775776483
(53)	/ (30)(50)
(19)	-1.4321107378961102
(1)	v13
(13)	e(1)
(26)	- (13)(19)
(46)	- (19)(26)
(36)	-14.901371037014762
(40)	-10.506060008377588
(12)	v22
(14)	v26
(41)	- (14)(12)
(43)	* (40)(41)
(49)	/ (43)(36)
(57)	/ (49)(46)
(66)	- (57)(53)
(9)	v11
(35)	sin(9)
(51)	sin(35)
(10)	- (0)(1)
(24)	* (22)(10)
(28)	abs(24)
(55)	v16
(62)	cos(55)
(70)	+ (62)(28)
(75)	+ (70)(13)
(91)	/ (51)(75)
(139)	+ (66)(91)
