(9)	v5
(17)	v1
(22)	+ (9)(17)
(32)	v28
(33)	+ (22)(32)
(2)	v2
(3)	v19
(4)	- (3)(2)
(18)	v13
(25)	- (4)(18)
(47)	v17
(61)	+ (47)(25)
(72)	+ (61)(33)
(14)	-0.6147533259599989
(15)	+ (3)(14)
(6)	-6.197346762318583
(8)	v17
(23)	- (6)(8)
(39)	+ (23)(15)
(5)	-19.538811930547617
(7)	v15
(12)	- (7)(5)
(0)	v5
(10)	sin(0)
(11)	* (10)(3)
(30)	+ (11)(12)
(52)	cos(30)
(45)	v8
(54)	v6
(76)	* (54)(45)
(77)	+ (76)(52)
(92)	- (12)(77)
(93)	/ (92)(39)
(29)	cos(12)
(68)	abs(29)
(74)	abs(0)
(94)	* (74)(68)
(109)	- (94)(93)
(139)	/ (72)(109)
