(8)	v18
(9)	v4
(16)	- (9)(8)
(20)	v0
(46)	* (20)(16)
(53)	cos(46)
(6)	v2
(32)	v28
(0)	-0.7343573165278627
(1)	v17
(19)	- (1)(0)
(11)	abs(9)
(26)	cos(11)
(28)	* (26)(19)
(3)	+ (0)(1)
(5)	v1
(10)	-0.529326216330869
(13)	sin(10)
(21)	* (5)(13)
(34)	- (21)(3)
(43)	- (34)(28)
(58)	- (32)(43)
(65)	- (58)(6)
(82)	+ (53)(65)
(36)	v19
(70)	v27
(14)	v15
(7)	10.787987490256317
(23)	/ (8)(7)
(24)	- (0)(23)
(37)	v5
(39)	+ (37)(24)
(66)	sin(39)
(77)	+ (14)(66)
(78)	- (70)(77)
(81)	/ (78)(0)
(101)	+ (81)(36)
(122)	+ (82)(101)
(88)	-1.3308381280674269
(124)	e(88)
(139)	* (122)(124)
