(1)	v17
(17)	+ (1)(1)
(54)	4.968833239436879
(56)	/ (17)(54)
(7)	v13
(27)	cos(7)
(29)	v11
(34)	+ (29)(27)
(3)	-6.980316881894794
(5)	v5
(6)	+ (5)(3)
(37)	v19
(39)	+ (37)(6)
(60)	/ (34)(39)
(61)	- (56)(60)
(41)	4.8263659306661495
(48)	v22
(93)	+ (41)(48)
(21)	-19.727242322279533
(25)	e(21)
(28)	sin(6)
(32)	+ (28)(25)
(51)	+ (32)(37)
(0)	v2
(2)	v1
(8)	v0
(11)	cos(8)
(13)	+ (2)(11)
(16)	- (0)(13)
(20)	v27
(40)	cos(20)
(18)	v28
(53)	- (18)(7)
(78)	- (40)(53)
(98)	+ (16)(78)
(111)	- (51)(98)
(112)	/ (111)(93)
(139)	+ (112)(61)
