(0)	v28
(1)	v13
(2)	v5
(3)	- (2)(1)
(4)	v17
(6)	+ (3)(4)
(9)	+ (6)(0)
(26)	v1
(47)	+ (9)(26)
(53)	-2.5142293461010503
(69)	e(53)
(5)	-4.2503087738090315
(18)	- (2)(0)
(7)	cos(6)
(11)	v20
(19)	sin(11)
(29)	+ (19)(7)
(33)	+ (29)(18)
(27)	tan(19)
(45)	cos(27)
(46)	* (45)(33)
(16)	-1.8631953682711426
(8)	tan(4)
(20)	cos(8)
(39)	abs(20)
(49)	/ (39)(16)
(14)	+ (3)(11)
(23)	v22
(25)	- (23)(14)
(43)	v0
(50)	+ (25)(43)
(55)	* (50)(49)
(102)	+ (55)(46)
(104)	- (102)(5)
(125)	* (69)(104)
(139)	* (47)(125)
