(0)	v24
(4)	sin(0)
(2)	-13.944236928856007
(3)	v13
(8)	* (2)(3)
(9)	sin(8)
(21)	* (4)(9)
(13)	16.552459330669016
(16)	-4.810939839305103
(20)	* (0)(16)
(24)	- (13)(20)
(34)	+ (21)(24)
(11)	v13
(35)	v17
(38)	- (11)(35)
(19)	18.981545361337552
(25)	sin(19)
(29)	v28
(52)	/ (29)(25)
(60)	- (52)(38)
(61)	/ (60)(34)
(1)	v9
(10)	abs(1)
(17)	- (10)(2)
(33)	-4.564852124264185
(51)	/ (33)(17)
(14)	v1
(40)	v2
(53)	- (40)(14)
(63)	* (53)(51)
(75)	+ (61)(63)
(88)	sin(75)
(30)	v11
(44)	v5
(45)	+ (30)(44)
(47)	- (38)(45)
(31)	cos(30)
(32)	sin(4)
(37)	+ (33)(32)
(71)	+ (37)(31)
(94)	/ (47)(71)
(139)	+ (94)(88)
