(1)	v21
(4)	v12
(5)	* (4)(1)
(7)	4.094099179420869
(14)	+ (5)(7)
(20)	v5
(22)	v17
(25)	+ (22)(20)
(27)	v17
(64)	+ (27)(25)
(65)	/ (64)(14)
(2)	3.5579818161277252
(3)	tan(2)
(13)	v1
(33)	* (13)(3)
(0)	v15
(31)	v27
(37)	- (0)(31)
(23)	sin(2)
(41)	sin(27)
(52)	+ (41)(23)
(62)	* (52)(37)
(66)	* (62)(33)
(76)	+ (65)(66)
(85)	sin(76)
(51)	v28
(19)	cos(0)
(11)	v1
(21)	* (4)(19)
(16)	-1.0179195123258644
(32)	v9
(43)	/ (32)(16)
(10)	v26
(6)	v22
(8)	- (5)(6)
(9)	cos(8)
(24)	sin(9)
(40)	/ (24)(9)
(46)	+ (40)(10)
(57)	+ (46)(43)
(59)	+ (57)(21)
(63)	- (11)(59)
(68)	+ (63)(19)
(70)	+ (68)(51)
(38)	cos(24)
(48)	-19.014886135512054
(60)	sin(48)
(87)	tan(60)
(88)	/ (87)(38)
(129)	* (88)(70)
(139)	- (85)(129)
