(4)	-8.157408804618186
(11)	cos(4)
(10)	2.749827535667876
(2)	v13
(3)	v2
(0)	v5
(5)	v17
(9)	+ (0)(5)
(18)	- (3)(9)
(21)	+ (18)(2)
(23)	/ (21)(10)
(56)	- (11)(23)
(22)	v0
(27)	v22
(31)	+ (27)(22)
(1)	v2
(13)	- (1)(9)
(35)	+ (13)(27)
(45)	e(35)
(7)	-7.854535821372828
(38)	- (7)(22)
(44)	v0
(50)	- (0)(44)
(53)	+ (50)(38)
(55)	- (53)(45)
(62)	- (31)(55)
(75)	4.544256227688507
(77)	abs(75)
(94)	/ (62)(77)
(95)	v28
(100)	/ (95)(94)
(102)	+ (100)(56)
(72)	17.859659803697447
(78)	cos(72)
(16)	-0.8342727189916666
(17)	/ (2)(16)
(20)	/ (17)(2)
(32)	v1
(39)	- (32)(20)
(24)	sin(4)
(41)	cos(24)
(47)	* (41)(39)
(6)	/ (2)(4)
(52)	e(6)
(80)	/ (47)(52)
(113)	* (80)(78)
(139)	+ (113)(102)
