(51)	-4.9712347963620385
(104)	cos(51)
(49)	v0
(27)	v26
(0)	v24
(1)	v13
(2)	- (1)(0)
(3)	- (2)(0)
(13)	cos(3)
(18)	v7
(26)	sin(18)
(62)	+ (26)(13)
(65)	+ (27)(62)
(73)	+ (49)(65)
(72)	19.565943405414053
(7)	1.2718868797308573
(10)	v28
(12)	- (7)(10)
(5)	abs(1)
(6)	- (5)(1)
(14)	+ (5)(6)
(48)	+ (12)(14)
(68)	tan(10)
(79)	/ (68)(48)
(82)	- (79)(72)
(28)	v25
(30)	v19
(32)	-9.688742243115032
(20)	* (6)(5)
(39)	- (20)(12)
(42)	- (39)(32)
(67)	- (30)(42)
(121)	/ (28)(67)
(125)	* (121)(82)
(133)	+ (125)(73)
(139)	* (104)(133)
