(3)	-11.105412196795022
(5)	-19.829526069825324
(7)	/ (5)(3)
(21)	tan(5)
(22)	+ (7)(21)
(34)	v6
(40)	* (22)(34)
(48)	sin(40)
(33)	v25
(0)	v20
(15)	e(0)
(28)	e(15)
(30)	v12
(55)	/ (30)(28)
(56)	+ (55)(33)
(59)	+ (56)(48)
(4)	v3
(6)	v24
(10)	1.1806546193631426
(11)	/ (6)(10)
(13)	11.577114743040436
(25)	v13
(31)	- (13)(25)
(39)	+ (31)(11)
(42)	+ (4)(39)
(49)	sin(42)
(53)	- (49)(22)
(18)	v23
(52)	sin(18)
(58)	+ (52)(21)
(69)	/ (53)(58)
(80)	+ (69)(59)
(71)	0.6154055030714005
(116)	sin(71)
(139)	* (116)(80)
