(31)	0.99548467476939
(2)	-9.037068532723094
(7)	v5
(15)	- (7)(2)
(45)	v26
(87)	- (15)(45)
(18)	-12.825908841025488
(4)	-15.735719073415687
(9)	v0
(29)	/ (9)(4)
(32)	+ (7)(29)
(70)	+ (18)(32)
(42)	-2.9436916359744387
(37)	v11
(38)	v5
(43)	abs(38)
(44)	- (43)(7)
(50)	+ (37)(44)
(73)	abs(50)
(34)	e(15)
(93)	cos(34)
(94)	+ (73)(93)
(107)	- (42)(94)
(115)	- (70)(107)
(127)	/ (87)(115)
(5)	v21
(12)	e(5)
(14)	e(12)
(26)	v24
(33)	/ (26)(14)
(48)	cos(33)
(69)	v25
(97)	+ (48)(69)
(24)	3.8146130128775155
(0)	v19
(3)	v3
(13)	- (0)(3)
(20)	sin(13)
(11)	sin(4)
(30)	- (11)(20)
(52)	- (20)(30)
(53)	+ (24)(52)
(1)	v28
(6)	/ (1)(3)
(8)	2.697766978142795
(10)	/ (6)(8)
(21)	+ (6)(10)
(59)	cos(21)
(27)	sin(20)
(17)	/ (13)(15)
(40)	e(17)
(72)	- (69)(40)
(81)	- (72)(27)
(82)	v8
(85)	- (82)(81)
(91)	- (85)(59)
(121)	/ (91)(53)
(129)	+ (121)(97)
(134)	+ (129)(127)
(139)	* (31)(134)
