(53)	-4.420629648545852
(1)	11.984502502935097
(4)	v20
(16)	+ (4)(1)
(11)	v11
(0)	v26
(2)	cos(0)
(10)	tan(2)
(5)	v19
(8)	sin(5)
(12)	e(8)
(15)	v25
(22)	- (12)(15)
(25)	* (10)(22)
(27)	- (11)(25)
(7)	tan(5)
(17)	5.588308304463716
(21)	+ (17)(7)
(32)	-4.562974478872723
(36)	/ (21)(32)
(41)	v21
(47)	* (36)(41)
(48)	abs(47)
(49)	- (27)(48)
(54)	- (49)(16)
(70)	/ (53)(54)
(79)	v20
(42)	v7
(26)	v6
(35)	/ (26)(10)
(52)	sin(35)
(71)	v1
(75)	+ (71)(52)
(84)	- (75)(8)
(102)	+ (84)(42)
(138)	+ (102)(79)
(139)	* (70)(138)
