(17)	v1
(5)	v17
(8)	v20
(14)	cos(8)
(19)	* (5)(14)
(42)	- (17)(19)
(33)	-1.856923455174332
(44)	cos(33)
(67)	* (42)(44)
(1)	v15
(7)	sin(1)
(0)	6.913818818309458
(2)	abs(0)
(10)	- (1)(2)
(13)	sin(10)
(24)	+ (13)(7)
(26)	v7
(29)	- (26)(24)
(39)	-2.9024594830385055
(40)	/ (29)(39)
(54)	sin(40)
(77)	- (7)(54)
(82)	- (77)(67)
(4)	v27
(6)	cos(4)
(9)	* (1)(5)
(15)	+ (9)(6)
(28)	v6
(41)	+ (28)(15)
(73)	cos(41)
(16)	v9
(20)	abs(16)
(21)	e(20)
(12)	v21
(55)	cos(12)
(81)	/ (55)(21)
(113)	* (73)(81)
(139)	- (82)(113)
