(38)	-1.605238306092673
(21)	v20
(1)	v7
(5)	sin(1)
(7)	v1
(11)	+ (7)(5)
(24)	-4.855919172411038
(42)	- (11)(24)
(58)	+ (21)(42)
(2)	v5
(3)	+ (1)(2)
(12)	tan(3)
(18)	18.67314608735996
(63)	+ (18)(12)
(9)	/ (3)(7)
(14)	cos(9)
(10)	-5.416209110135508
(30)	v11
(33)	+ (10)(30)
(51)	cos(33)
(56)	+ (51)(14)
(80)	e(56)
(84)	/ (80)(63)
(20)	v26
(4)	3.666033160804428
(15)	e(3)
(29)	+ (4)(15)
(40)	+ (20)(29)
(13)	v6
(26)	+ (14)(13)
(35)	v14
(64)	- (35)(26)
(83)	/ (64)(40)
(111)	e(83)
(122)	+ (111)(84)
(128)	e(122)
(129)	/ (58)(128)
(139)	+ (129)(38)
