(36)	v1
(40)	12.060394630297758
(42)	v10
(53)	- (40)(42)
(55)	19.227314713947415
(72)	/ (53)(55)
(78)	* (72)(36)
(27)	4.370343515761835
(3)	v27
(9)	abs(3)
(20)	sin(9)
(31)	tan(20)
(88)	/ (31)(27)
(2)	v5
(51)	abs(2)
(15)	18.270752220454128
(0)	4.990370331460731
(46)	abs(0)
(58)	tan(46)
(5)	v14
(1)	v8
(12)	v7
(13)	sin(9)
(18)	+ (12)(13)
(22)	- (1)(18)
(17)	v15
(25)	e(20)
(34)	- (20)(25)
(37)	* (17)(34)
(59)	+ (37)(22)
(60)	+ (5)(59)
(62)	/ (60)(58)
(64)	cos(62)
(73)	* (15)(64)
(74)	- (51)(73)
(7)	sin(0)
(19)	-12.401059179789433
(24)	v20
(35)	+ (24)(19)
(6)	tan(2)
(10)	v0
(11)	/ (6)(10)
(48)	abs(11)
(63)	- (35)(48)
(57)	tan(46)
(76)	- (2)(57)
(81)	+ (76)(63)
(89)	/ (81)(7)
(91)	/ (74)(89)
(94)	sin(62)
(118)	* (91)(94)
(130)	+ (88)(118)
(139)	- (78)(130)
