(11)	17.494914683980824
(20)	2.9926262895384923
(36)	/ (20)(11)
(17)	-15.423041466820608
(28)	tan(17)
(27)	v27
(1)	v10
(2)	v7
(5)	- (1)(2)
(9)	v14
(10)	tan(2)
(12)	+ (10)(9)
(16)	v20
(19)	+ (12)(16)
(21)	cos(19)
(13)	v3
(0)	v24
(15)	+ (0)(9)
(22)	* (13)(15)
(34)	- (21)(22)
(18)	e(9)
(30)	e(18)
(40)	abs(30)
(42)	/ (34)(40)
(63)	- (5)(42)
(26)	v19
(6)	sin(1)
(14)	cos(6)
(29)	e(14)
(35)	/ (26)(29)
(57)	v4
(61)	- (57)(35)
(70)	abs(14)
(71)	/ (61)(70)
(74)	- (71)(63)
(81)	+ (27)(74)
(137)	* (28)(81)
(139)	+ (137)(36)
