(8)	v4
(7)	v14
(0)	v10
(2)	v27
(3)	- (0)(2)
(6)	-0.5294765563857915
(16)	* (6)(3)
(47)	+ (7)(16)
(19)	v19
(69)	v7
(72)	- (19)(69)
(82)	- (47)(72)
(92)	+ (8)(82)
(39)	-12.232122085274032
(54)	v19
(12)	v7
(17)	cos(12)
(20)	sin(17)
(52)	tan(20)
(1)	v5
(35)	v2
(43)	+ (35)(1)
(4)	tan(3)
(11)	+ (4)(8)
(31)	+ (11)(16)
(33)	- (31)(0)
(50)	cos(33)
(74)	+ (43)(50)
(83)	- (74)(52)
(86)	+ (54)(83)
(107)	- (86)(39)
(24)	4.725039925639059
(45)	abs(24)
(40)	v25
(57)	- (40)(20)
(123)	+ (57)(45)
(130)	/ (123)(107)
(139)	* (130)(92)
