(3)	-14.2189391911002
(0)	v14
(1)	v26
(5)	+ (1)(0)
(38)	v24
(7)	v4
(12)	v13
(6)	-3.6135143892334227
(2)	tan(1)
(4)	e(2)
(8)	- (2)(4)
(9)	e(8)
(11)	* (9)(1)
(14)	- (5)(11)
(16)	/ (14)(12)
(23)	+ (6)(16)
(31)	* (12)(23)
(39)	* (31)(7)
(43)	+ (38)(39)
(77)	+ (5)(43)
(82)	abs(77)
(94)	/ (82)(3)
(119)	sin(94)
(47)	- (12)(9)
(49)	cos(2)
(33)	v27
(40)	+ (33)(31)
(65)	- (40)(9)
(13)	-6.3211780673377405
(21)	-5.514223975257767
(34)	cos(21)
(41)	sin(34)
(67)	+ (13)(41)
(68)	+ (65)(67)
(70)	+ (49)(68)
(72)	v20
(74)	/ (72)(70)
(50)	-1.7863307030088507
(59)	- (50)(34)
(83)	/ (40)(59)
(89)	- (83)(74)
(120)	- (47)(89)
(139)	- (120)(119)
