(19)	-18.15736521251114
(24)	v28
(26)	v7
(27)	+ (24)(26)
(11)	v8
(17)	v27
(37)	+ (11)(17)
(42)	+ (37)(27)
(57)	v5
(63)	- (42)(57)
(44)	abs(27)
(46)	4.47569386000972
(48)	+ (46)(44)
(79)	abs(48)
(102)	* (63)(79)
(106)	/ (102)(19)
(1)	v1
(2)	cos(1)
(21)	tan(2)
(39)	v3
(45)	* (39)(21)
(71)	cos(45)
(76)	- (48)(71)
(3)	v16
(4)	v14
(18)	/ (4)(3)
(23)	sin(18)
(0)	-8.703479180143109
(5)	+ (0)(2)
(30)	sin(5)
(49)	- (23)(30)
(58)	6.794456176548746
(70)	- (21)(58)
(77)	+ (70)(49)
(138)	/ (77)(76)
(139)	* (106)(138)
