(7)	v5
(10)	v27
(13)	- (10)(7)
(36)	2.082013736709495
(61)	+ (13)(36)
(64)	11.879510990783348
(68)	+ (61)(64)
(11)	4.904622705156324
(22)	v4
(19)	v16
(0)	v19
(5)	v23
(9)	- (5)(0)
(18)	+ (13)(9)
(25)	abs(18)
(26)	- (25)(19)
(28)	+ (26)(13)
(32)	- (22)(28)
(33)	v19
(53)	- (32)(33)
(81)	sin(53)
(83)	+ (11)(81)
(117)	/ (83)(68)
(30)	3.9043157305120424
(50)	sin(30)
(54)	v17
(66)	* (54)(50)
(73)	v21
(75)	v1
(86)	+ (75)(73)
(4)	v13
(23)	cos(4)
(1)	v13
(14)	-10.44857327043863
(20)	+ (14)(1)
(27)	cos(20)
(51)	- (27)(23)
(77)	cos(51)
(80)	tan(77)
(104)	* (13)(80)
(110)	+ (86)(104)
(125)	- (110)(66)
(139)	* (125)(117)
