(7)	v5
(9)	sin(7)
(48)	cos(9)
(52)	tan(48)
(15)	-5.742846900470777
(18)	v1
(34)	sin(18)
(44)	/ (18)(34)
(47)	cos(44)
(73)	- (47)(15)
(74)	- (73)(52)
(0)	v8
(6)	v17
(8)	v26
(12)	+ (6)(8)
(14)	+ (12)(0)
(21)	v27
(22)	+ (21)(14)
(1)	-1.4185473928511527
(2)	v28
(4)	+ (1)(2)
(10)	- (8)(4)
(20)	cos(10)
(30)	e(20)
(46)	* (30)(9)
(98)	- (22)(46)
(13)	v7
(27)	+ (13)(2)
(16)	+ (15)(7)
(23)	v25
(25)	/ (23)(9)
(26)	+ (16)(25)
(35)	v17
(24)	tan(16)
(41)	* (16)(24)
(56)	sin(41)
(60)	* (56)(35)
(65)	/ (60)(26)
(132)	- (27)(65)
(134)	+ (132)(98)
(139)	/ (134)(74)
