(11)	-8.25101848307568
(3)	v17
(43)	v8
(46)	+ (43)(3)
(56)	/ (46)(11)
(21)	v8
(5)	v5
(8)	v3
(14)	- (5)(8)
(22)	v1
(25)	- (14)(22)
(40)	- (25)(21)
(52)	-4.14574969706576
(60)	/ (40)(52)
(61)	- (60)(56)
(7)	v28
(0)	v7
(10)	- (0)(8)
(13)	+ (7)(10)
(26)	-4.478198184859362
(16)	v17
(28)	abs(16)
(6)	v25
(24)	5.3677750068017716
(29)	- (24)(6)
(45)	sin(29)
(59)	- (45)(28)
(63)	- (59)(26)
(34)	-10.051830756168343
(65)	sin(34)
(75)	+ (63)(65)
(84)	/ (13)(75)
(31)	e(11)
(1)	v27
(41)	- (1)(8)
(64)	4.5480867893693
(71)	/ (41)(64)
(107)	+ (71)(31)
(121)	+ (107)(84)
(139)	+ (61)(121)
