(46)	4.088929671579127
(22)	v1
(36)	4.1830262123647515
(38)	+ (22)(36)
(14)	v22
(23)	cos(14)
(1)	v8
(7)	/ (1)(1)
(11)	e(7)
(0)	v5
(4)	- (1)(0)
(15)	/ (4)(7)
(16)	- (15)(11)
(2)	cos(0)
(3)	v25
(6)	* (3)(2)
(26)	abs(6)
(53)	+ (26)(16)
(66)	- (53)(23)
(84)	/ (66)(38)
(50)	4.803703797466024
(52)	v7
(59)	/ (52)(11)
(21)	v27
(27)	v19
(28)	- (21)(27)
(8)	v16
(9)	e(4)
(10)	+ (9)(8)
(13)	sin(10)
(37)	+ (36)(13)
(39)	- (14)(37)
(40)	/ (28)(39)
(19)	v28
(41)	-2.4268982450915075
(62)	/ (19)(41)
(70)	+ (62)(40)
(76)	- (70)(59)
(87)	- (50)(76)
(125)	+ (87)(84)
(139)	- (125)(46)
