(79)	v15
(8)	v8
(2)	-4.722202456335642
(4)	v24
(10)	cos(4)
(12)	/ (10)(2)
(21)	v3
(23)	* (12)(21)
(30)	+ (8)(23)
(9)	12.920893725362845
(13)	+ (9)(4)
(17)	cos(13)
(35)	cos(17)
(57)	v26
(87)	- (57)(35)
(91)	+ (87)(30)
(93)	+ (91)(79)
(47)	-15.363487276335315
(52)	6.289777373933475
(80)	- (52)(47)
(112)	sin(80)
(114)	* (93)(112)
(14)	+ (8)(2)
(11)	v24
(1)	v27
(0)	v12
(5)	/ (0)(2)
(6)	e(5)
(32)	v24
(38)	- (32)(6)
(46)	v2
(50)	+ (46)(38)
(51)	- (50)(1)
(73)	- (11)(51)
(121)	/ (73)(14)
(139)	- (114)(121)
