(0)	4.289354183193691
(5)	v8
(25)	/ (5)(0)
(23)	12.861167176061095
(44)	sin(23)
(1)	v14
(2)	/ (1)(0)
(19)	sin(2)
(7)	v27
(15)	v2
(16)	v13
(18)	- (15)(16)
(26)	- (7)(18)
(33)	- (19)(26)
(34)	-2.1959091060495055
(8)	v26
(9)	v28
(11)	- (8)(9)
(29)	v0
(38)	+ (29)(11)
(41)	/ (38)(34)
(65)	+ (41)(33)
(27)	5.8078893486536
(10)	v10
(4)	- (2)(1)
(14)	e(4)
(17)	- (10)(14)
(40)	sin(17)
(51)	+ (27)(40)
(6)	1.6938831197377127
(3)	v26
(21)	e(3)
(61)	- (6)(21)
(62)	/ (61)(51)
(74)	v15
(81)	- (62)(74)
(84)	+ (81)(65)
(103)	* (84)(44)
(139)	- (25)(103)
