(32)	v26
(33)	4.851364115767318
(51)	/ (32)(33)
(75)	tan(51)
(8)	v3
(9)	v15
(16)	- (8)(9)
(22)	v12
(52)	+ (22)(16)
(70)	2.406189991969999
(55)	v13
(53)	v8
(21)	e(16)
(23)	e(21)
(24)	cos(23)
(6)	7.516613472295155
(1)	v13
(0)	v17
(2)	tan(0)
(4)	cos(2)
(5)	* (4)(1)
(7)	cos(5)
(25)	+ (7)(6)
(36)	+ (25)(24)
(3)	v3
(11)	+ (0)(3)
(14)	3.4641261306884097
(26)	* (14)(1)
(54)	- (11)(26)
(63)	/ (54)(36)
(69)	+ (53)(63)
(73)	+ (69)(55)
(79)	* (73)(70)
(82)	- (52)(79)
(19)	e(14)
(35)	abs(0)
(45)	- (19)(35)
(38)	-5.728999160271853
(37)	v13
(42)	-1.011447649569238
(67)	- (42)(37)
(72)	+ (67)(38)
(81)	+ (0)(72)
(86)	/ (45)(81)
(87)	/ (82)(86)
(139)	+ (87)(75)
