(1)	-3.104284702071819
(2)	v13
(3)	/ (2)(1)
(4)	e(3)
(5)	v26
(12)	- (5)(4)
(0)	-2.477200140584685
(17)	/ (5)(0)
(24)	-2.384221855879396
(35)	/ (17)(24)
(39)	- (12)(35)
(50)	0.03585887750964645
(47)	-6.857063226780991
(55)	v12
(57)	+ (55)(47)
(7)	v20
(11)	* (7)(7)
(23)	sin(11)
(27)	cos(23)
(20)	v2
(21)	v15
(42)	- (21)(20)
(56)	+ (27)(42)
(6)	/ (0)(3)
(8)	v8
(10)	+ (8)(6)
(22)	- (10)(12)
(18)	- (1)(7)
(26)	v27
(34)	e(26)
(40)	/ (34)(18)
(41)	- (22)(40)
(46)	- (6)(41)
(64)	* (46)(24)
(76)	+ (64)(56)
(89)	* (57)(76)
(93)	* (89)(50)
(139)	- (39)(93)
