(21)	v25
(38)	-4.583102169491507
(48)	/ (21)(38)
(19)	3.282491745820842
(3)	2.3691840389902907
(12)	v5
(23)	- (12)(3)
(29)	v27
(41)	- (29)(23)
(42)	/ (41)(19)
(22)	v0
(51)	v4
(66)	+ (51)(22)
(70)	/ (66)(3)
(83)	* (42)(70)
(97)	- (83)(48)
(62)	3.667117868688422
(35)	v28
(36)	cos(35)
(0)	-1.760633485559545
(2)	sin(0)
(4)	- (2)(0)
(34)	v3
(37)	* (4)(34)
(46)	+ (36)(37)
(9)	v19
(15)	v4
(16)	cos(15)
(17)	abs(16)
(54)	+ (9)(17)
(44)	v26
(77)	-0.9892918055544762
(79)	/ (44)(77)
(90)	- (79)(54)
(92)	+ (46)(90)
(99)	/ (92)(62)
(139)	- (97)(99)
