(6)	v26
(8)	v19
(0)	-11.963535747667402
(1)	v8
(2)	+ (0)(1)
(9)	+ (6)(2)
(18)	+ (8)(9)
(25)	+ (6)(18)
(38)	6.499775280052443
(47)	sin(38)
(62)	* (25)(47)
(4)	3.3656810148409875
(5)	v22
(11)	- (5)(4)
(3)	v25
(13)	+ (5)(3)
(58)	+ (3)(13)
(64)	- (58)(18)
(67)	/ (11)(64)
(28)	v0
(40)	v17
(53)	cos(40)
(88)	- (53)(28)
(98)	* (67)(88)
(99)	+ (98)(62)
(10)	v23
(7)	abs(6)
(12)	- (7)(8)
(22)	- (12)(11)
(23)	+ (22)(4)
(15)	abs(7)
(16)	v2
(26)	+ (16)(15)
(29)	+ (26)(23)
(49)	+ (10)(29)
(27)	v18
(39)	+ (27)(29)
(71)	abs(39)
(108)	/ (49)(71)
(124)	e(108)
(139)	+ (124)(99)
