(37)	-2.1396398597695026
(43)	v20
(45)	v18
(58)	- (43)(45)
(35)	v0
(21)	v26
(48)	abs(21)
(60)	- (35)(48)
(65)	+ (58)(60)
(96)	/ (65)(37)
(7)	v7
(0)	2.8344838396777483
(13)	tan(7)
(14)	e(13)
(15)	+ (14)(0)
(16)	/ (7)(15)
(1)	v15
(2)	e(1)
(4)	v20
(5)	abs(4)
(6)	/ (2)(5)
(11)	sin(6)
(12)	cos(11)
(42)	e(12)
(39)	v5
(44)	cos(39)
(49)	/ (44)(42)
(59)	+ (16)(49)
(31)	-3.634830011245679
(26)	v15
(8)	/ (4)(5)
(10)	e(8)
(24)	v8
(29)	* (10)(24)
(41)	- (29)(26)
(68)	/ (41)(31)
(98)	- (59)(68)
(100)	- (98)(96)
(51)	18.523137200518356
(86)	cos(51)
(106)	sin(86)
(139)	* (106)(100)
