(1)	v26
(3)	cos(1)
(2)	v3
(7)	sin(2)
(12)	* (7)(3)
(32)	v9
(36)	/ (32)(12)
(41)	e(36)
(74)	cos(41)
(77)	sin(74)
(17)	abs(7)
(21)	v10
(25)	- (21)(21)
(47)	-4.0126399903324295
(48)	- (25)(47)
(0)	1.474723369041861
(4)	- (0)(2)
(19)	sin(4)
(22)	sin(19)
(20)	-6.115263680286427
(31)	9.338876095112134
(44)	/ (20)(31)
(59)	* (44)(22)
(66)	- (48)(59)
(78)	- (66)(17)
(98)	- (78)(77)
(106)	abs(98)
(73)	v26
(64)	v7
(85)	- (31)(64)
(109)	+ (73)(85)
(114)	/ (106)(109)
(29)	v0
(43)	sin(29)
(6)	v8
(10)	v25
(24)	+ (10)(6)
(26)	v0
(27)	+ (26)(24)
(71)	- (0)(27)
(39)	v18
(5)	v5
(9)	cos(5)
(23)	- (9)(12)
(65)	abs(3)
(84)	+ (65)(23)
(93)	- (39)(84)
(128)	+ (93)(71)
(138)	- (43)(128)
(139)	* (114)(138)
