(0)	v16
(1)	v3
(3)	+ (1)(1)
(5)	v19
(9)	+ (3)(5)
(11)	+ (9)(0)
(23)	-1.5501355338402973
(26)	/ (11)(23)
(13)	v0
(7)	1.5600950598084893
(8)	cos(0)
(10)	/ (8)(1)
(12)	cos(10)
(18)	/ (7)(12)
(20)	v15
(29)	/ (20)(18)
(41)	- (29)(13)
(57)	+ (26)(41)
(47)	v25
(58)	- (47)(3)
(72)	- (58)(57)
(97)	4.1103166375610485
(37)	cos(1)
(39)	-5.057203230884323
(69)	+ (39)(37)
(4)	v6
(14)	e(4)
(61)	* (14)(13)
(85)	cos(61)
(30)	0.9422585073512977
(88)	cos(30)
(100)	+ (85)(88)
(108)	+ (100)(69)
(113)	/ (108)(97)
(125)	e(113)
(139)	* (72)(125)
