(13)	-0.8069565358794577
(45)	e(13)
(1)	v15
(36)	sin(1)
(55)	-2.6372830939663388
(47)	v13
(7)	v18
(11)	+ (7)(1)
(2)	-12.17489154294447
(3)	cos(2)
(10)	tan(3)
(17)	/ (10)(13)
(5)	e(1)
(8)	v1
(15)	v12
(29)	tan(15)
(30)	- (29)(8)
(31)	- (30)(5)
(32)	cos(31)
(14)	v26
(48)	cos(14)
(57)	- (32)(48)
(60)	- (17)(57)
(73)	+ (11)(60)
(94)	+ (47)(73)
(101)	/ (94)(55)
(117)	- (36)(101)
(41)	v27
(38)	5.178295891281888
(42)	tan(38)
(28)	sin(15)
(35)	cos(1)
(92)	- (28)(35)
(108)	/ (92)(42)
(121)	+ (41)(108)
(133)	+ (121)(117)
(139)	* (45)(133)
