(0)	v7
(12)	14.43674580907394
(2)	v24
(11)	sin(2)
(16)	v6
(18)	* (11)(16)
(23)	7.354997117033058
(24)	+ (18)(23)
(32)	/ (24)(12)
(36)	* (32)(0)
(13)	cos(11)
(20)	e(13)
(1)	v2
(4)	sin(1)
(26)	abs(4)
(39)	- (18)(26)
(42)	sin(39)
(57)	- (2)(42)
(58)	/ (57)(20)
(8)	v24
(9)	* (8)(8)
(14)	cos(9)
(5)	v28
(6)	abs(5)
(7)	- (6)(0)
(15)	- (8)(7)
(22)	abs(15)
(25)	+ (6)(9)
(37)	+ (20)(25)
(52)	* (22)(37)
(17)	3.4124510592093813
(38)	/ (25)(17)
(43)	* (26)(38)
(48)	cos(36)
(54)	+ (48)(43)
(60)	+ (54)(52)
(80)	/ (14)(60)
(106)	- (58)(80)
(111)	sin(106)
(139)	+ (36)(111)
