(0)	v19
(14)	v24
(20)	- (14)(0)
(27)	-2.0963406671433127
(38)	- (20)(27)
(40)	2.9431739277851676
(44)	/ (38)(40)
(21)	2.329281509513308
(2)	v22
(3)	cos(2)
(9)	abs(0)
(10)	+ (3)(9)
(13)	* (0)(10)
(30)	-7.382947326247891
(46)	+ (30)(13)
(72)	/ (46)(21)
(115)	+ (72)(44)
(23)	sin(9)
(48)	v19
(52)	+ (23)(48)
(19)	-14.503091841318763
(49)	v8
(53)	+ (49)(19)
(67)	- (52)(53)
(1)	v15
(4)	abs(1)
(22)	6.635683169246647
(25)	+ (22)(4)
(11)	v4
(17)	0.632097408519698
(29)	/ (17)(11)
(42)	cos(29)
(55)	/ (42)(25)
(68)	e(55)
(75)	tan(68)
(94)	abs(75)
(106)	/ (94)(67)
(24)	abs(9)
(34)	v24
(58)	+ (34)(24)
(65)	cos(58)
(5)	v3
(6)	* (5)(5)
(15)	cos(6)
(47)	* (21)(40)
(99)	+ (47)(15)
(110)	- (99)(65)
(130)	* (110)(106)
(134)	e(130)
(139)	+ (134)(115)
