(0)	-1.8962872708655638
(5)	e(0)
(6)	v2
(7)	v11
(16)	- (6)(7)
(3)	v4
(4)	abs(3)
(8)	sin(4)
(11)	* (8)(5)
(1)	v24
(9)	+ (4)(1)
(20)	v20
(24)	* (9)(20)
(34)	cos(24)
(40)	+ (11)(34)
(42)	v18
(48)	+ (40)(42)
(13)	-1.7938374381327868
(23)	* (13)(8)
(29)	- (1)(7)
(61)	- (29)(23)
(66)	- (61)(48)
(74)	+ (16)(66)
(58)	1.6905090498844508
(2)	v12
(10)	+ (0)(2)
(12)	+ (10)(11)
(14)	v8
(17)	* (14)(12)
(28)	v16
(30)	- (28)(17)
(36)	v7
(72)	+ (36)(30)
(77)	* (58)(72)
(80)	+ (77)(74)
(83)	+ (74)(80)
(139)	* (5)(83)
