(55)	3.1239181593279994
(32)	v2
(0)	v7
(2)	/ (0)(0)
(7)	cos(2)
(1)	v20
(9)	v28
(10)	- (1)(9)
(26)	/ (7)(10)
(16)	v0
(19)	sin(16)
(31)	sin(19)
(34)	/ (31)(26)
(3)	v24
(8)	+ (0)(3)
(50)	v25
(62)	+ (8)(50)
(69)	+ (34)(62)
(75)	+ (32)(69)
(119)	/ (75)(55)
(42)	0.14733769306698363
(6)	v13
(14)	cos(6)
(18)	* (14)(7)
(17)	v16
(28)	sin(17)
(39)	tan(28)
(41)	* (18)(39)
(53)	e(41)
(63)	* (53)(42)
(43)	v16
(24)	4.0715613562862
(61)	v11
(66)	* (61)(24)
(58)	abs(39)
(67)	* (17)(58)
(74)	- (66)(67)
(123)	- (43)(74)
(138)	* (63)(123)
(139)	+ (138)(119)
