(17)	v7
(23)	11.849915020216102
(21)	6.913393101659274
(2)	v19
(3)	e(2)
(9)	v2
(12)	e(9)
(22)	+ (3)(12)
(33)	/ (22)(21)
(38)	- (33)(23)
(36)	-4.172607061919468
(28)	v18
(40)	abs(28)
(45)	+ (40)(36)
(47)	/ (45)(38)
(51)	+ (47)(17)
(60)	-2.168272729353049
(30)	-5.884852525710475
(74)	cos(30)
(6)	v24
(8)	sin(6)
(29)	tan(8)
(1)	14.397563313499987
(4)	* (1)(3)
(15)	/ (2)(4)
(37)	/ (21)(8)
(49)	/ (45)(37)
(55)	sin(49)
(61)	+ (15)(55)
(64)	+ (61)(29)
(10)	v28
(13)	- (12)(10)
(11)	v19
(24)	- (10)(11)
(32)	* (13)(24)
(69)	cos(32)
(90)	- (69)(64)
(93)	* (90)(74)
(123)	+ (93)(17)
(136)	/ (123)(60)
(139)	+ (136)(51)
