(0)	v7
(1)	v24
(10)	sin(1)
(19)	+ (10)(0)
(18)	-2.6041721090956607
(26)	tan(18)
(76)	* (26)(19)
(5)	5.145210237726925
(15)	v13
(24)	/ (15)(5)
(6)	-2.277553577034638
(2)	* (1)(0)
(27)	e(2)
(28)	* (27)(5)
(39)	+ (28)(6)
(4)	v27
(12)	+ (4)(2)
(32)	/ (12)(18)
(11)	v4
(44)	* (11)(12)
(52)	- (32)(44)
(7)	e(1)
(8)	/ (1)(2)
(9)	/ (7)(8)
(34)	v7
(38)	- (34)(9)
(42)	+ (19)(38)
(40)	v17
(50)	abs(40)
(64)	- (50)(42)
(75)	* (52)(64)
(48)	/ (24)(12)
(77)	cos(48)
(84)	+ (77)(75)
(53)	v22
(88)	+ (53)(0)
(106)	+ (88)(84)
(128)	/ (106)(39)
(134)	- (24)(128)
(139)	+ (76)(134)
