(72)	12.93942106478005
(81)	sin(72)
(1)	v24
(9)	v8
(14)	+ (9)(1)
(0)	v19
(4)	3.5392202143038674
(6)	sin(4)
(17)	v28
(20)	- (6)(17)
(35)	-1.750361550997276
(45)	/ (20)(35)
(63)	- (45)(0)
(12)	v26
(29)	cos(12)
(67)	cos(29)
(98)	/ (63)(67)
(5)	v18
(7)	- (0)(5)
(39)	cos(7)
(53)	+ (39)(45)
(57)	abs(53)
(49)	v11
(2)	sin(0)
(11)	* (2)(6)
(24)	* (4)(11)
(25)	cos(24)
(47)	cos(25)
(48)	v16
(61)	+ (48)(47)
(73)	- (49)(61)
(92)	+ (57)(73)
(33)	v26
(52)	- (0)(33)
(43)	v3
(60)	cos(43)
(82)	- (60)(52)
(103)	cos(82)
(115)	* (92)(103)
(116)	+ (115)(98)
(127)	- (14)(116)
(139)	* (127)(81)
