(27)	v24
(0)	v26
(2)	cos(0)
(5)	+ (2)(0)
(3)	v20
(24)	abs(3)
(35)	- (5)(24)
(38)	4.247134375891392
(43)	+ (38)(35)
(65)	/ (27)(43)
(8)	sin(3)
(17)	e(8)
(44)	v21
(9)	v27
(13)	e(9)
(16)	-5.351159252702388
(49)	- (13)(16)
(60)	- (44)(49)
(64)	/ (17)(60)
(15)	v19
(19)	e(16)
(6)	v22
(21)	-15.634210514433908
(23)	cos(21)
(25)	* (6)(23)
(28)	+ (25)(19)
(34)	+ (15)(28)
(7)	v2
(4)	tan(2)
(12)	v8
(20)	- (12)(4)
(29)	+ (7)(20)
(10)	cos(9)
(18)	abs(10)
(22)	cos(18)
(33)	* (22)(16)
(45)	/ (29)(33)
(56)	- (45)(34)
(66)	cos(0)
(79)	* (56)(66)
(97)	+ (64)(79)
(139)	- (65)(97)
