(0)	v22
(3)	v24
(5)	- (3)(0)
(2)	-3.819554356820266
(7)	e(3)
(10)	cos(7)
(16)	- (10)(2)
(52)	/ (5)(16)
(64)	v19
(71)	+ (52)(64)
(69)	v8
(24)	-4.841149008908655
(33)	cos(24)
(26)	v27
(31)	cos(26)
(51)	e(31)
(59)	* (33)(51)
(75)	tan(59)
(79)	* (75)(69)
(9)	18.486194432246265
(1)	v13
(14)	* (3)(1)
(12)	12.224511568899075
(13)	v0
(19)	+ (12)(13)
(28)	/ (14)(19)
(39)	+ (31)(28)
(66)	+ (9)(39)
(68)	+ (66)(64)
(86)	sin(68)
(17)	v19
(18)	/ (17)(9)
(4)	-3.7414342785227532
(8)	+ (4)(0)
(25)	abs(8)
(35)	-19.42646586769516
(11)	e(9)
(15)	tan(11)
(37)	+ (15)(19)
(53)	/ (35)(37)
(60)	+ (53)(25)
(88)	cos(60)
(90)	- (88)(18)
(107)	abs(90)
(110)	* (107)(86)
(123)	- (79)(110)
(139)	+ (123)(71)
