(40)	3.6663870182460734
(5)	v24
(36)	v25
(47)	+ (36)(5)
(51)	/ (47)(40)
(2)	3.3001591682972204
(0)	v5
(3)	v27
(4)	* (3)(0)
(10)	v1
(12)	+ (4)(10)
(14)	/ (12)(2)
(27)	v3
(32)	- (14)(27)
(37)	sin(32)
(8)	v13
(1)	4.028018456699538
(13)	- (4)(10)
(15)	- (13)(1)
(29)	- (8)(15)
(31)	sin(5)
(33)	/ (31)(29)
(46)	e(33)
(23)	v0
(20)	2.148056405190548
(24)	v2
(41)	/ (24)(20)
(49)	cos(41)
(52)	+ (23)(49)
(77)	- (46)(52)
(61)	-19.65965560515308
(78)	sin(61)
(85)	* (78)(77)
(101)	+ (85)(37)
(139)	+ (51)(101)
