(6)	v0
(2)	v1
(3)	2.372524633859534
(4)	/ (2)(3)
(7)	v3
(12)	- (7)(4)
(20)	sin(12)
(23)	- (6)(20)
(11)	abs(4)
(17)	3.6186907273993825
(19)	/ (11)(17)
(32)	abs(19)
(38)	+ (32)(23)
(18)	e(11)
(5)	-1.3653334971329123
(10)	sin(5)
(9)	9.287584351589704
(30)	- (9)(23)
(33)	* (30)(10)
(37)	cos(33)
(50)	v13
(72)	- (37)(50)
(76)	* (72)(10)
(79)	- (76)(18)
(43)	e(4)
(51)	abs(2)
(61)	* (43)(51)
(63)	cos(61)
(29)	v18
(42)	e(29)
(44)	- (10)(42)
(47)	v23
(56)	- (6)(47)
(75)	/ (56)(44)
(83)	* (75)(63)
(119)	* (83)(79)
(139)	- (38)(119)
