(0)	1.8984230338668198
(1)	8.774870525539768
(2)	* (0)(1)
(6)	sin(2)
(8)	v3
(13)	sin(8)
(17)	* (6)(13)
(22)	v23
(47)	+ (22)(17)
(16)	9.888672309655892
(23)	v9
(25)	- (23)(16)
(38)	sin(25)
(11)	v27
(12)	+ (8)(11)
(4)	v24
(7)	abs(4)
(14)	v0
(26)	+ (7)(14)
(28)	abs(26)
(32)	* (12)(28)
(41)	e(32)
(79)	/ (38)(41)
(105)	e(79)
(60)	+ (14)(0)
(5)	v23
(35)	2.296613135502753
(30)	-4.239662399437298
(10)	v1
(36)	cos(13)
(37)	* (36)(10)
(59)	+ (30)(37)
(69)	/ (59)(35)
(110)	- (69)(5)
(122)	+ (60)(110)
(131)	/ (122)(105)
(139)	+ (47)(131)
