(2)	v23
(6)	/ (2)(2)
(15)	tan(6)
(18)	-19.78289809241927
(66)	cos(18)
(79)	/ (66)(15)
(24)	v14
(12)	v6
(0)	-13.652856228293704
(5)	cos(0)
(8)	/ (6)(5)
(17)	/ (8)(12)
(26)	* (12)(17)
(30)	abs(26)
(48)	/ (24)(30)
(4)	v9
(9)	- (2)(8)
(14)	- (9)(4)
(19)	sin(12)
(23)	+ (14)(19)
(61)	+ (23)(12)
(22)	sin(9)
(29)	e(22)
(25)	v10
(45)	cos(25)
(59)	* (29)(45)
(35)	cos(17)
(36)	v15
(54)	+ (35)(36)
(69)	cos(54)
(72)	+ (59)(69)
(73)	+ (61)(72)
(81)	3.7668956316053013
(99)	/ (73)(81)
(107)	+ (99)(48)
(139)	+ (79)(107)
