(4)	v9
(6)	v1
(11)	/ (4)(6)
(29)	abs(11)
(53)	-6.030261061873237
(69)	- (29)(53)
(86)	v7
(93)	/ (86)(69)
(19)	* (6)(4)
(21)	v23
(31)	+ (21)(19)
(1)	16.473489448681136
(2)	cos(1)
(7)	* (2)(4)
(0)	v14
(3)	- (1)(0)
(5)	* (3)(2)
(8)	v27
(10)	/ (8)(5)
(12)	v6
(14)	- (10)(12)
(16)	- (0)(14)
(20)	+ (7)(16)
(38)	-0.22429555256257672
(45)	/ (20)(38)
(56)	- (45)(31)
(27)	v22
(32)	+ (27)(6)
(34)	* (32)(4)
(35)	- (31)(34)
(42)	v12
(59)	- (35)(42)
(9)	* (4)(7)
(23)	+ (4)(6)
(24)	/ (9)(23)
(25)	cos(20)
(46)	tan(25)
(52)	* (46)(24)
(60)	+ (52)(12)
(64)	- (60)(59)
(73)	+ (64)(56)
(66)	-2.2528123834260754
(84)	e(66)
(95)	* (73)(84)
(139)	- (93)(95)
