(2)	v8
(0)	-3.993855728460286
(3)	tan(0)
(4)	- (3)(2)
(9)	v5
(19)	+ (4)(9)
(24)	13.081324044331218
(38)	+ (19)(24)
(12)	v9
(23)	v17
(25)	- (12)(23)
(10)	v14
(13)	/ (10)(12)
(22)	* (13)(12)
(32)	v26
(37)	+ (22)(32)
(44)	2.9613001319282297
(48)	- (37)(44)
(58)	- (48)(25)
(28)	4.534756176091118
(15)	v2
(16)	- (3)(3)
(17)	+ (16)(15)
(26)	e(17)
(31)	v10
(54)	- (31)(26)
(69)	sin(54)
(72)	+ (28)(69)
(77)	* (58)(72)
(90)	/ (77)(38)
(61)	-6.124618224441342
(64)	v23
(34)	v10
(75)	v28
(84)	* (75)(34)
(86)	- (84)(64)
(96)	/ (86)(61)
(121)	e(96)
(139)	+ (121)(90)
