(17)	6.307246461759149
(75)	v18
(85)	/ (75)(17)
(103)	cos(85)
(89)	0.35714325208856224
(0)	v11
(1)	-10.873152919160258
(2)	tan(1)
(5)	- (2)(0)
(7)	cos(5)
(21)	v14
(28)	v17
(33)	+ (28)(21)
(63)	- (7)(33)
(12)	tan(7)
(13)	abs(12)
(14)	+ (13)(12)
(4)	v20
(20)	abs(4)
(31)	- (20)(14)
(43)	+ (31)(2)
(34)	v24
(9)	v28
(29)	v26
(36)	+ (9)(29)
(52)	+ (36)(2)
(55)	- (52)(34)
(65)	v23
(70)	+ (65)(55)
(97)	/ (70)(43)
(98)	e(97)
(110)	v9
(111)	+ (110)(98)
(115)	+ (111)(63)
(132)	* (115)(89)
(139)	- (103)(132)
