(1)	v17
(42)	v3
(54)	v7
(76)	- (54)(42)
(24)	v20
(26)	13.164958364319943
(44)	+ (24)(26)
(48)	-2.85546802395881
(8)	v7
(9)	v28
(51)	- (9)(8)
(57)	- (48)(51)
(12)	v6
(17)	/ (12)(8)
(64)	cos(17)
(81)	+ (64)(57)
(82)	/ (81)(44)
(90)	* (82)(76)
(105)	- (1)(90)
(36)	3.7234018633605572
(50)	v1
(70)	v26
(5)	v10
(18)	1.429091836629361
(20)	+ (18)(5)
(0)	v16
(2)	v20
(3)	+ (2)(0)
(10)	v28
(25)	- (10)(3)
(27)	* (20)(25)
(23)	v21
(21)	tan(0)
(31)	cos(21)
(32)	* (24)(18)
(33)	+ (31)(32)
(34)	- (33)(10)
(43)	- (34)(23)
(45)	- (43)(27)
(11)	-9.945608885387106
(47)	* (10)(11)
(52)	* (1)(44)
(55)	+ (47)(52)
(56)	- (45)(55)
(69)	-6.491711702435685
(71)	sin(69)
(74)	* (56)(71)
(88)	+ (74)(70)
(100)	- (88)(50)
(110)	/ (100)(36)
(139)	- (105)(110)
