(6)	v17
(7)	v26
(12)	- (6)(7)
(40)	-3.204873028922318
(28)	v15
(53)	sin(28)
(54)	- (53)(40)
(55)	/ (12)(54)
(0)	v7
(21)	v28
(27)	+ (21)(0)
(16)	v1
(33)	v19
(36)	- (33)(16)
(9)	-1.875481314096902
(4)	sin(0)
(10)	-0.5554363292209246
(11)	* (4)(10)
(17)	abs(11)
(47)	- (9)(17)
(48)	/ (36)(47)
(56)	+ (48)(27)
(71)	0.3657808183169138
(76)	* (71)(56)
(1)	v21
(2)	/ (1)(0)
(3)	* (1)(2)
(19)	* (4)(3)
(8)	v8
(13)	- (7)(8)
(15)	-9.345579108014244
(20)	- (15)(13)
(41)	- (20)(19)
(81)	-13.33367719380667
(99)	/ (81)(41)
(115)	* (76)(99)
(139)	+ (55)(115)
