(1)	v15
(0)	0.644804382359979
(2)	v27
(3)	- (2)(0)
(13)	-2.426998044512402
(33)	+ (13)(3)
(35)	- (33)(1)
(24)	v1
(6)	v19
(38)	sin(6)
(42)	- (24)(38)
(49)	/ (42)(35)
(15)	-12.198085029035767
(19)	sin(15)
(8)	v17
(28)	v26
(41)	- (8)(28)
(46)	* (41)(19)
(39)	v7
(18)	3.4032247528433537
(7)	+ (3)(1)
(10)	v6
(14)	/ (10)(7)
(22)	sin(14)
(43)	- (18)(22)
(60)	/ (39)(43)
(67)	+ (46)(60)
(83)	- (67)(49)
(50)	9.021256452917427
(63)	tan(50)
(23)	8.721018732197393
(27)	v21
(29)	/ (23)(27)
(11)	v25
(12)	e(11)
(16)	v5
(34)	+ (12)(16)
(36)	+ (29)(34)
(58)	/ (29)(36)
(66)	v28
(73)	* (66)(58)
(98)	* (73)(63)
(139)	- (83)(98)
